-20 0.00246214 0.701503 1 200
-19.9 0.00248343 0.702477 1 200
-19.8 0.00250472 0.703452 1 200
-19.7 0.00252638 0.704431 1 200
-19.6 0.00254804 0.705411 1 200
-19.5 0.00257008 0.706396 1 200
-19.4 0.00259213 0.707381 1 200
-19.3 0.00261457 0.708371 1 200
-19.2 0.002637 0.709361 1 200
-19.1 0.00265984 0.710357 1 200
-19 0.00268267 0.711353 1 200
-18.9 0.00270591 0.712354 1 200
-18.8 0.00272915 0.713355 1 200
-18.7 0.0027528 0.714361 1 200
-18.6 0.00277645 0.715368 1 200
-18.5 0.00280052 0.71638 1 200
-18.4 0.00282459 0.717392 1 200
-18.3 0.00284908 0.718409 1 200
-18.2 0.00287358 0.719427 1 200
-18.1 0.00289851 0.72045 1 200
-18 0.00292345 0.721473 1 200
-17.9 0.00294882 0.722502 1 200
-17.8 0.0029742 0.72353 1 200
-17.7 0.00300002 0.724565 1 200
-17.6 0.00302585 0.725599 1 200
-17.5 0.00305213 0.726639 1 200
-17.4 0.00307842 0.727679 1 200
-17.3 0.00310517 0.728725 1 200
-17.2 0.00313193 0.729771 1 200
-17.1 0.00315916 0.730822 1 200
-17 0.00318639 0.731874 1 200
-16.9 0.0032141 0.732931 1 200
-16.8 0.00324181 0.733989 1 200
-16.7 0.00327002 0.735052 1 200
-16.6 0.00329823 0.736116 1 200
-16.5 0.00332694 0.737185 1 200
-16.4 0.00335565 0.738254 1 200
-16.3 0.00338488 0.739329 1 200
-16.2 0.0034141 0.740405 1 200
-16.1 0.00344385 0.741486 1 200
-16 0.00347359 0.742567 1 200
-15.9 0.00350387 0.743654 1 200
-15.8 0.00353414 0.744742 1 200
-15.7 0.00356496 0.745835 1 200
-15.6 0.00359578 0.746929 1 200
-15.5 0.00362714 0.748028 1 200
-15.4 0.00365851 0.749128 1 200
-15.3 0.00369044 0.750233 1 200
-15.2 0.00372237 0.751339 1 200
-15.1 0.00375487 0.752451 1 200
-15 0.00378737 0.753563 1 200
-14.9 0.00382045 0.754682 1 200
-14.8 0.00385353 0.7558 1 200
-14.7 0.0038872 0.756925 1 200
-14.6 0.00392087 0.75805 1 200
-14.5 0.00395515 0.759181 1 200
-14.4 0.00398943 0.760312 1 200
-14.3 0.00402432 0.761449 1 200
-14.2 0.00405921 0.762587 1 200
-14.1 0.00409472 0.763731 1 200
-14 0.00413024 0.764875 1 200
-13.9 0.00416639 0.766026 1 200
-13.8 0.00420255 0.767177 1 200
-13.7 0.00423935 0.768334 1 200
-13.6 0.00427615 0.769491 1 200
-13.5 0.00431362 0.770655 1 200
-13.4 0.00435108 0.771819 1 200
-13.3 0.00438922 0.77299 1 200
-13.2 0.00442735 0.77416 1 200
-13.1 0.00446617 0.775338 1 200
-13 0.004505 0.776515 1 200
-12.9 0.00454452 0.777699 1 200
-12.8 0.00458404 0.778884 1 200
-12.7 0.00462427 0.780075 1 200
-12.6 0.0046645 0.781266 1 200
-12.5 0.00470545 0.782464 1 200
-12.4 0.00474641 0.783662 1 200
-12.3 0.0047881 0.784867 1 200
-12.2 0.0048298 0.786072 1 200
-12.1 0.00487224 0.787284 1 200
-12 0.00491469 0.788496 1 200
-11.9 0.0049579 0.789715 1 200
-11.8 0.00500111 0.790934 1 200
-11.7 0.00504509 0.792161 1 200
-11.6 0.00508908 0.793387 1 200
-11.5 0.00513387 0.794621 1 200
-11.4 0.00517865 0.795854 1 200
-11.3 0.00522424 0.797095 1 200
-11.2 0.00526983 0.798336 1 200
-11.1 0.00531625 0.799584 1 200
-11 0.00536266 0.800832 1 200
-10.9 0.00540992 0.802087 1 200
-10.8 0.00545717 0.803343 1 200
-10.7 0.00550528 0.804606 1 200
-10.6 0.00555339 0.805869 1 200
-10.5 0.00560237 0.807139 1 200
-10.4 0.00565135 0.80841 1 200
-10.3 0.00570121 0.809688 1 200
-10.2 0.00575108 0.810966 1 200
-10.1 0.00580185 0.812252 1 200
-10 0.00585262 0.813537 1 200
-9.9 0.00590431 0.814831 1 200
-9.8 0.00595599 0.816124 1 200
-9.7 0.00600862 0.817425 1 200
-9.6 0.00606125 0.818726 1 200
-9.5 0.00611483 0.820035 1 200
-9.4 0.00616841 0.821344 1 200
-9.3 0.00622296 0.822661 1 200
-9.2 0.00627751 0.823977 1 200
-9.1 0.00633306 0.825302 1 200
-9 0.0063886 0.826627 1 200
-8.9 0.00644515 0.82796 1 200
-8.8 0.0065017 0.829292 1 200
-8.7 0.00655928 0.830633 1 200
-8.6 0.00661686 0.831974 1 200
-8.5 0.00667549 0.833323 1 200
-8.4 0.00673412 0.834672 1 200
-8.3 0.00679381 0.836029 1 200
-8.2 0.0068535 0.837386 1 200
-8.1 0.00691428 0.838751 1 200
-8 0.00697506 0.840116 1 200
-7.9 0.00703695 0.84149 1 200
-7.8 0.00709884 0.842864 1 200
-7.7 0.00716185 0.844246 1 200
-7.6 0.00722487 0.845628 1 200
-7.5 0.00728903 0.847018 1 200
-7.4 0.00735319 0.848409 1 200
-7.3 0.00741853 0.849808 1 200
-7.2 0.00748386 0.851207 1 200
-7.1 0.00755039 0.852615 1 200
-7 0.00761691 0.854023 1 200
-6.9 0.00768465 0.855439 1 200
-6.8 0.0077524 0.856855 1 200
-6.7 0.00782137 0.85828 1 200
-6.6 0.00789035 0.859705 1 200
-6.5 0.00796059 0.861139 1 200
-6.4 0.00803083 0.862573 1 200
-6.3 0.00810235 0.864016 1 200
-6.2 0.00817387 0.865459 1 200
-6.1 0.00824671 0.86691 1 200
-6 0.00831954 0.868362 1 200
-5.9 0.0083937 0.869823 1 200
-5.8 0.00846787 0.871284 1 200
-5.7 0.00854339 0.872754 1 200
-5.6 0.00861891 0.874223 1 200
-5.5 0.00869582 0.875702 1 200
-5.4 0.00877272 0.877181 1 200
-5.3 0.00885104 0.87867 1 200
-5.2 0.00892935 0.880158 1 200
-5.1 0.00900911 0.881656 1 200
-5 0.00908886 0.883153 1 200
-4.9 0.00917007 0.88466 1 200
-4.8 0.00925129 0.886167 1 200
-4.7 0.009334 0.887684 1 200
-4.6 0.0094167 0.8892 1 200
-4.5 0.00950093 0.890726 1 200
-4.4 0.00958516 0.892252 1 200
-4.3 0.00967093 0.893788 1 200
-4.2 0.0097567 0.895323 1 200
-4.1 0.00984405 0.896869 1 200
-4 0.0099314 0.898414 1 200
-3.9 0.0100204 0.899969 1 200
-3.8 0.0101093 0.901524 1 200
-3.7 0.0101999 0.903089 1 200
-3.6 0.0102905 0.904654 1 200
-3.5 0.0103828 0.906229 1 200
-3.4 0.010475 0.907804 1 200
-3.3 0.010569 0.909389 1 200
-3.2 0.010663 0.910974 1 200
-3.1 0.0107587 0.912569 1 200
-3 0.0108543 0.914164 1 200
-2.9 0.0109518 0.91577 1 200
-2.8 0.0110493 0.917375 1 200
-2.7 0.0111485 0.91899 1 200
-2.6 0.0112478 0.920606 1 200
-2.5 0.0113489 0.922232 1 200
-2.4 0.01145 0.923858 1 200
-2.3 0.0115529 0.925494 1 200
-2.2 0.0116559 0.92713 1 200
-2.1 0.0117607 0.928777 1 200
-2 0.0118656 0.930424 1 200
-1.9 0.0119724 0.932081 1 200
-1.8 0.0120792 0.933739 1 200
-1.7 0.0121879 0.935407 1 200
-1.6 0.0122967 0.937075 1 200
-1.5 0.0124075 0.938754 1 200
-1.4 0.0125183 0.940433 1 200
-1.3 0.0126311 0.942123 1 200
-1.2 0.0127439 0.943812 1 200
-1.1 0.0128589 0.945513 1 200
-1 0.0129738 0.947214 1 200
-0.9 0.0130908 0.948926 1 200
-0.8 0.0132079 0.950637 1 200
-0.7 0.0133271 0.95236 1 200
-0.6 0.0134463 0.954083 1 200
-0.5 0.0135678 0.955817 1 200
-0.4 0.0136892 0.957551 1 200
-0.3 0.0138129 0.959296 1 200
-0.2 0.0139366 0.961042 1 200
-0.1 0.0140626 0.962799 1 200
1.52933e-14 0.0141885 0.964555 1 200
0.1 0.0143169 0.966324 0.995025 200
0.2 0.0144452 0.968092 0.99005 200
0.3 0.0145759 0.969872 0.985124 200
0.4 0.0147066 0.971651 0.980199 200
0.5 0.0148397 0.973443 0.975322 200
0.6 0.0149729 0.975234 0.970446 200
0.7 0.0151085 0.977038 0.965617 200
0.8 0.0152441 0.978841 0.960789 200
0.9 0.0153822 0.980656 0.956009 200
1 0.0155203 0.982471 0.951229 200
1.1 0.0156611 0.984298 0.946497 200
1.2 0.0158018 0.986125 0.941765 200
1.3 0.0159451 0.987964 0.937079 200
1.4 0.0160884 0.989803 0.932394 200
1.5 0.0162344 0.991654 0.927755 200
1.6 0.0163804 0.993505 0.923116 200
1.7 0.0165291 0.995369 0.918524 200
1.8 0.0166778 0.997232 0.913931 200
1.9 0.0168293 0.999108 0.909384 200
2 0.0169808 1.00098 0.904837 200
2.1 0.0171351 1.00287 0.900336 200
2.2 0.0172894 1.00476 0.895834 200
2.3 0.0174466 1.00666 0.891377 200
2.4 0.0176038 1.00856 0.88692 200
2.5 0.0177639 1.01047 0.882508 200
2.6 0.017924 1.01239 0.878095 200
2.7 0.0180872 1.01431 0.873727 200
2.8 0.0182503 1.01624 0.869358 200
2.9 0.0184164 1.01818 0.865033 200
3 0.0185826 1.02012 0.860708 200
3.1 0.0187519 1.02207 0.856426 200
3.2 0.0189211 1.02402 0.852144 200
3.3 0.0190936 1.02598 0.847904 200
3.4 0.019266 1.02795 0.843665 200
3.5 0.0194417 1.02993 0.839468 200
3.6 0.0196173 1.0319 0.83527 200
3.7 0.0197962 1.0339 0.831115 200
3.8 0.0199752 1.03589 0.826959 200
3.9 0.0201575 1.03789 0.822845 200
4 0.0203398 1.03989 0.818731 200
4.1 0.0205255 1.04191 0.814657 200
4.2 0.0207112 1.04393 0.810584 200
4.3 0.0209004 1.04596 0.806552 200
4.4 0.0210896 1.04799 0.802519 200
4.5 0.0212823 1.05004 0.798526 200
4.6 0.021475 1.05208 0.794534 200
4.7 0.0216713 1.05414 0.790581 200
4.8 0.0218677 1.0562 0.786628 200
4.9 0.0220677 1.05827 0.782714 200
5 0.0222677 1.06034 0.778801 200
5.1 0.0224715 1.06243 0.774926 200
5.2 0.0226753 1.06451 0.771052 200
5.3 0.0228829 1.06661 0.767216 200
5.4 0.0230905 1.06871 0.763379 200
5.5 0.0233019 1.07083 0.759582 200
5.6 0.0235134 1.07294 0.755784 200
5.7 0.0237289 1.07507 0.752024 200
5.8 0.0239444 1.0772 0.748264 200
5.9 0.0241639 1.07934 0.744541 200
6 0.0243834 1.08148 0.740818 200
6.1 0.024607 1.08364 0.737133 200
6.2 0.0248306 1.0858 0.733447 200
6.3 0.0250585 1.08797 0.729798 200
6.4 0.0252863 1.09014 0.726149 200
6.5 0.0255184 1.09233 0.722536 200
6.6 0.0257505 1.09451 0.718924 200
6.7 0.025987 1.09671 0.715347 200
6.8 0.0262235 1.09891 0.71177 200
6.9 0.0264644 1.10113 0.708229 200
7 0.0267053 1.10335 0.704688 200
7.1 0.0269508 1.10558 0.701182 200
7.2 0.0271962 1.10781 0.697676 200
7.3 0.0274463 1.11005 0.694205 200
7.4 0.0276964 1.1123 0.690734 200
7.5 0.0279512 1.11456 0.687298 200
7.6 0.0282059 1.11682 0.683861 200
7.7 0.0284655 1.11909 0.680459 200
7.8 0.0287251 1.12137 0.677057 200
7.9 0.0289895 1.12366 0.673688 200
8 0.029254 1.12595 0.67032 200
8.1 0.0295234 1.12826 0.666985 200
8.2 0.0297929 1.13057 0.66365 200
8.3 0.0300674 1.13289 0.660349 200
8.4 0.0303419 1.13521 0.657047 200
8.5 0.0306216 1.13755 0.653778 200
8.6 0.0309013 1.13988 0.650509 200
8.7 0.0311862 1.14224 0.647273 200
8.8 0.0314712 1.14459 0.644036 200
8.9 0.0317615 1.14696 0.640832 200
9 0.0320518 1.14933 0.637628 200
9.1 0.0323476 1.15171 0.634456 200
9.2 0.0326434 1.1541 0.631284 200
9.3 0.0329448 1.1565 0.628143 200
9.4 0.0332461 1.1589 0.625002 200
9.5 0.0335532 1.16132 0.621893 200
9.6 0.0338602 1.16373 0.618783 200
9.7 0.034173 1.16617 0.615705 200
9.8 0.0344859 1.1686 0.612626 200
9.9 0.0348046 1.17105 0.609579 200
10 0.0351233 1.1735 0.606531 200
10.1 0.0354481 1.17597 0.603513 200
10.2 0.0357728 1.17843 0.600496 200
10.3 0.0361037 1.18091 0.597508 200
10.4 0.0364345 1.1834 0.594521 200
10.5 0.0367716 1.18589 0.591563 200
10.6 0.0371087 1.18839 0.588605 200
10.7 0.0374522 1.19091 0.585677 200
10.8 0.0377956 1.19342 0.582748 200
10.9 0.0381456 1.19596 0.579849 200
11 0.0384955 1.19849 0.57695 200
11.1 0.038852 1.20104 0.574079 200
11.2 0.0392086 1.20359 0.571209 200
11.3 0.0395718 1.20615 0.568367 200
11.4 0.0399351 1.20872 0.565525 200
11.5 0.0403051 1.2113 0.562712 200
11.6 0.0406752 1.21388 0.559898 200
11.7 0.0410523 1.21648 0.557113 200
11.8 0.0414294 1.21908 0.554327 200
11.9 0.0418136 1.2217 0.551569 200
12 0.0421978 1.22432 0.548812 200
12.1 0.0425892 1.22695 0.546081 200
12.2 0.0429806 1.22959 0.543351 200
12.3 0.0433794 1.23224 0.540648 200
12.4 0.0437782 1.23489 0.537944 200
12.5 0.0441845 1.23756 0.535268 200
12.6 0.0445908 1.24023 0.532592 200
12.7 0.0450048 1.24292 0.529942 200
12.8 0.0454187 1.2456 0.527292 200
12.9 0.0458405 1.24831 0.524669 200
13 0.0462623 1.25101 0.522046 200
13.1 0.046692 1.25373 0.519449 200
13.2 0.0471217 1.25645 0.516851 200
13.3 0.0475595 1.25919 0.51428 200
13.4 0.0479973 1.26193 0.511709 200
13.5 0.0484433 1.26469 0.509163 200
13.6 0.0488893 1.26745 0.506617 200
13.7 0.0493438 1.27022 0.504097 200
13.8 0.0497982 1.273 0.501576 200
13.9 0.0502612 1.27579 0.499081 200
14 0.0507241 1.27858 0.496585 200
14.1 0.0511958 1.28139 0.494115 200
14.2 0.0516675 1.2842 0.491644 200
14.3 0.0521481 1.28703 0.489198 200
14.4 0.0526286 1.28986 0.486752 200
14.5 0.0531182 1.29271 0.484331 200
14.6 0.0536078 1.29555 0.481909 200
14.7 0.0541065 1.29842 0.479511 200
14.8 0.0546053 1.30128 0.477114 200
14.9 0.0551135 1.30416 0.47474 200
15 0.0556216 1.30705 0.472367 200
15.1 0.0561393 1.30995 0.470016 200
15.2 0.0566569 1.31285 0.467666 200
15.3 0.0571843 1.31577 0.46534 200
15.4 0.0577117 1.31869 0.463013 200
15.5 0.058249 1.32162 0.46071 200
15.6 0.0587863 1.32456 0.458406 200
15.7 0.0593336 1.32751 0.456125 200
15.8 0.0598809 1.33047 0.453845 200
15.9 0.0604385 1.33344 0.451587 200
16 0.0609961 1.33642 0.449329 200
16.1 0.0615641 1.33941 0.447094 200
16.2 0.0621322 1.3424 0.444858 200
16.3 0.0627108 1.34541 0.442645 200
16.4 0.0632895 1.34842 0.440432 200
16.5 0.0638789 1.35145 0.43824 200
16.6 0.0644684 1.35448 0.436049 200
16.7 0.0650688 1.35752 0.43388 200
16.8 0.0656693 1.36057 0.431711 200
16.9 0.066281 1.36363 0.429563 200
17 0.0668927 1.3667 0.427415 200
17.1 0.0675157 1.36978 0.425289 200
17.2 0.0681388 1.37286 0.423162 200
17.3 0.0687735 1.37597 0.421057 200
17.4 0.0694082 1.37907 0.418952 200
17.5 0.0700547 1.38219 0.416867 200
17.6 0.0707012 1.38531 0.414783 200
17.7 0.0713597 1.38844 0.412719 200
17.8 0.0720182 1.39158 0.410656 200
17.9 0.072689 1.39474 0.408613 200
18 0.0733597 1.39789 0.40657 200
18.1 0.0740429 1.40107 0.404547 200
18.2 0.0747261 1.40424 0.402524 200
18.3 0.075422 1.40743 0.400522 200
18.4 0.0761179 1.41062 0.398519 200
18.5 0.0768267 1.41383 0.396536 200
18.6 0.0775354 1.41704 0.394554 200
18.7 0.0782573 1.42027 0.392591 200
18.8 0.0789792 1.4235 0.390628 200
18.9 0.0797144 1.42674 0.388684 200
19 0.0804496 1.42999 0.386741 200
19.1 0.0811984 1.43325 0.384817 200
19.2 0.0819471 1.43652 0.382893 200
19.3 0.0827097 1.4398 0.380988 200
19.4 0.0834723 1.44308 0.379083 200
19.5 0.0842489 1.44638 0.377197 200
19.6 0.0850255 1.44967 0.375311 200
19.7 0.0858164 1.45299 0.373444 200
19.8 0.0866073 1.45631 0.371577 200
19.9 0.0874127 1.45964 0.369728 200
20 0.0882181 1.46297 0.367879 200
20.1 0.0890382 1.46632 0.366049 200
20.2 0.0898584 1.46967 0.364219 200
20.3 0.0906936 1.47304 0.362407 200
20.4 0.0915287 1.47641 0.360595 200
20.5 0.0923792 1.47979 0.358801 200
20.6 0.0932296 1.48317 0.357007 200
20.7 0.0940955 1.48658 0.355231 200
20.8 0.0949614 1.48998 0.353455 200
20.9 0.0958431 1.49339 0.351696 200
21 0.0967248 1.49681 0.349938 200
21.1 0.0976225 1.50025 0.348197 200
21.2 0.0985202 1.50368 0.346456 200
21.3 0.0994342 1.50713 0.344732 200
21.4 0.100348 1.51058 0.343009 200
21.5 0.101279 1.51404 0.341302 200
21.6 0.102209 1.51751 0.339596 200
21.7 0.103157 1.52099 0.337906 200
21.8 0.104104 1.52447 0.336216 200
21.9 0.105068 1.52797 0.334544 200
22 0.106033 1.53147 0.332871 200
22.1 0.107015 1.53498 0.331215 200
22.2 0.107996 1.53849 0.329559 200
22.3 0.108996 1.54202 0.327919 200
22.4 0.109995 1.54555 0.32628 200
22.5 0.111012 1.54909 0.324657 200
22.6 0.11203 1.55263 0.323033 200
22.7 0.113065 1.55619 0.321426 200
22.8 0.114101 1.55974 0.319819 200
22.9 0.115154 1.56331 0.318228 200
23 0.116208 1.56688 0.316637 200
23.1 0.117281 1.57047 0.315061 200
23.2 0.118354 1.57405 0.313486 200
23.3 0.119445 1.57765 0.311927 200
23.4 0.120537 1.58125 0.310367 200
23.5 0.121648 1.58486 0.308823 200
23.6 0.122759 1.58847 0.307279 200
23.7 0.123889 1.59209 0.30575 200
23.8 0.12502 1.59571 0.304221 200
23.9 0.12617 1.59935 0.302708 200
24 0.127321 1.60298 0.301194 200
24.1 0.128491 1.60663 0.299696 200
24.2 0.129662 1.61028 0.298197 200
24.3 0.130853 1.61393 0.296714 200
24.4 0.132043 1.61759 0.29523 200
24.5 0.133255 1.62126 0.293761 200
24.6 0.134467 1.62493 0.292293 200
24.7 0.1357 1.62861 0.290838 200
24.8 0.136932 1.63229 0.289384 200
24.9 0.138186 1.63598 0.287945 200
25 0.13944 1.63967 0.286505 200
25.1 0.140716 1.64337 0.285079 200
25.2 0.141992 1.64706 0.283654 200
25.3 0.143289 1.65077 0.282243 200
25.4 0.144587 1.65448 0.280832 200
25.5 0.145906 1.6582 0.279434 200
25.6 0.147226 1.66191 0.278037 200
25.7 0.148568 1.66564 0.276654 200
25.8 0.14991 1.66936 0.275271 200
25.9 0.151275 1.67309 0.273901 200
26 0.15264 1.67682 0.272532 200
26.1 0.154028 1.68056 0.271176 200
26.2 0.155416 1.68429 0.26982 200
26.3 0.156827 1.68804 0.268478 200
26.4 0.158238 1.69178 0.267135 200
26.5 0.159673 1.69553 0.265806 200
26.6 0.161108 1.69928 0.264477 200
26.7 0.162567 1.70303 0.263161 200
26.8 0.164026 1.70678 0.261846 200
26.9 0.165509 1.71054 0.260543 200
27 0.166992 1.71429 0.25924 200
27.1 0.168499 1.71805 0.257951 200
27.2 0.170007 1.72181 0.256661 200
27.3 0.171539 1.72557 0.255384 200
27.4 0.173071 1.72933 0.254107 200
27.5 0.174628 1.73309 0.252843 200
27.6 0.176185 1.73686 0.251579 200
27.7 0.177768 1.74062 0.250327 200
27.8 0.17935 1.74438 0.249075 200
27.9 0.180958 1.74814 0.247836 200
28 0.182566 1.7519 0.246597 200
28.1 0.1842 1.75566 0.24537 200
28.2 0.185834 1.75943 0.244143 200
28.3 0.187494 1.76318 0.242929 200
28.4 0.189154 1.76694 0.241714 200
28.5 0.19084 1.7707 0.240511 200
28.6 0.192526 1.77445 0.239309 200
28.7 0.194239 1.7782 0.238118 200
28.8 0.195951 1.78196 0.236928 200
28.9 0.197691 1.7857 0.235749 200
29 0.19943 1.78945 0.23457 200
29.1 0.201197 1.79319 0.233403 200
29.2 0.202964 1.79693 0.232236 200
29.3 0.204757 1.80066 0.231081 200
29.4 0.206551 1.80439 0.229925 200
29.5 0.208372 1.80811 0.228782 200
29.6 0.210194 1.81184 0.227638 200
29.7 0.212043 1.81555 0.226505 200
29.8 0.213892 1.81926 0.225373 200
29.9 0.215769 1.82297 0.224251 200
30 0.217645 1.82667 0.22313 200
30.1 0.21955 1.83036 0.22202 200
30.2 0.221455 1.83405 0.22091 200
30.3 0.223389 1.83773 0.219811 200
30.4 0.225322 1.84141 0.218712 200
30.5 0.227283 1.84507 0.217624 200
30.6 0.229245 1.84874 0.216536 200
30.7 0.231235 1.85238 0.215458 200
30.8 0.233226 1.85603 0.214381 200
30.9 0.235245 1.85966 0.213315 200
31 0.237264 1.86329 0.212248 200
31.1 0.239312 1.8669 0.211192 200
31.2 0.24136 1.87051 0.210136 200
31.3 0.243437 1.87411 0.209091 200
31.4 0.245514 1.8777 0.208045 200
31.5 0.24762 1.88127 0.20701 200
31.6 0.249726 1.88484 0.205975 200
31.7 0.251861 1.88839 0.20495 200
31.8 0.253997 1.89193 0.203926 200
31.9 0.256161 1.89546 0.202911 200
32 0.258326 1.89898 0.201897 200
32.1 0.26052 1.90248 0.200892 200
32.2 0.262714 1.90598 0.199888 200
32.3 0.264938 1.90945 0.198893 200
32.4 0.267161 1.91292 0.197899 200
32.5 0.269414 1.91636 0.196914 200
32.6 0.271667 1.9198 0.19593 200
32.7 0.27395 1.92321 0.194955 200
32.8 0.276233 1.92662 0.19398 200
32.9 0.278545 1.93 0.193015 200
33 0.280857 1.93338 0.19205 200
33.1 0.283199 1.93672 0.191094 200
33.2 0.28554 1.94007 0.190139 200
33.3 0.287912 1.94337 0.189193 200
33.4 0.290283 1.94668 0.188247 200
33.5 0.292683 1.94996 0.187311 200
33.6 0.295084 1.95323 0.186374 200
33.7 0.297514 1.95646 0.185447 200
33.8 0.299944 1.95969 0.18452 200
33.9 0.302403 1.96288 0.183602 200
34 0.304863 1.96608 0.182684 200
34.1 0.307351 1.96922 0.181775 200
34.2 0.30984 1.97237 0.180866 200
34.3 0.312357 1.97548 0.179966 200
34.4 0.314875 1.97858 0.179066 200
34.5 0.317421 1.98164 0.178175 200
34.6 0.319968 1.9847 0.177284 200
34.7 0.322543 1.98771 0.176402 200
34.8 0.325118 1.99072 0.17552 200
34.9 0.327722 1.99368 0.174647 200
35 0.330325 1.99664 0.173774 200
35.1 0.332957 1.99955 0.172909 200
35.2 0.335589 2.00245 0.172045 200
35.3 0.338249 2.00531 0.171189 200
35.4 0.340909 2.00816 0.170333 200
35.5 0.343597 2.01096 0.169486 200
35.6 0.346285 2.01376 0.168638 200
35.7 0.349 2.0165 0.167799 200
35.8 0.351716 2.01924 0.16696 200
35.9 0.354458 2.02192 0.16613 200
36 0.3572 2.0246 0.165299 200
36.1 0.35997 2.02722 0.164477 200
36.2 0.362739 2.02984 0.163654 200
36.3 0.365534 2.0324 0.16284 200
36.4 0.36833 2.03495 0.162026 200
36.5 0.371152 2.03744 0.16122 200
36.6 0.373973 2.03993 0.160414 200
36.7 0.37682 2.04236 0.159615 200
36.8 0.379668 2.04478 0.158817 200
36.9 0.38254 2.04713 0.158027 200
37 0.385412 2.04948 0.157237 200
37.1 0.388309 2.05177 0.156455 200
37.2 0.391206 2.05405 0.155673 200
37.3 0.394127 2.05626 0.154898 200
37.4 0.397048 2.05846 0.154124 200
37.5 0.399992 2.0606 0.153357 200
37.6 0.402937 2.06273 0.15259 200
37.7 0.405904 2.06479 0.151831 200
37.8 0.408872 2.06684 0.151072 200
37.9 0.411862 2.06882 0.15032 200
38 0.414852 2.07079 0.149569 200
38.1 0.417863 2.07269 0.148825 200
38.2 0.420875 2.07458 0.14808 200
38.3 0.423907 2.0764 0.147344 200
38.4 0.42694 2.07821 0.146607 200
38.5 0.429993 2.07994 0.145878 200
38.6 0.433046 2.08166 0.145148 200
38.7 0.436118 2.0833 0.144426 200
38.8 0.439191 2.08494 0.143704 200
38.9 0.442282 2.0865 0.142989 200
39 0.445374 2.08805 0.142274 200
39.1 0.448484 2.08951 0.141566 200
39.2 0.451593 2.09097 0.140858 200
39.3 0.45472 2.09234 0.140158 200
39.4 0.457847 2.09371 0.139457 200
39.5 0.460991 2.09499 0.138763 200
39.6 0.464134 2.09626 0.138069 200
39.7 0.467293 2.09744 0.137382 200
39.8 0.470452 2.09863 0.136695 200
39.9 0.473626 2.09971 0.136015 200
40 0.4768 2.10079 0.135335 200
40.1 0.479987 2.10178 0.134662 200
40.2 0.483175 2.10276 0.133989 200
40.3 0.486375 2.10365 0.133322 200
40.4 0.489576 2.10453 0.132655 200
40.5 0.492788 2.10532 0.131995 200
40.6 0.496001 2.1061 0.131336 200
40.7 0.499224 2.10678 0.130682 200
40.8 0.502447 2.10746 0.130029 200
40.9 0.505681 2.10804 0.129382 200
41 0.508914 2.10862 0.128735 200
41.1 0.512156 2.10909 0.128094 200
41.2 0.515399 2.10956 0.127454 200
41.3 0.518649 2.10992 0.12682 200
41.4 0.521899 2.11029 0.126186 200
41.5 0.525156 2.11055 0.125558 200
41.6 0.528413 2.1108 0.12493 200
41.7 0.531676 2.11095 0.124309 200
41.8 0.534938 2.1111 0.123687 200
41.9 0.538206 2.11114 0.123072 200
42 0.541473 2.11117 0.122456 200
42.1 0.544744 2.1111 0.121847 200
42.2 0.548015 2.11103 0.121238 200
42.3 0.551288 2.11085 0.120635 200
42.4 0.554561 2.11066 0.120032 200
42.5 0.557836 2.11037 0.119434 200
42.6 0.56111 2.11007 0.118837 200
42.7 0.564385 2.10966 0.118246 200
42.8 0.56766 2.10925 0.117655 200
42.9 0.570933 2.10873 0.11707 200
43 0.574207 2.10821 0.116484 200
43.1 0.577478 2.10757 0.115905 200
43.2 0.58075 2.10693 0.115325 200
43.3 0.584017 2.10618 0.114751 200
43.4 0.587285 2.10543 0.114178 200
43.5 0.590549 2.10457 0.11361 200
43.6 0.593812 2.1037 0.113042 200
43.7 0.59707 2.10272 0.112479 200
43.8 0.600328 2.10174 0.111917 200
43.9 0.603578 2.10064 0.11136 200
44 0.606829 2.09955 0.110803 200
44.1 0.610072 2.09834 0.110252 200
44.2 0.613314 2.09713 0.109701 200
44.3 0.616547 2.09581 0.109155 200
44.4 0.619781 2.09448 0.108609 200
44.5 0.623004 2.09304 0.108069 200
44.6 0.626226 2.0916 0.107528 200
44.7 0.629438 2.09005 0.106993 200
44.8 0.632649 2.0885 0.106459 200
44.9 0.635847 2.08683 0.105929 200
45 0.639045 2.08516 0.105399 200
45.1 0.64223 2.08338 0.104875 200
45.2 0.645414 2.0816 0.10435 200
45.3 0.648583 2.07971 0.103831 200
45.4 0.651753 2.07782 0.103312 200
45.5 0.654906 2.07581 0.102798 200
45.6 0.658059 2.07381 0.102284 200
45.7 0.661194 2.07169 0.101775 200
45.8 0.66433 2.06958 0.101266 200
45.9 0.667447 2.06735 0.100763 200
46 0.670565 2.06512 0.100259 200
46.1 0.673662 2.06279 0.09976 200
46.2 0.67676 2.06045 0.0992613 200
46.3 0.679837 2.05801 0.0987674 200
46.4 0.682914 2.05557 0.0982736 200
46.5 0.68597 2.05302 0.0977847 200
46.6 0.689025 2.05047 0.0972957 200
46.7 0.692058 2.04781 0.0968117 200
46.8 0.695091 2.04515 0.0963276 200
46.9 0.6981 2.04239 0.0958484 200
47 0.701109 2.03963 0.0953692 200
47.1 0.704093 2.03677 0.0948947 200
47.2 0.707078 2.03391 0.0944202 200
47.3 0.710037 2.03094 0.0939505 200
47.4 0.712996 2.02798 0.0934807 200
47.5 0.715928 2.02492 0.0930157 200
47.6 0.718861 2.02185 0.0925506 200
47.7 0.721766 2.01869 0.0920901 200
47.8 0.724671 2.01553 0.0916297 200
47.9 0.727547 2.01227 0.0911738 200
48 0.730424 2.00902 0.090718 200
48.1 0.733272 2.00566 0.0902666 200
48.2 0.73612 2.00231 0.0898153 200
48.3 0.738938 1.99887 0.0893685 200
48.4 0.741756 1.99542 0.0889216 200
48.5 0.744543 1.99189 0.0884792 200
48.6 0.74733 1.98836 0.0880368 200
48.7 0.750086 1.98473 0.0875988 200
48.8 0.752842 1.98111 0.0871609 200
48.9 0.755566 1.9774 0.0867272 200
49 0.75829 1.97369 0.0862936 200
49.1 0.760981 1.9699 0.0858643 200
49.2 0.763673 1.96611 0.085435 200
49.3 0.766331 1.96224 0.0850099 200
49.4 0.768989 1.95836 0.0845849 200
49.5 0.771613 1.95441 0.084164 200
49.6 0.774237 1.95046 0.0837432 200
49.7 0.776826 1.94643 0.0833266 200
49.8 0.779416 1.9424 0.08291 200
49.9 0.781971 1.93829 0.0824975 200
50 0.784526 1.93419 0.082085 200
50.1 0.787045 1.93001 0.0816766 200
50.2 0.789564 1.92584 0.0812682 200
50.3 0.792048 1.92159 0.0808639 200
50.4 0.794531 1.91734 0.0804596 200
50.5 0.796978 1.91303 0.0800593 200
50.6 0.799426 1.90872 0.079659 200
50.7 0.801836 1.90434 0.0792627 200
50.8 0.804247 1.89996 0.0788664 200
50.9 0.806621 1.89552 0.078474 200
51 0.808994 1.89108 0.0780817 200
51.1 0.811331 1.88658 0.0776932 200
51.2 0.813667 1.88208 0.0773047 200
51.3 0.815966 1.87753 0.0769201 200
51.4 0.818266 1.87297 0.0765355 200
51.5 0.820527 1.86836 0.0761548 200
51.6 0.822788 1.86375 0.075774 200
51.7 0.825012 1.85909 0.075397 200
51.8 0.827236 1.85443 0.07502 200
51.9 0.829421 1.84972 0.0746468 200
52 0.831607 1.845 0.0742736 200
52.1 0.833754 1.84025 0.0739041 200
52.2 0.835902 1.83549 0.0735345 200
52.3 0.838011 1.83069 0.0731687 200
52.4 0.840121 1.82588 0.0728029 200
52.5 0.842192 1.82104 0.0724407 200
52.6 0.844263 1.8162 0.0720785 200
52.7 0.846296 1.81132 0.0717199 200
52.8 0.848329 1.80643 0.0713613 200
52.9 0.850324 1.80152 0.0710062 200
53 0.852319 1.7966 0.0706512 200
53.1 0.854276 1.79165 0.0702997 200
53.2 0.856232 1.7867 0.0699482 200
53.3 0.858151 1.78171 0.0696002 200
53.4 0.86007 1.77673 0.0692522 200
53.5 0.861951 1.77172 0.0689077 200
53.6 0.863832 1.76671 0.0685632 200
53.7 0.865675 1.76167 0.068222 200
53.8 0.867518 1.75663 0.0678809 200
53.9 0.869323 1.75157 0.0675432 200
54 0.871129 1.74651 0.0672055 200
54.1 0.872897 1.74143 0.0668712 200
54.2 0.874665 1.73634 0.0665368 200
54.3 0.876397 1.73124 0.0662058 200
54.4 0.878128 1.72614 0.0658748 200
54.5 0.879822 1.72102 0.065547 200
54.6 0.881516 1.7159 0.0652193 200
54.7 0.883174 1.71077 0.0648948 200
54.8 0.884831 1.70564 0.0645703 200
54.9 0.886453 1.7005 0.0642491 200
55 0.888074 1.69535 0.0639279 200
55.1 0.889659 1.6902 0.0636098 200
55.2 0.891245 1.68504 0.0632918 200
55.3 0.892794 1.67988 0.0629769 200
55.4 0.894344 1.67472 0.062662 200
55.5 0.895859 1.66955 0.0623503 200
55.6 0.897373 1.66439 0.0620385 200
55.7 0.898852 1.65922 0.0617299 200
55.8 0.900332 1.65405 0.0614212 200
55.9 0.901777 1.64887 0.0611156 200
56 0.903222 1.6437 0.0608101 200
56.1 0.904633 1.63853 0.0605075 200
56.2 0.906044 1.63336 0.060205 200
56.3 0.907421 1.62819 0.0599055 200
56.4 0.908798 1.62302 0.0596059 200
56.5 0.910142 1.61786 0.0593094 200
56.6 0.911486 1.6127 0.0590129 200
56.7 0.912797 1.60754 0.0587193 200
56.8 0.914108 1.60238 0.0584257 200
56.9 0.915387 1.59723 0.058135 200
57 0.916666 1.59208 0.0578443 200
57.1 0.917913 1.58694 0.0575565 200
57.2 0.91916 1.5818 0.0572688 200
57.3 0.920376 1.57668 0.0569838 200
57.4 0.921591 1.57155 0.0566989 200
57.5 0.922776 1.56643 0.0564168 200
57.6 0.923961 1.56132 0.0561348 200
57.7 0.925115 1.55622 0.0558555 200
57.8 0.926269 1.55112 0.0555762 200
57.9 0.927394 1.54603 0.0552997 200
58 0.928518 1.54095 0.0550232 200
58.1 0.929613 1.53589 0.0547495 200
58.2 0.930708 1.53082 0.0544757 200
58.3 0.931774 1.52577 0.0542047 200
58.4 0.932841 1.52073 0.0539337 200
58.5 0.933879 1.5157 0.0536654 200
58.6 0.934916 1.51067 0.053397 200
58.7 0.935926 1.50567 0.0531314 200
58.8 0.936936 1.50067 0.0528657 200
58.9 0.937919 1.49568 0.0526027 200
59 0.938902 1.4907 0.0523397 200
59.1 0.939858 1.48575 0.0520793 200
59.2 0.940814 1.48079 0.0518189 200
59.3 0.941743 1.47586 0.0515611 200
59.4 0.942673 1.47093 0.0513033 200
59.5 0.943577 1.46602 0.0510481 200
59.6 0.944481 1.46112 0.0507928 200
59.7 0.94536 1.45624 0.0505401 200
59.8 0.946238 1.45136 0.0502874 200
59.9 0.947092 1.44651 0.0500373 200
60 0.947946 1.44167 0.0497871 200
60.1 0.948776 1.43685 0.0495394 200
60.2 0.949606 1.43203 0.0492917 200
60.3 0.950413 1.42724 0.0490464 200
60.4 0.951219 1.42245 0.0488012 200
60.5 0.952002 1.41769 0.0485584 200
60.6 0.952785 1.41294 0.0483156 200
60.7 0.953546 1.40821 0.0480753 200
60.8 0.954306 1.40349 0.0478349 200
60.9 0.955045 1.3988 0.0475969 200
61 0.955783 1.3941 0.0473589 200
61.1 0.9565 1.38945 0.0471233 200
61.2 0.957217 1.38479 0.0468877 200
61.3 0.957913 1.38016 0.0466544 200
61.4 0.958609 1.37554 0.0464212 200
61.5 0.959284 1.37095 0.0461902 200
61.6 0.95996 1.36636 0.0459593 200
61.7 0.960615 1.36181 0.0457306 200
61.8 0.96127 1.35726 0.045502 200
61.9 0.961906 1.35274 0.0452756 200
62 0.962541 1.34822 0.0450492 200
62.1 0.963158 1.34374 0.0448251 200
62.2 0.963774 1.33926 0.044601 200
62.3 0.964372 1.33482 0.0443791 200
62.4 0.96497 1.33037 0.0441572 200
62.5 0.96555 1.32597 0.0439375 200
62.6 0.96613 1.32156 0.0437178 200
62.7 0.966692 1.31719 0.0435003 200
62.8 0.967254 1.31283 0.0432828 200
62.9 0.967798 1.3085 0.0430675 200
63 0.968343 1.30417 0.0428521 200
63.1 0.968871 1.29988 0.0426389 200
63.2 0.969399 1.29559 0.0424257 200
63.3 0.969911 1.29133 0.0422147 200
63.4 0.970422 1.28708 0.0420036 200
63.5 0.970918 1.28287 0.0417946 200
63.6 0.971414 1.27866 0.0415857 200
63.7 0.971894 1.27448 0.0413788 200
63.8 0.972374 1.27031 0.0411719 200
63.9 0.972839 1.26618 0.040967 200
64 0.973305 1.26204 0.0407622 200
64.1 0.973755 1.25795 0.0405594 200
64.2 0.974206 1.25386 0.0403566 200
64.3 0.974642 1.2498 0.0401558 200
64.4 0.975078 1.24575 0.0399551 200
64.5 0.9755 1.24174 0.0397563 200
64.6 0.975923 1.23773 0.0395575 200
64.7 0.976332 1.23375 0.0393607 200
64.8 0.976741 1.22978 0.0391639 200
64.9 0.977136 1.22585 0.0389691 200
65 0.977532 1.22192 0.0387742 200
65.1 0.977915 1.21802 0.0385813 200
65.2 0.978298 1.21413 0.0383884 200
65.3 0.978669 1.21028 0.0381974 200
65.4 0.97904 1.20643 0.0380064 200
65.5 0.979398 1.20262 0.0378173 200
65.6 0.979757 1.19881 0.0376283 200
65.7 0.980104 1.19504 0.0374411 200
65.8 0.980451 1.19127 0.0372538 200
65.9 0.980787 1.18754 0.0370685 200
66 0.981123 1.1838 0.0368832 200
66.1 0.981448 1.18012 0.0366997 200
66.2 0.981772 1.17643 0.0365162 200
66.3 0.982086 1.17278 0.0363345 200
66.4 0.982401 1.16913 0.0361528 200
66.5 0.982704 1.16552 0.035973 200
66.6 0.983008 1.16191 0.0357931 200
66.7 0.983302 1.15834 0.035615 200
66.8 0.983596 1.15477 0.035437 200
66.9 0.98388 1.15124 0.0352607 200
67 0.984164 1.14771 0.0350844 200
67.1 0.984438 1.14422 0.0349098 200
67.2 0.984713 1.14073 0.0347353 200
67.3 0.984979 1.13728 0.0345624 200
67.4 0.985244 1.13383 0.0343896 200
67.5 0.985501 1.13042 0.0342185 200
67.6 0.985757 1.12701 0.0340475 200
67.7 0.986005 1.12364 0.0338781 200
67.8 0.986253 1.12027 0.0337087 200
67.9 0.986493 1.11694 0.033541 200
68 0.986733 1.11361 0.0333733 200
68.1 0.986964 1.11032 0.0332072 200
68.2 0.987196 1.10703 0.0330412 200
68.3 0.98742 1.10377 0.0328768 200
68.4 0.987644 1.10052 0.0327124 200
68.5 0.98786 1.0973 0.0325497 200
68.6 0.988076 1.09409 0.0323869 200
68.7 0.988285 1.09091 0.0322258 200
68.8 0.988494 1.08774 0.0320647 200
68.9 0.988696 1.0846 0.0319052 200
69 0.988898 1.08146 0.0317456 200
69.1 0.989093 1.07836 0.0315877 200
69.2 0.989288 1.07526 0.0314298 200
69.3 0.989476 1.0722 0.0312734 200
69.4 0.989665 1.06913 0.031117 200
69.5 0.989847 1.06611 0.0309622 200
69.6 0.990029 1.06308 0.0308074 200
69.7 0.990204 1.06009 0.0306541 200
69.8 0.99038 1.0571 0.0305009 200
69.9 0.99055 1.05415 0.0303491 200
70 0.99072 1.0512 0.0301974 200
70.1 0.990883 1.04829 0.0300471 200
70.2 0.991047 1.04537 0.0298969 200
70.3 0.991205 1.04249 0.0297482 200
70.4 0.991364 1.03961 0.0295994 200
70.5 0.991516 1.03677 0.0294522 200
70.6 0.991669 1.03393 0.0293049 200
70.7 0.991817 1.03112 0.0291591 200
70.8 0.991964 1.02831 0.0290133 200
70.9 0.992107 1.02554 0.028869 200
71 0.992249 1.02277 0.0287246 200
71.1 0.992386 1.02003 0.0285817 200
71.2 0.992524 1.01729 0.0284388 200
71.3 0.992657 1.01459 0.0282973 200
71.4 0.992789 1.01189 0.0281559 200
71.5 0.992917 1.00922 0.0280158 200
71.6 0.993045 1.00655 0.0278757 200
71.7 0.993169 1.00392 0.027737 200
71.8 0.993293 1.00128 0.0275983 200
71.9 0.993412 0.998683 0.027461 200
72 0.993531 0.996083 0.0273237 200
72.1 0.993646 0.993516 0.0271878 200
72.2 0.993762 0.99095 0.0270518 200
72.3 0.993873 0.988416 0.0269173 200
72.4 0.993984 0.985882 0.0267827 200
72.5 0.994091 0.983382 0.0266494 200
72.6 0.994198 0.980881 0.0265162 200
72.7 0.994302 0.978412 0.0263843 200
72.8 0.994405 0.975944 0.0262523 200
72.9 0.994505 0.973508 0.0261217 200
73 0.994605 0.971072 0.0259911 200
73.1 0.994701 0.968667 0.0258618 200
73.2 0.994798 0.966263 0.0257325 200
73.3 0.994891 0.96389 0.0256045 200
73.4 0.994984 0.961517 0.0254765 200
73.5 0.995073 0.959175 0.0253497 200
73.6 0.995163 0.956834 0.025223 200
73.7 0.99525 0.954523 0.0250975 200
73.8 0.995336 0.952212 0.024972 200
73.9 0.99542 0.949931 0.0248478 200
74 0.995503 0.947651 0.0247235 200
74.1 0.995584 0.945401 0.0246005 200
74.2 0.995664 0.94315 0.0244775 200
74.3 0.995742 0.94093 0.0243557 200
74.4 0.995819 0.93871 0.024234 200
74.5 0.995894 0.936519 0.0241134 200
74.6 0.995969 0.934328 0.0239928 200
74.7 0.996042 0.932166 0.0238735 200
74.8 0.996114 0.930004 0.0237541 200
74.9 0.996184 0.927872 0.0236359 200
75 0.996253 0.925739 0.0235177 200
75.1 0.996321 0.923634 0.0234007 200
75.2 0.996388 0.92153 0.0232837 200
75.3 0.996453 0.919454 0.0231679 200
75.4 0.996517 0.917378 0.0230521 200
75.5 0.99658 0.915329 0.0229374 200
75.6 0.996643 0.913281 0.0228227 200
75.7 0.996703 0.91126 0.0227091 200
75.8 0.996763 0.90924 0.0225956 200
75.9 0.996821 0.907246 0.0224832 200
76 0.99688 0.905253 0.0223708 200
76.1 0.996936 0.903286 0.0222595 200
76.2 0.996992 0.90132 0.0221482 200
76.3 0.997046 0.89938 0.022038 200
76.4 0.9971 0.89744 0.0219278 200
76.5 0.997152 0.895526 0.0218187 200
76.6 0.997204 0.893612 0.0217096 200
76.7 0.997255 0.891724 0.0216016 200
76.8 0.997305 0.889837 0.0214936 200
76.9 0.997354 0.887975 0.0213867 200
77 0.997402 0.886112 0.0212797 200
77.1 0.997449 0.884276 0.0211739 200
77.2 0.997496 0.882439 0.021068 200
77.3 0.997541 0.880627 0.0209632 200
77.4 0.997586 0.878816 0.0208584 200
77.5 0.997629 0.877029 0.0207546 200
77.6 0.997673 0.875242 0.0206508 200
77.7 0.997715 0.873479 0.0205481 200
77.8 0.997757 0.871716 0.0204453 200
77.9 0.997797 0.869978 0.0203436 200
78 0.997838 0.868239 0.0202419 200
78.1 0.997877 0.866525 0.0201412 200
78.2 0.997916 0.86481 0.0200405 200
78.3 0.997953 0.863119 0.0199408 200
78.4 0.997991 0.861428 0.0198411 200
78.5 0.998027 0.85976 0.0197424 200
78.6 0.998063 0.858092 0.0196437 200
78.7 0.998098 0.856447 0.0195459 200
78.8 0.998133 0.854802 0.0194482 200
78.9 0.998167 0.85318 0.0193515 200
79 0.998201 0.851558 0.0192547 200
79.1 0.998233 0.849958 0.0191589 200
79.2 0.998266 0.848358 0.0190631 200
79.3 0.998297 0.84678 0.0189683 200
79.4 0.998328 0.845202 0.0188734 200
79.5 0.998358 0.843646 0.0187795 200
79.6 0.998389 0.84209 0.0186856 200
79.7 0.998418 0.840555 0.0185927 200
79.8 0.998447 0.83902 0.0184997 200
79.9 0.998475 0.837507 0.0184077 200
80 0.998503 0.835994 0.0183156 200
80.1 0.99853 0.834501 0.0182245 200
80.2 0.998557 0.833009 0.0181334 200
80.3 0.998583 0.831537 0.0180432 200
80.4 0.998609 0.830066 0.017953 200
80.5 0.998634 0.828614 0.0178636 200
80.6 0.998659 0.827163 0.0177743 200
80.7 0.998684 0.825732 0.0176859 200
80.8 0.998708 0.824301 0.0175975 200
80.9 0.998731 0.822889 0.0175099 200
81 0.998755 0.821478 0.0174224 200
81.1 0.998777 0.820087 0.0173357 200
81.2 0.9988 0.818695 0.017249 200
81.3 0.998821 0.817323 0.0171632 200
81.4 0.998843 0.81595 0.0170774 200
81.5 0.998864 0.814597 0.0169924 200
81.6 0.998885 0.813244 0.0169075 200
81.7 0.998905 0.81191 0.0168233 200
81.8 0.998925 0.810576 0.0167392 200
81.9 0.998945 0.80926 0.016656 200
82 0.998964 0.807944 0.0165727 200
82.1 0.998983 0.806647 0.0164902 200
82.2 0.999002 0.80535 0.0164078 200
82.3 0.99902 0.804071 0.0163261 200
82.4 0.999038 0.802792 0.0162445 200
82.5 0.999055 0.80153 0.0161637 200
82.6 0.999072 0.800269 0.0160829 200
82.7 0.999089 0.799025 0.0160029 200
82.8 0.999106 0.797782 0.0159229 200
82.9 0.999122 0.796555 0.0158436 200
83 0.999138 0.795329 0.0157644 200
83.1 0.999154 0.79412 0.015686 200
83.2 0.99917 0.792911 0.0156076 200
83.3 0.999185 0.791719 0.0155299 200
83.4 0.9992 0.790527 0.0154523 200
83.5 0.999214 0.789351 0.0153754 200
83.6 0.999229 0.788176 0.0152985 200
83.7 0.999243 0.787017 0.0152224 200
83.8 0.999257 0.785858 0.0151463 200
83.9 0.99927 0.784716 0.0150709 200
84 0.999283 0.783573 0.0149956 200
84.1 0.999296 0.782446 0.014921 200
84.2 0.999309 0.78132 0.0148464 200
84.3 0.999322 0.780209 0.0147725 200
84.4 0.999334 0.779098 0.0146986 200
84.5 0.999346 0.778003 0.0146255 200
84.6 0.999358 0.776908 0.0145524 200
84.7 0.99937 0.775828 0.01448 200
84.8 0.999382 0.774748 0.0144076 200
84.9 0.999393 0.773684 0.0143359 200
85 0.999404 0.772619 0.0142642 200
85.1 0.999415 0.77157 0.0141933 200
85.2 0.999426 0.77052 0.0141223 200
85.3 0.999436 0.769485 0.014052 200
85.4 0.999446 0.76845 0.0139818 200
85.5 0.999456 0.76743 0.0139122 200
85.6 0.999467 0.76641 0.0138427 200
85.7 0.999476 0.765404 0.0137738 200
85.8 0.999486 0.764398 0.0137049 200
85.9 0.999495 0.763407 0.0136367 200
86 0.999504 0.762415 0.0135686 200
86.1 0.999513 0.761437 0.0135011 200
86.2 0.999522 0.76046 0.0134335 200
86.3 0.999531 0.759496 0.0133667 200
86.4 0.99954 0.758532 0.0132999 200
86.5 0.999548 0.757581 0.0132337 200
86.6 0.999556 0.756631 0.0131675 200
86.7 0.999564 0.755694 0.013102 200
86.8 0.999572 0.754757 0.0130365 200
86.9 0.99958 0.753834 0.0129717 200
87 0.999588 0.75291 0.0129068 200
87.1 0.999595 0.752 0.0128426 200
87.2 0.999603 0.751089 0.0127784 200
87.3 0.99961 0.750191 0.0127148 200
87.4 0.999617 0.749294 0.0126512 200
87.5 0.999624 0.748409 0.0125883 200
87.6 0.999631 0.747523 0.0125254 200
87.7 0.999638 0.746651 0.012463 200
87.8 0.999644 0.745778 0.0124007 200
87.9 0.999651 0.744918 0.012339 200
88 0.999657 0.744058 0.0122773 200
88.1 0.999664 0.74321 0.0122163 200
88.2 0.99967 0.742362 0.0121552 200
88.3 0.999676 0.741526 0.0120947 200
88.4 0.999682 0.74069 0.0120342 200
88.5 0.999688 0.739866 0.0119744 200
88.6 0.999693 0.739042 0.0119145 200
88.7 0.999699 0.738229 0.0118552 200
88.8 0.999704 0.737417 0.0117959 200
88.9 0.99971 0.736616 0.0117373 200
89 0.999715 0.735815 0.0116786 200
89.1 0.99972 0.735025 0.0116205 200
89.2 0.999725 0.734236 0.0115624 200
89.3 0.99973 0.733457 0.0115048 200
89.4 0.999735 0.732679 0.0114473 200
89.5 0.99974 0.731911 0.0113904 200
89.6 0.999745 0.731144 0.0113334 200
89.7 0.99975 0.730387 0.011277 200
89.8 0.999754 0.729631 0.0112206 200
89.9 0.999759 0.728885 0.0111648 200
90 0.999763 0.728139 0.011109 200
90.1 0.999767 0.727404 0.0110537 200
90.2 0.999772 0.726669 0.0109985 200
90.3 0.999776 0.725944 0.0109437 200
90.4 0.99978 0.725219 0.010889 200
90.5 0.999784 0.724505 0.0108348 200
90.6 0.999788 0.72379 0.0107807 200
90.7 0.999792 0.723086 0.010727 200
90.8 0.999796 0.722382 0.0106734 200
90.9 0.999799 0.721687 0.0106203 200
91 0.999803 0.720993 0.0105672 200
91.1 0.999807 0.720308 0.0105146 200
91.2 0.99981 0.719624 0.0104621 200
91.3 0.999814 0.718949 0.01041 200
91.4 0.999817 0.718274 0.010358 200
91.5 0.99982 0.717609 0.0103064 200
91.6 0.999824 0.716944 0.0102549 200
91.7 0.999827 0.716288 0.0102039 200
91.8 0.99983 0.715632 0.0101529 200
91.9 0.999833 0.714986 0.0101023 200
92 0.999836 0.714339 0.0100518 200
92.1 0.999839 0.713702 0.0100018 200
92.2 0.999842 0.713065 0.00995182 200
92.3 0.999845 0.712437 0.00990231 200
92.4 0.999848 0.711809 0.0098528 200
92.5 0.999851 0.711189 0.00980378 200
92.6 0.999853 0.71057 0.00975476 200
92.7 0.999856 0.70996 0.00970623 200
92.8 0.999859 0.709349 0.0096577 200
92.9 0.999861 0.708747 0.00960965 200
93 0.999864 0.708146 0.0095616 200
93.1 0.999866 0.707552 0.00951403 200
93.2 0.999869 0.706959 0.00946646 200
93.3 0.999871 0.706374 0.00941937 200
93.4 0.999874 0.70579 0.00937227 200
93.5 0.999876 0.705213 0.00932564 200
93.6 0.999878 0.704637 0.00927901 200
93.7 0.99988 0.704068 0.00923285 200
93.8 0.999883 0.7035 0.00918669 200
93.9 0.999885 0.70294 0.00914098 200
94 0.999887 0.70238 0.00909528 200
94.1 0.999889 0.701827 0.00905003 200
94.2 0.999891 0.701275 0.00900478 200
94.3 0.999893 0.700731 0.00895998 200
94.4 0.999895 0.700187 0.00891518 200
94.5 0.999897 0.69965 0.00887082 200
94.6 0.999899 0.699113 0.00882647 200
94.7 0.9999 0.698584 0.00878256 200
94.8 0.999902 0.698055 0.00873865 200
94.9 0.999904 0.697534 0.00869517 200
95 0.999906 0.697013 0.0086517 200
95.1 0.999908 0.696499 0.00860865 200
95.2 0.999909 0.695985 0.00856561 200
95.3 0.999911 0.695478 0.00852299 200
95.4 0.999913 0.694971 0.00848038 200
95.5 0.999914 0.694472 0.00843819 200
95.6 0.999916 0.693972 0.008396 200
95.7 0.999917 0.69348 0.00835423 200
95.8 0.999919 0.692988 0.00831246 200
95.9 0.99992 0.692502 0.0082711 200
96 0.999922 0.692017 0.00822975 200
96.1 0.999923 0.691538 0.0081888 200
96.2 0.999925 0.69106 0.00814786 200
96.3 0.999926 0.690588 0.00810732 200
96.4 0.999927 0.690117 0.00806679 200
96.5 0.999929 0.689652 0.00802665 200
96.6 0.99993 0.689187 0.00798652 200
96.7 0.999931 0.688729 0.00794679 200
96.8 0.999933 0.68827 0.00790705 200
96.9 0.999934 0.687819 0.00786772 200
97 0.999935 0.687367 0.00782838 200
97.1 0.999936 0.686922 0.00778943 200
97.2 0.999937 0.686476 0.00775048 200
97.3 0.999938 0.686037 0.00771192 200
97.4 0.99994 0.685598 0.00767337 200
97.5 0.999941 0.685166 0.00763519 200
97.6 0.999942 0.684733 0.00759701 200
97.7 0.999943 0.684306 0.00755922 200
97.8 0.999944 0.68388 0.00752142 200
97.9 0.999945 0.683459 0.007484 200
98 0.999946 0.683039 0.00744658 200
98.1 0.999947 0.682625 0.00740954 200
98.2 0.999948 0.68221 0.00737249 200
98.3 0.999949 0.681802 0.00733581 200
98.4 0.99995 0.681393 0.00729913 200
98.5 0.999951 0.68099 0.00726282 200
98.6 0.999952 0.680588 0.0072265 200
98.7 0.999952 0.680191 0.00719055 200
98.8 0.999953 0.679794 0.0071546 200
98.9 0.999954 0.679402 0.007119 200
99 0.999955 0.679011 0.00708341 200
99.1 0.999956 0.678625 0.00704817 200
99.2 0.999957 0.678239 0.00701293 200
99.3 0.999957 0.677859 0.00697804 200
99.4 0.999958 0.677479 0.00694315 200
99.5 0.999959 0.677104 0.00690861 200
99.6 0.99996 0.676729 0.00687406 200
99.7 0.99996 0.67636 0.00683986 200
99.8 0.999961 0.67599 0.00680566 200
99.9 0.999962 0.675626 0.00677181 200
100 0.999963 0.675262 0.00673795 200
100.1 0.999963 0.674903 0.00670443 200
100.2 0.999964 0.674544 0.0066709 200
100.3 0.999965 0.67419 0.00663772 200
100.4 0.999965 0.673836 0.00660453 200
100.5 0.999966 0.673487 0.00657167 200
100.6 0.999967 0.673139 0.00653881 200
100.7 0.999967 0.672795 0.00650628 200
100.8 0.999968 0.672451 0.00647375 200
100.9 0.999968 0.672112 0.00644154 200
101 0.999969 0.671773 0.00640933 200
101.1 0.99997 0.671439 0.00637745 200
101.2 0.99997 0.671105 0.00634556 200
101.3 0.999971 0.670775 0.00631399 200
101.4 0.999971 0.670446 0.00628242 200
101.5 0.999972 0.670121 0.00625116 200
101.6 0.999972 0.669797 0.00621991 200
101.7 0.999973 0.669477 0.00618896 200
101.8 0.999973 0.669157 0.00615802 200
101.9 0.999974 0.668841 0.00612738 200
102 0.999974 0.668526 0.00609675 200
102.1 0.999975 0.668215 0.00606641 200
102.2 0.999975 0.667904 0.00603608 200
102.3 0.999976 0.667597 0.00600605 200
102.4 0.999976 0.667291 0.00597602 200
102.5 0.999976 0.666989 0.00594629 200
102.6 0.999977 0.666687 0.00591656 200
102.7 0.999977 0.666389 0.00588713 200
102.8 0.999978 0.666091 0.00585769 200
102.9 0.999978 0.665798 0.00582855 200
103 0.999979 0.665504 0.0057994 200
103.1 0.999979 0.665215 0.00577055 200
103.2 0.999979 0.664925 0.0057417 200
103.3 0.99998 0.66464 0.00571313 200
103.4 0.99998 0.664355 0.00568457 200
103.5 0.99998 0.664074 0.00565629 200
103.6 0.999981 0.663792 0.00562801 200
103.7 0.999981 0.663515 0.00560001 200
103.8 0.999982 0.663238 0.00557201 200
103.9 0.999982 0.662965 0.00554429 200
104 0.999982 0.662692 0.00551656 200
104.1 0.999983 0.662422 0.00548912 200
104.2 0.999983 0.662153 0.00546167 200
104.3 0.999983 0.661888 0.0054345 200
104.4 0.999983 0.661622 0.00540733 200
104.5 0.999984 0.66136 0.00538043 200
104.6 0.999984 0.661099 0.00535353 200
104.7 0.999984 0.660841 0.00532689 200
104.8 0.999985 0.660583 0.00530026 200
104.9 0.999985 0.660329 0.00527389 200
105 0.999985 0.660074 0.00524752 200
105.1 0.999985 0.659824 0.00522141 200
105.2 0.999986 0.659573 0.0051953 200
105.3 0.999986 0.659326 0.00516946 200
105.4 0.999986 0.659079 0.00514361 200
105.5 0.999986 0.658836 0.00511802 200
105.6 0.999987 0.658592 0.00509243 200
105.7 0.999987 0.658352 0.0050671 200
105.8 0.999987 0.658112 0.00504176 200
105.9 0.999987 0.657875 0.00501668 200
106 0.999988 0.657639 0.00499159 200
106.1 0.999988 0.657406 0.00496676 200
106.2 0.999988 0.657172 0.00494193 200
106.3 0.999988 0.656943 0.00491734 200
106.4 0.999989 0.656713 0.00489275 200
106.5 0.999989 0.656486 0.00486841 200
106.6 0.999989 0.656259 0.00484407 200
106.7 0.999989 0.656036 0.00481997 200
106.8 0.999989 0.655813 0.00479587 200
106.9 0.99999 0.655592 0.00477201 200
107 0.99999 0.655372 0.00474815 200
107.1 0.99999 0.655155 0.00472453 200
107.2 0.99999 0.654938 0.00470091 200
107.3 0.99999 0.654724 0.00467752 200
107.4 0.999991 0.65451 0.00465413 200
107.5 0.999991 0.654299 0.00463098 200
107.6 0.999991 0.654089 0.00460782 200
107.7 0.999991 0.653881 0.0045849 200
107.8 0.999991 0.653673 0.00456197 200
107.9 0.999991 0.653468 0.00453928 200
108 0.999992 0.653263 0.00451658 200
108.1 0.999992 0.653061 0.00449411 200
108.2 0.999992 0.652859 0.00447164 200
108.3 0.999992 0.65266 0.00444939 200
108.4 0.999992 0.652461 0.00442715 200
108.5 0.999992 0.652265 0.00440512 200
108.6 0.999992 0.652068 0.0043831 200
108.7 0.999993 0.651875 0.00436129 200
108.8 0.999993 0.651682 0.00433948 200
108.9 0.999993 0.651491 0.00431789 200
109 0.999993 0.6513 0.0042963 200
109.1 0.999993 0.651112 0.00427493 200
109.2 0.999993 0.650924 0.00425356 200
109.3 0.999993 0.650739 0.00423239 200
109.4 0.999993 0.650554 0.00421123 200
109.5 0.999994 0.650371 0.00419028 200
109.6 0.999994 0.650189 0.00416933 200
109.7 0.999994 0.650009 0.00414859 200
109.8 0.999994 0.649829 0.00412784 200
109.9 0.999994 0.649651 0.00410731 200
110 0.999994 0.649474 0.00408677 200
110.1 0.999994 0.649299 0.00406644 200
110.2 0.999994 0.649124 0.00404611 200
110.3 0.999994 0.648951 0.00402598 200
110.4 0.999995 0.648779 0.00400585 200
110.5 0.999995 0.648609 0.00398592 200
110.6 0.999995 0.648439 0.00396599 200
110.7 0.999995 0.648272 0.00394626 200
110.8 0.999995 0.648104 0.00392653 200
110.9 0.999995 0.647939 0.00390699 200
111 0.999995 0.647774 0.00388746 200
111.1 0.999995 0.647611 0.00386812 200
111.2 0.999995 0.647448 0.00384878 200
111.3 0.999995 0.647288 0.00382963 200
111.4 0.999995 0.647127 0.00381048 200
111.5 0.999996 0.646969 0.00379152 200
111.6 0.999996 0.646811 0.00377257 200
111.7 0.999996 0.646655 0.0037538 200
111.8 0.999996 0.646499 0.00373503 200
111.9 0.999996 0.646346 0.00371645 200
112 0.999996 0.646192 0.00369786 200
112.1 0.999996 0.646041 0.00367947 200
112.2 0.999996 0.645889 0.00366107 200
112.3 0.999996 0.64574 0.00364286 200
112.4 0.999996 0.645591 0.00362464 200
112.5 0.999996 0.645443 0.00360661 200
112.6 0.999996 0.645296 0.00358858 200
112.7 0.999996 0.645151 0.00357072 200
112.8 0.999997 0.645006 0.00355287 200
112.9 0.999997 0.644863 0.00353519 200
113 0.999997 0.64472 0.00351752 200
113.1 0.999997 0.644579 0.00350002 200
113.2 0.999997 0.644438 0.00348252 200
113.3 0.999997 0.644299 0.00346519 200
113.4 0.999997 0.64416 0.00344787 200
113.5 0.999997 0.644023 0.00343071 200
113.6 0.999997 0.643887 0.00341356 200
113.7 0.999997 0.643752 0.00339658 200
113.8 0.999997 0.643617 0.00337959 200
113.9 0.999997 0.643484 0.00336278 200
114 0.999997 0.64335 0.00334597 200
114.1 0.999997 0.643219 0.00332932 200
114.2 0.999997 0.643088 0.00331267 200
114.3 0.999997 0.642959 0.00329619 200
114.4 0.999997 0.64283 0.00327971 200
114.5 0.999997 0.642702 0.00326339 200
114.6 0.999998 0.642575 0.00324708 200
114.7 0.999998 0.642449 0.00323092 200
114.8 0.999998 0.642323 0.00321477 200
114.9 0.999998 0.6422 0.00319877 200
115 0.999998 0.642076 0.00318278 200
115.1 0.999998 0.641954 0.00316695 200
115.2 0.999998 0.641832 0.00315111 200
115.3 0.999998 0.641711 0.00313543 200
115.4 0.999998 0.641591 0.00311976 200
115.5 0.999998 0.641473 0.00310424 200
115.6 0.999998 0.641354 0.00308872 200
115.7 0.999998 0.641237 0.00307335 200
115.8 0.999998 0.64112 0.00305798 200
115.9 0.999998 0.641005 0.00304277 200
116 0.999998 0.64089 0.00302755 200
116.1 0.999998 0.640776 0.00301249 200
116.2 0.999998 0.640663 0.00299743 200
116.3 0.999998 0.640551 0.00298252 200
116.4 0.999998 0.640439 0.00296761 200
116.5 0.999998 0.640328 0.00295284 200
116.6 0.999998 0.640218 0.00293808 200
116.7 0.999998 0.640109 0.00292346 200
116.8 0.999998 0.64 0.00290884 200
116.9 0.999998 0.639893 0.00289437 200
117 0.999998 0.639786 0.0028799 200
117.1 0.999998 0.63968 0.00286557 200
117.2 0.999998 0.639575 0.00285124 200
117.3 0.999998 0.63947 0.00283706 200
117.4 0.999999 0.639366 0.00282287 200
117.5 0.999999 0.639264 0.00280883 200
117.6 0.999999 0.639161 0.00279479 200
117.7 0.999999 0.63906 0.00278088 200
117.8 0.999999 0.638959 0.00276698 200
117.9 0.999999 0.638859 0.00275321 200
118 0.999999 0.638759 0.00273944 200
118.1 0.999999 0.638661 0.00272582 200
118.2 0.999999 0.638562 0.00271219 200
118.3 0.999999 0.638465 0.00269869 200
118.4 0.999999 0.638368 0.0026852 200
118.5 0.999999 0.638273 0.00267184 200
118.6 0.999999 0.638177 0.00265848 200
118.7 0.999999 0.638083 0.00264526 200
118.8 0.999999 0.637989 0.00263203 200
118.9 0.999999 0.637896 0.00261894 200
119 0.999999 0.637803 0.00260584 200
119.1 0.999999 0.637712 0.00259288 200
119.2 0.999999 0.63762 0.00257991 200
119.3 0.999999 0.63753 0.00256708 200
119.4 0.999999 0.63744 0.00255424 200
119.5 0.999999 0.637351 0.00254153 200
119.6 0.999999 0.637262 0.00252883 200
119.7 0.999999 0.637174 0.00251625 200
119.8 0.999999 0.637087 0.00250366 200
119.9 0.999999 0.637 0.00249121 200
120 0.999999 0.636914 0.00247875 200
120.1 0.999999 0.636829 0.00246642 200
120.2 0.999999 0.636744 0.00245409 200
120.3 0.999999 0.63666 0.00244188 200
120.4 0.999999 0.636576 0.00242967 200
120.5 0.999999 0.636493 0.00241758 200
120.6 0.999999 0.63641 0.00240549 200
120.7 0.999999 0.636329 0.00239353 200
120.8 0.999999 0.636247 0.00238156 200
120.9 0.999999 0.636167 0.00236971 200
121 0.999999 0.636086 0.00235786 200
121.1 0.999999 0.636007 0.00234613 200
121.2 0.999999 0.635928 0.0023344 200
121.3 0.999999 0.63585 0.00232279 200
121.4 0.999999 0.635772 0.00231117 200
121.5 0.999999 0.635695 0.00229967 200
121.6 0.999999 0.635618 0.00228818 200
121.7 0.999999 0.635542 0.00227679 200
121.8 0.999999 0.635466 0.00226541 200
121.9 0.999999 0.635391 0.00225414 200
122 0.999999 0.635316 0.00224287 200
122.1 0.999999 0.635242 0.00223171 200
122.2 0.999999 0.635169 0.00222055 200
122.3 0.999999 0.635096 0.0022095 200
122.4 0.999999 0.635023 0.00219846 200
122.5 0.999999 0.634952 0.00218752 200
122.6 0.999999 0.63488 0.00217658 200
122.7 0.999999 0.634809 0.00216575 200
122.8 0.999999 0.634739 0.00215492 200
122.9 0.999999 0.634669 0.0021442 200
123 0.999999 0.6346 0.00213348 200
123.1 0.999999 0.634531 0.00212287 200
123.2 1 0.634462 0.00211225 200
123.3 1 0.634395 0.00210174 200
123.4 1 0.634327 0.00209124 200
123.5 1 0.63426 0.00208083 200
123.6 1 0.634194 0.00207043 200
123.7 1 0.634128 0.00206013 200
123.8 1 0.634062 0.00204983 200
123.9 1 0.633997 0.00203963 200
124 1 0.633933 0.00202943 200
124.1 1 0.633869 0.00201933 200
124.2 1 0.633805 0.00200924 200
124.3 1 0.633742 0.00199924 200
124.4 1 0.633679 0.00198925 200
124.5 1 0.633617 0.00197935 200
124.6 1 0.633555 0.00196945 200
124.7 1 0.633494 0.00195965 200
124.8 1 0.633433 0.00194986 200
124.9 1 0.633372 0.00194015 200
125 1 0.633312 0.00193045 200
125.1 1 0.633253 0.00192085 200
125.2 1 0.633193 0.00191125 200
125.3 1 0.633135 0.00190174 200
125.4 1 0.633076 0.00189223 200
125.5 1 0.633019 0.00188281 200
125.6 1 0.632961 0.0018734 200
125.7 1 0.632904 0.00186408 200
125.8 1 0.632847 0.00185476 200
125.9 1 0.632791 0.00184553 200
126 1 0.632735 0.0018363 200
126.1 1 0.632679 0.00182717 200
126.2 1 0.632624 0.00181803 200
126.3 1 0.63257 0.00180899 200
126.4 1 0.632515 0.00179994 200
126.5 1 0.632461 0.00179099 200
126.6 1 0.632408 0.00178203 200
126.7 1 0.632355 0.00177317 200
126.8 1 0.632302 0.0017643 200
126.9 1 0.63225 0.00175552 200
127 1 0.632197 0.00174675 200
127.1 1 0.632146 0.00173806 200
127.2 1 0.632095 0.00172937 200
127.3 1 0.632044 0.00172076 200
127.4 1 0.631993 0.00171216 200
127.5 1 0.631943 0.00170364 200
127.6 1 0.631893 0.00169512 200
127.7 1 0.631844 0.00168669 200
127.8 1 0.631795 0.00167826 200
127.9 1 0.631746 0.00166991 200
128 1 0.631697 0.00166156 200
128.1 1 0.63165 0.00165329 200
128.2 1 0.631602 0.00164502 200
128.3 1 0.631555 0.00163684 200
128.4 1 0.631507 0.00162866 200
128.5 1 0.631461 0.00162055 200
128.6 1 0.631414 0.00161245 200
128.7 1 0.631368 0.00160443 200
128.8 1 0.631323 0.00159641 200
128.9 1 0.631277 0.00158846 200
129 1 0.631232 0.00158052 200
129.1 1 0.631188 0.00157266 200
129.2 1 0.631143 0.0015648 200
129.3 1 0.631099 0.00155701 200
129.4 1 0.631055 0.00154923 200
129.5 1 0.631012 0.00154152 200
129.6 1 0.630969 0.00153381 200
129.7 1 0.630926 0.00152618 200
129.8 1 0.630883 0.00151855 200
129.9 1 0.630841 0.00151099 200
130 1 0.630799 0.00150344 200
