-20 0.0232437 0.926417 0.951168 402.944
-19.9 0.0234497 0.927745 0.949955 404.676
-19.8 0.0236556 0.929072 0.948743 406.408
-19.7 0.023865 0.930405 0.947474 408.128
-19.6 0.0240744 0.931738 0.946205 409.849
-19.5 0.0242873 0.933075 0.944877 411.557
-19.4 0.0245002 0.934413 0.943549 413.265
-19.3 0.0247166 0.935756 0.942159 414.958
-19.2 0.0249331 0.937099 0.94077 416.652
-19.1 0.0251531 0.938447 0.939317 418.329
-19 0.0253731 0.939796 0.937864 420.006
-18.9 0.0255967 0.941149 0.936345 421.664
-18.8 0.0258204 0.942502 0.934825 423.322
-18.7 0.0260477 0.943861 0.933237 424.96
-18.6 0.0262751 0.945219 0.931649 426.598
-18.5 0.0265062 0.946583 0.92999 428.213
-18.4 0.0267373 0.947946 0.92833 429.828
-18.3 0.0269722 0.949315 0.926597 431.417
-18.2 0.0272071 0.950683 0.924864 433.007
-18.1 0.0274459 0.952057 0.923054 434.569
-18 0.0276846 0.953431 0.921244 436.132
-17.9 0.0279273 0.95481 0.919356 437.664
-17.8 0.02817 0.956189 0.917467 439.196
-17.7 0.0284167 0.957573 0.915496 440.696
-17.6 0.0286633 0.958957 0.913525 442.195
-17.5 0.028914 0.960346 0.91147 443.66
-17.4 0.0291647 0.961735 0.909414 445.124
-17.3 0.0294195 0.963129 0.907272 446.55
-17.2 0.0296743 0.964523 0.905129 447.976
-17.1 0.0299332 0.965922 0.902896 449.362
-17 0.0301921 0.967321 0.900664 450.747
-16.9 0.0304552 0.968725 0.898338 452.088
-16.8 0.0307184 0.970129 0.896013 453.43
-16.7 0.0309857 0.971538 0.893592 454.724
-16.6 0.0312531 0.972947 0.891172 456.019
-16.5 0.0315249 0.974361 0.888653 457.263
-16.4 0.0317966 0.975775 0.886134 458.507
-16.3 0.0320727 0.977194 0.883515 459.698
-16.2 0.0323488 0.978613 0.880896 460.889
-16.1 0.0326293 0.980037 0.878173 462.024
-16 0.0329099 0.981461 0.875451 463.158
-15.9 0.033195 0.98289 0.872623 464.233
-15.8 0.03348 0.984319 0.869795 465.308
-15.7 0.0337697 0.985753 0.866859 466.319
-15.6 0.0340593 0.987186 0.863923 467.33
-15.5 0.0343536 0.988625 0.860877 468.275
-15.4 0.0346478 0.990064 0.857831 469.219
-15.3 0.0349468 0.991507 0.854673 470.094
-15.2 0.0352458 0.992951 0.851514 470.968
-15.1 0.0355495 0.994399 0.848242 471.769
-15 0.0358532 0.995847 0.844969 472.57
-14.9 0.0361618 0.9973 0.84158 473.293
-14.8 0.0364704 0.998753 0.838191 474.017
-14.7 0.0367838 1.00021 0.834685 474.66
-14.6 0.0370973 1.00167 0.831178 475.302
-14.5 0.0374157 1.00313 0.827552 475.861
-14.4 0.0377341 1.00459 0.823926 476.42
-14.3 0.0380576 1.00606 0.82018 476.891
-14.2 0.038381 1.00753 0.816433 477.362
-14.1 0.0387095 1.009 0.812566 477.742
-14 0.0390381 1.01047 0.808698 478.122
-13.9 0.0393718 1.01195 0.804708 478.408
-13.8 0.0397055 1.01343 0.800718 478.693
-13.7 0.0400444 1.01491 0.796605 478.882
-13.6 0.0403834 1.01639 0.792492 479.07
-13.5 0.0407276 1.01787 0.788257 479.157
-13.4 0.0410718 1.01936 0.784021 479.244
-13.3 0.0414214 1.02085 0.779663 479.228
-13.2 0.041771 1.02234 0.775305 479.211
-13.1 0.0421261 1.02383 0.770825 479.088
-13 0.0424811 1.02533 0.766345 478.965
-12.9 0.0428417 1.02683 0.761743 478.733
-12.8 0.0432022 1.02833 0.757142 478.501
-12.7 0.0435683 1.02983 0.75242 478.157
-12.6 0.0439345 1.03133 0.747699 477.813
-12.5 0.0443063 1.03284 0.742859 477.354
-12.4 0.0446781 1.03435 0.738019 476.896
-12.3 0.0450556 1.03586 0.733062 476.322
-12.2 0.0454331 1.03737 0.728106 475.747
-12.1 0.0458164 1.03889 0.723035 475.055
-12 0.0461997 1.04041 0.717965 474.363
-11.9 0.0465889 1.04193 0.712783 473.551
-11.8 0.046978 1.04345 0.707601 472.739
-11.7 0.0473732 1.04497 0.702311 471.807
-11.6 0.0477683 1.0465 0.697022 470.874
-11.5 0.0481694 1.04803 0.691628 469.82
-11.4 0.0485706 1.04956 0.686234 468.766
-11.3 0.0489778 1.05109 0.680739 467.589
-11.2 0.049385 1.05262 0.675245 466.413
-11.1 0.0497984 1.05416 0.669655 465.114
-11 0.0502118 1.05569 0.664065 463.816
-10.9 0.0506315 1.05724 0.658384 462.395
-10.8 0.0510511 1.05878 0.652703 460.973
-10.7 0.0514771 1.06032 0.646936 459.431
-10.6 0.0519031 1.06187 0.64117 457.888
-10.5 0.0523354 1.06341 0.635323 456.224
-10.4 0.0527678 1.06496 0.629477 454.56
-10.3 0.0532066 1.06652 0.623557 452.776
-10.2 0.0536455 1.06807 0.617636 450.993
-10.1 0.0540909 1.06962 0.611648 449.091
-10 0.0545362 1.07118 0.605661 447.19
-9.9 0.0549882 1.07274 0.599612 445.172
-9.8 0.0554403 1.0743 0.593563 443.154
-9.7 0.055899 1.07586 0.587461 441.023
-9.6 0.0563577 1.07743 0.581359 438.892
-9.5 0.0568232 1.07899 0.57521 436.65
-9.4 0.0572887 1.08056 0.569061 434.408
-9.3 0.0577611 1.08213 0.562873 432.058
-9.2 0.0582334 1.0837 0.556685 429.708
-9.1 0.0587127 1.08527 0.550466 427.255
-9 0.059192 1.08685 0.544246 424.801
-8.9 0.0596783 1.08842 0.538003 422.247
-8.8 0.0601647 1.09 0.531761 419.693
-8.7 0.0606581 1.09158 0.525502 417.043
-8.6 0.0611515 1.09316 0.519244 414.393
-8.5 0.0616521 1.09474 0.512978 411.651
-8.4 0.0621527 1.09632 0.506712 408.91
-8.3 0.0626606 1.09791 0.500446 406.081
-8.2 0.0631684 1.0995 0.494181 403.253
-8.1 0.0636836 1.10109 0.487924 400.343
-8 0.0641988 1.10267 0.481667 397.433
-7.9 0.0647215 1.10427 0.475426 394.447
-7.8 0.0652441 1.10586 0.469186 391.46
-7.7 0.0657742 1.10745 0.46297 388.403
-7.6 0.0663043 1.10905 0.456754 385.346
-7.5 0.066842 1.11065 0.45057 382.223
-7.4 0.0673797 1.11224 0.444386 379.1
-7.3 0.0679251 1.11384 0.438242 375.918
-7.2 0.0684705 1.11544 0.432098 372.736
-7.1 0.0690236 1.11704 0.426002 369.501
-7 0.0695767 1.11865 0.419905 366.265
-6.9 0.0701376 1.12025 0.413863 362.982
-6.8 0.0706986 1.12186 0.40782 359.699
-6.7 0.0712674 1.12346 0.401839 356.374
-6.6 0.0718362 1.12507 0.395859 353.05
-6.5 0.0724131 1.12668 0.389946 349.69
-6.4 0.0729899 1.12829 0.384033 346.329
-6.3 0.0735748 1.1299 0.378194 342.94
-6.2 0.0741597 1.13151 0.372355 339.55
-6.1 0.0747527 1.13313 0.366596 336.137
-6 0.0753458 1.13474 0.360838 332.724
-5.9 0.0759471 1.13636 0.355165 329.293
-5.8 0.0765483 1.13797 0.349491 325.863
-5.7 0.0771579 1.13959 0.343909 322.42
-5.6 0.0777675 1.14121 0.338327 318.978
-5.5 0.0783855 1.14283 0.33284 315.529
-5.4 0.0790035 1.14444 0.327354 312.08
-5.3 0.07963 1.14607 0.321967 308.631
-5.2 0.0802564 1.14769 0.316581 305.182
-5.1 0.0808915 1.14931 0.311298 301.737
-5 0.0815265 1.15093 0.306015 298.293
-4.9 0.0821701 1.15255 0.30084 294.858
-4.8 0.0828138 1.15418 0.295664 291.423
-4.7 0.0834662 1.1558 0.2906 288.003
-4.6 0.0841185 1.15743 0.285535 284.584
-4.5 0.0847797 1.15905 0.280583 281.183
-4.4 0.0854409 1.16068 0.275632 277.783
-4.3 0.0861109 1.16231 0.270796 274.406
-4.2 0.086781 1.16393 0.26596 271.03
-4.1 0.08746 1.16556 0.261241 267.682
-4 0.088139 1.16719 0.256522 264.334
-3.9 0.0888271 1.16882 0.251923 261.018
-3.8 0.0895151 1.17044 0.247323 257.702
-3.7 0.0902123 1.17207 0.242844 254.422
-3.6 0.0909095 1.1737 0.238364 251.142
-3.5 0.0916158 1.17533 0.234005 247.901
-3.4 0.0923222 1.17696 0.229646 244.66
-3.3 0.0930378 1.17859 0.225409 241.462
-3.2 0.0937535 1.18022 0.221171 238.264
-3.1 0.0944785 1.18185 0.217055 235.111
-3 0.0952035 1.18348 0.212939 231.958
-2.9 0.0959379 1.18511 0.208944 228.854
-2.8 0.0966723 1.18674 0.204949 225.749
-2.7 0.0974162 1.18837 0.201075 222.695
-2.6 0.0981602 1.19 0.1972 219.641
-2.5 0.0989137 1.19163 0.193446 216.639
-2.4 0.0996672 1.19326 0.189691 213.638
-2.3 0.10043 1.19489 0.186055 210.691
-2.2 0.101194 1.19652 0.18242 207.744
-2.1 0.101966 1.19815 0.178902 204.853
-2 0.102739 1.19978 0.175384 201.963
-1.9 0.103522 1.20141 0.171982 199.13
-1.8 0.104305 1.20304 0.16858 196.297
-1.7 0.105097 1.20467 0.165292 193.523
-1.6 0.10589 1.2063 0.162005 190.748
-1.5 0.106693 1.20792 0.15883 188.034
-1.4 0.107495 1.20955 0.155655 185.32
-1.3 0.108308 1.21117 0.152591 182.666
-1.2 0.10912 1.2128 0.149527 180.013
-1.1 0.109943 1.21443 0.146571 177.42
-1 0.110766 1.21605 0.143615 174.828
-0.9 0.111599 1.21767 0.140766 172.297
-0.8 0.112432 1.2193 0.137917 169.767
-0.7 0.113275 1.22092 0.135171 167.298
-0.6 0.114118 1.22254 0.132426 164.829
-0.5 0.114971 1.22416 0.129782 162.423
-0.4 0.115825 1.22578 0.127138 160.016
-0.3 0.116688 1.2274 0.124594 157.671
-0.2 0.117552 1.22901 0.122049 155.327
-0.1 0.118427 1.23063 0.119601 153.044
1.52933e-14 0.119301 1.23225 0.117152 150.761
0.1 0.120186 1.23386 0.114798 148.539
0.2 0.12107 1.23547 0.112444 146.318
0.3 0.121966 1.23709 0.110181 144.158
0.4 0.122861 1.2387 0.107917 141.997
0.5 0.123767 1.24031 0.105743 139.897
0.6 0.124673 1.24191 0.103569 137.798
0.7 0.12559 1.24352 0.10148 135.758
0.8 0.126506 1.24513 0.0993915 133.718
0.9 0.127434 1.24673 0.0973864 131.737
1 0.128361 1.24833 0.0953812 129.756
1.1 0.129299 1.24993 0.0934567 127.833
1.2 0.130238 1.25153 0.0915322 125.911
1.3 0.131187 1.25313 0.0896857 124.046
1.4 0.132136 1.25472 0.0878392 122.181
1.5 0.133096 1.25632 0.0860682 120.373
1.6 0.134056 1.25791 0.0842971 118.564
1.7 0.135027 1.2595 0.0825989 116.811
1.8 0.135998 1.26109 0.0809007 115.059
1.9 0.136981 1.26267 0.0792728 113.36
2 0.137963 1.26426 0.0776449 111.662
2.1 0.138956 1.26584 0.0760849 110.017
2.2 0.139949 1.26742 0.0745248 108.372
2.3 0.140954 1.269 0.0730301 106.78
2.4 0.141958 1.27058 0.0715354 105.187
2.5 0.142973 1.27215 0.0701036 103.646
2.6 0.143989 1.27372 0.0686718 102.105
2.7 0.145016 1.27529 0.0673006 100.614
2.8 0.146043 1.27686 0.0659295 99.1228
2.9 0.147081 1.27842 0.0646166 97.6806
3 0.148119 1.27998 0.0633037 96.2384
3.1 0.149168 1.28154 0.0620468 94.844
3.2 0.150218 1.2831 0.06079 93.4495
3.3 0.151279 1.28465 0.059587 92.1017
3.4 0.15234 1.2862 0.058384 90.7538
3.5 0.153412 1.28775 0.0572328 89.4512
3.6 0.154484 1.2893 0.0560815 88.1487
3.7 0.155568 1.29084 0.05498 86.8903
3.8 0.156652 1.29238 0.0538784 85.632
3.9 0.157747 1.29392 0.0528245 84.4166
4 0.158842 1.29545 0.0517705 83.2012
4.1 0.159949 1.29698 0.0507623 82.0276
4.2 0.161055 1.29851 0.0497541 80.854
4.3 0.162174 1.30004 0.0487898 79.7211
4.4 0.163292 1.30156 0.0478254 78.5881
4.5 0.164422 1.30308 0.0469031 77.4946
4.6 0.165552 1.30459 0.0459807 76.401
4.7 0.166693 1.3061 0.0450986 75.3458
4.8 0.167835 1.30761 0.0442165 74.2906
4.9 0.168988 1.30912 0.043373 73.2725
5 0.170141 1.31062 0.0425295 72.2545
5.1 0.171306 1.31212 0.0417229 71.2724
5.2 0.172471 1.31361 0.0409163 70.2904
5.3 0.173647 1.3151 0.040145 69.3433
5.4 0.174824 1.31659 0.0393737 68.3962
5.5 0.176012 1.31807 0.0386363 67.483
5.6 0.1772 1.31955 0.0378988 66.5698
5.7 0.1784 1.32102 0.0371938 65.6893
5.8 0.1796 1.3225 0.0364887 64.8089
5.9 0.180812 1.32396 0.0358145 63.9602
6 0.182024 1.32543 0.0351404 63.1115
6.1 0.183247 1.32689 0.0344958 62.2935
6.2 0.184471 1.32834 0.0338512 61.4755
6.3 0.185706 1.32979 0.033235 60.6873
6.4 0.186941 1.33124 0.0326187 59.899
6.5 0.188188 1.33268 0.0320295 59.1395
6.6 0.189435 1.33412 0.0314402 58.38
6.7 0.190694 1.33555 0.0308768 57.6483
6.8 0.191952 1.33698 0.0303134 56.9166
6.9 0.193223 1.3384 0.0297747 56.2117
7 0.194493 1.33982 0.029236 55.5069
7.1 0.195776 1.34124 0.0287208 54.828
7.2 0.197058 1.34265 0.0282057 54.1491
7.3 0.198352 1.34405 0.027713 53.4953
7.4 0.199646 1.34545 0.0272204 52.8415
7.5 0.200952 1.34685 0.0267493 52.2119
7.6 0.202258 1.34824 0.0262782 51.5824
7.7 0.203575 1.34962 0.0258276 50.9762
7.8 0.204893 1.351 0.025377 50.37
7.9 0.206222 1.35238 0.024946 49.7863
8 0.207552 1.35375 0.024515 49.2027
8.1 0.208893 1.35511 0.0241027 48.6409
8.2 0.210234 1.35647 0.0236905 48.079
8.3 0.211586 1.35782 0.023296 47.5382
8.4 0.212939 1.35917 0.0229016 46.9974
8.5 0.214304 1.36051 0.0225242 46.4769
8.6 0.215668 1.36185 0.0221469 45.9563
8.7 0.217044 1.36318 0.0217857 45.4554
8.8 0.21842 1.36451 0.0214246 44.9544
8.9 0.219808 1.36583 0.021079 44.4723
9 0.221196 1.36715 0.0207334 43.9902
9.1 0.222595 1.36845 0.0204026 43.5262
9.2 0.223994 1.36976 0.0200718 43.0623
9.3 0.225405 1.37105 0.0197552 42.6159
9.4 0.226816 1.37234 0.0194385 42.1695
9.5 0.228239 1.37363 0.0191353 41.74
9.6 0.229661 1.37491 0.0188321 41.3105
9.7 0.231095 1.37618 0.0185418 40.8973
9.8 0.232529 1.37745 0.0182515 40.4841
9.9 0.233974 1.3787 0.0179734 40.0866
10 0.23542 1.37996 0.0176953 39.6891
10.1 0.236876 1.3812 0.017429 39.3067
10.2 0.238333 1.38245 0.0171626 38.9243
10.3 0.239801 1.38368 0.0169074 38.5564
10.4 0.241269 1.38491 0.0166522 38.1886
10.5 0.242749 1.38612 0.0164076 37.8348
10.6 0.244228 1.38734 0.016163 37.481
10.7 0.245719 1.38854 0.0159286 37.1407
10.8 0.24721 1.38975 0.0156942 36.8004
10.9 0.248712 1.39094 0.0154694 36.4731
11 0.250213 1.39213 0.0152447 36.1458
11.1 0.251726 1.3933 0.0150292 35.8311
11.2 0.253239 1.39448 0.0148137 35.5163
11.3 0.254764 1.39564 0.014607 35.2136
11.4 0.256288 1.3968 0.0144003 34.911
11.5 0.257823 1.39795 0.014202 34.6199
11.6 0.259358 1.3991 0.0140037 34.3288
11.7 0.260904 1.40023 0.0138134 34.0489
11.8 0.26245 1.40136 0.0136231 33.769
11.9 0.264006 1.40248 0.0134405 33.4999
12 0.265563 1.4036 0.0132579 33.2307
12.1 0.267131 1.4047 0.0130825 32.972
12.2 0.268698 1.4058 0.0129072 32.7132
12.3 0.270277 1.40689 0.0127388 32.4644
12.4 0.271855 1.40798 0.0125704 32.2156
12.5 0.273444 1.40905 0.0124086 31.9763
12.6 0.275033 1.41012 0.0122468 31.7371
12.7 0.276632 1.41118 0.0120914 31.5071
12.8 0.278231 1.41224 0.011936 31.2771
12.9 0.279841 1.41328 0.0117866 31.056
13 0.281451 1.41432 0.0116372 30.8349
13.1 0.283071 1.41534 0.0114936 30.6223
13.2 0.284691 1.41636 0.0113499 30.4098
13.3 0.286322 1.41737 0.0112118 30.2054
13.4 0.287952 1.41838 0.0110737 30.0011
13.5 0.289592 1.41937 0.0109408 29.8046
13.6 0.291233 1.42036 0.0108079 29.6082
13.7 0.292883 1.42133 0.01068 29.4194
13.8 0.294534 1.42231 0.0105521 29.2305
13.9 0.296194 1.42326 0.010429 29.049
14 0.297855 1.42422 0.0103059 28.8675
14.1 0.299525 1.42516 0.0101874 28.693
14.2 0.301195 1.4261 0.0100689 28.5186
14.3 0.302875 1.42702 0.00995468 28.3509
14.4 0.304555 1.42795 0.00984049 28.1831
14.5 0.306244 1.42885 0.00973046 28.022
14.6 0.307934 1.42976 0.00962043 27.8608
14.7 0.309632 1.43064 0.00951438 27.7058
14.8 0.311331 1.43153 0.00940832 27.5509
14.9 0.313039 1.4324 0.00930605 27.402
15 0.314748 1.43327 0.00920378 27.2531
15.1 0.316465 1.43412 0.00910513 27.1099
15.2 0.318182 1.43497 0.00900648 26.9668
15.3 0.319909 1.4358 0.00891128 26.8293
15.4 0.321635 1.43664 0.00881609 26.6917
15.5 0.32337 1.43745 0.0087242 26.5595
15.6 0.325106 1.43826 0.00863231 26.4273
15.7 0.32685 1.43906 0.00854358 26.3003
15.8 0.328594 1.43985 0.00845485 26.1732
15.9 0.330347 1.44063 0.00836913 26.0511
16 0.332099 1.44141 0.00828341 25.929
16.1 0.333861 1.44216 0.00820057 25.8117
16.2 0.335622 1.44292 0.00811774 25.6943
16.3 0.337392 1.44366 0.00803765 25.5816
16.4 0.339161 1.4444 0.00795757 25.4688
16.5 0.340939 1.44511 0.00788012 25.3604
16.6 0.342717 1.44583 0.00780268 25.2521
16.7 0.344502 1.44653 0.00772775 25.1479
16.8 0.346288 1.44723 0.00765282 25.0438
16.9 0.348082 1.44791 0.00758029 24.9437
17 0.349876 1.44859 0.00750777 24.8436
17.1 0.351677 1.44925 0.00743755 24.7475
17.2 0.353479 1.44991 0.00736734 24.6513
17.3 0.355288 1.45055 0.00729932 24.5589
17.4 0.357097 1.45119 0.00723131 24.4665
17.5 0.358913 1.45181 0.0071654 24.3777
17.6 0.360729 1.45242 0.0070995 24.2889
17.7 0.362553 1.45302 0.00703561 24.2036
17.8 0.364377 1.45362 0.00697173 24.1183
17.9 0.366207 1.4542 0.00690978 24.0363
18 0.368038 1.45478 0.00684782 23.9543
18.1 0.369876 1.45534 0.00678772 23.8756
18.2 0.371713 1.45589 0.00672762 23.7968
18.3 0.373558 1.45643 0.00666929 23.7211
18.4 0.375402 1.45697 0.00661096 23.6454
18.5 0.377253 1.45748 0.00655433 23.5727
18.6 0.379104 1.458 0.00649769 23.5
18.7 0.380961 1.45849 0.00644269 23.4301
18.8 0.382818 1.45899 0.00638769 23.3602
18.9 0.384681 1.45946 0.00633424 23.2931
19 0.386545 1.45994 0.0062808 23.226
19.1 0.388414 1.46039 0.00622885 23.1615
19.2 0.390283 1.46084 0.0061769 23.097
19.3 0.392159 1.46127 0.00612638 23.035
19.4 0.394034 1.4617 0.00607586 22.973
19.5 0.395914 1.46211 0.00602672 22.9135
19.6 0.397795 1.46252 0.00597758 22.8539
19.7 0.399681 1.46291 0.00592976 22.7967
19.8 0.401568 1.4633 0.00588194 22.7395
19.9 0.403459 1.46367 0.00583538 22.6846
20 0.405351 1.46403 0.00578883 22.6296
20.1 0.407247 1.46438 0.00574349 22.5768
20.2 0.409143 1.46472 0.00569815 22.524
20.3 0.411045 1.46504 0.00565398 22.4733
20.4 0.412946 1.46537 0.00560981 22.4226
20.5 0.414852 1.46567 0.00556676 22.3739
20.6 0.416758 1.46597 0.00552371 22.3251
20.7 0.418668 1.46625 0.00548174 22.2783
20.8 0.420579 1.46653 0.00543977 22.2315
20.9 0.422493 1.46678 0.00539883 22.1865
21 0.424408 1.46704 0.00535789 22.1416
21.1 0.426326 1.46728 0.00531795 22.0984
21.2 0.428245 1.46751 0.00527802 22.0552
21.3 0.430167 1.46772 0.00523903 22.0137
21.4 0.43209 1.46794 0.00520005 21.9722
21.5 0.434016 1.46813 0.00516199 21.9323
21.6 0.435942 1.46832 0.00512393 21.8924
21.7 0.437871 1.46848 0.00508676 21.8541
21.8 0.439801 1.46865 0.00504959 21.8158
21.9 0.441733 1.4688 0.00501327 21.779
22 0.443666 1.46894 0.00497695 21.7423
22.1 0.445601 1.46907 0.00494145 21.7069
22.2 0.447537 1.46919 0.00490596 21.6716
22.3 0.449475 1.46929 0.00487125 21.6376
22.4 0.451414 1.46939 0.00483655 21.6037
22.5 0.453355 1.46947 0.00480261 21.5711
22.6 0.455296 1.46955 0.00476867 21.5385
22.7 0.457239 1.4696 0.00473547 21.5072
22.8 0.459182 1.46966 0.00470227 21.4759
22.9 0.461127 1.46969 0.00466977 21.4458
23 0.463073 1.46973 0.00463728 21.4157
23.1 0.46502 1.46974 0.00460547 21.3868
23.2 0.466967 1.46975 0.00457367 21.3579
23.3 0.468916 1.46974 0.00454252 21.3302
23.4 0.470865 1.46972 0.00451138 21.3024
23.5 0.472816 1.46969 0.00448087 21.2758
23.6 0.474766 1.46965 0.00445036 21.2491
23.7 0.476718 1.4696 0.00442047 21.2235
23.8 0.478669 1.46954 0.00439059 21.1979
23.9 0.480622 1.46946 0.00436129 21.1733
24 0.482575 1.46938 0.004332 21.1488
24.1 0.484528 1.46928 0.00430328 21.1251
24.2 0.486482 1.46918 0.00427457 21.1015
24.3 0.488436 1.46905 0.00424641 21.0789
24.4 0.49039 1.46893 0.00421825 21.0562
24.5 0.492345 1.46878 0.00419063 21.0344
24.6 0.494299 1.46863 0.00416301 21.0126
24.7 0.496254 1.46846 0.00413591 20.9917
24.8 0.498208 1.46829 0.00410881 20.9708
24.9 0.500163 1.4681 0.00408222 20.9507
25 0.502117 1.46791 0.00405563 20.9306
25.1 0.504072 1.4677 0.00402953 20.9113
25.2 0.506026 1.46748 0.00400342 20.892
25.3 0.50798 1.46724 0.0039778 20.8735
25.4 0.509934 1.46701 0.00395217 20.855
25.5 0.511887 1.46675 0.003927 20.8372
25.6 0.51384 1.46649 0.00390183 20.8194
25.7 0.515792 1.46621 0.00387711 20.8024
25.8 0.517744 1.46593 0.00385239 20.7853
25.9 0.519695 1.46562 0.0038281 20.7689
26 0.521646 1.46532 0.00380381 20.7525
26.1 0.523595 1.46499 0.00377994 20.7367
26.2 0.525545 1.46467 0.00375607 20.721
26.3 0.527493 1.46432 0.00373261 20.7059
26.4 0.529441 1.46397 0.00370914 20.6907
26.5 0.531387 1.4636 0.00368608 20.6762
26.6 0.533333 1.46323 0.00366301 20.6617
26.7 0.535277 1.46284 0.00364033 20.6478
26.8 0.537222 1.46244 0.00361765 20.6338
26.9 0.539164 1.46203 0.00359534 20.6204
27 0.541105 1.46162 0.00357303 20.6071
27.1 0.543045 1.46118 0.00355109 20.5942
27.2 0.544984 1.46074 0.00352915 20.5814
27.3 0.546921 1.46029 0.00350756 20.569
27.4 0.548858 1.45983 0.00348597 20.5567
27.5 0.550792 1.45935 0.00346472 20.5448
27.6 0.552726 1.45887 0.00344348 20.533
27.7 0.554656 1.45837 0.00342257 20.5216
27.8 0.556587 1.45787 0.00340166 20.5103
27.9 0.558515 1.45735 0.00338107 20.4993
28 0.560442 1.45683 0.00336049 20.4884
28.1 0.562366 1.45628 0.00334022 20.478
28.2 0.56429 1.45574 0.00331996 20.4675
28.3 0.566211 1.45517 0.0033 20.4574
28.4 0.568131 1.45461 0.00328005 20.4474
28.5 0.570047 1.45402 0.00326039 20.4377
28.6 0.571964 1.45344 0.00324074 20.4281
28.7 0.573876 1.45283 0.00322138 20.4188
28.8 0.575788 1.45222 0.00320202 20.4095
28.9 0.577696 1.4516 0.00318295 20.4006
29 0.579604 1.45097 0.00316388 20.3917
29.1 0.581508 1.45032 0.00314509 20.3832
29.2 0.583411 1.44967 0.0031263 20.3747
29.3 0.58531 1.449 0.00310779 20.3665
29.4 0.587208 1.44833 0.00308927 20.3583
29.5 0.589102 1.44764 0.00307102 20.3504
29.6 0.590996 1.44696 0.00305278 20.3425
29.7 0.592885 1.44625 0.00303479 20.335
29.8 0.594773 1.44554 0.0030168 20.3275
29.9 0.596657 1.44481 0.00299907 20.3202
30 0.59854 1.44408 0.00298134 20.313
30.1 0.600418 1.44333 0.00296386 20.306
30.2 0.602296 1.44258 0.00294638 20.2991
30.3 0.604168 1.44181 0.00292915 20.2924
30.4 0.606041 1.44104 0.00291191 20.2857
30.5 0.607907 1.44025 0.00289492 20.2793
30.6 0.609773 1.43946 0.00287792 20.2729
30.7 0.611634 1.43865 0.00286116 20.2668
30.8 0.613494 1.43784 0.0028444 20.2607
30.9 0.615348 1.43701 0.00282787 20.2548
31 0.617202 1.43618 0.00281133 20.2489
31.1 0.61905 1.43534 0.00279503 20.2432
31.2 0.620898 1.43449 0.00277872 20.2376
31.3 0.622739 1.43362 0.00276263 20.2322
31.4 0.62458 1.43276 0.00274654 20.2267
31.5 0.626414 1.43187 0.00273067 20.2215
31.6 0.628249 1.43099 0.0027148 20.2163
31.7 0.630076 1.43008 0.00269914 20.2113
31.8 0.631904 1.42918 0.00268347 20.2064
31.9 0.633724 1.42826 0.00266802 20.2016
32 0.635545 1.42733 0.00265257 20.1968
32.1 0.637358 1.42639 0.00263731 20.1922
32.2 0.639171 1.42545 0.00262206 20.1876
32.3 0.640977 1.42449 0.00260701 20.1832
32.4 0.642783 1.42353 0.00259196 20.1788
32.5 0.644581 1.42256 0.0025771 20.1746
32.6 0.646379 1.42158 0.00256225 20.1704
32.7 0.648169 1.42058 0.00254758 20.1663
32.8 0.64996 1.41959 0.00253292 20.1623
32.9 0.651742 1.41858 0.00251844 20.1584
33 0.653525 1.41757 0.00250397 20.1545
33.1 0.6553 1.41654 0.00248967 20.1508
33.2 0.657074 1.41551 0.00247538 20.1471
33.3 0.658841 1.41446 0.00246127 20.1435
33.4 0.660607 1.41341 0.00244716 20.1399
33.5 0.662365 1.41235 0.00243323 20.1365
33.6 0.664123 1.41129 0.0024193 20.1331
33.7 0.665873 1.41021 0.00240555 20.1298
33.8 0.667622 1.40913 0.00239179 20.1265
33.9 0.669363 1.40803 0.00237821 20.1234
34 0.671104 1.40693 0.00236462 20.1202
34.1 0.672837 1.40582 0.00235121 20.1172
34.2 0.674569 1.4047 0.00233779 20.1142
34.3 0.676292 1.40358 0.00232455 20.1113
34.4 0.678016 1.40245 0.0023113 20.1084
34.5 0.67973 1.4013 0.00229821 20.1057
34.6 0.681444 1.40016 0.00228513 20.1029
34.7 0.68315 1.39899 0.00227221 20.1002
34.8 0.684855 1.39783 0.00225928 20.0976
34.9 0.686551 1.39666 0.00224652 20.095
35 0.688247 1.39548 0.00223375 20.0925
35.1 0.689934 1.39429 0.00222115 20.0901
35.2 0.69162 1.3931 0.00220854 20.0876
35.3 0.693298 1.39189 0.00219608 20.0853
35.4 0.694975 1.39068 0.00218363 20.083
35.5 0.696642 1.38946 0.00217132 20.0807
35.6 0.69831 1.38824 0.00215902 20.0785
35.7 0.699968 1.38701 0.00214686 20.0764
35.8 0.701626 1.38577 0.0021347 20.0742
35.9 0.703274 1.38452 0.0021227 20.0722
36 0.704922 1.38327 0.00211069 20.0701
36.1 0.70656 1.382 0.00209882 20.0681
36.2 0.708198 1.38074 0.00208696 20.0662
36.3 0.709826 1.37946 0.00207523 20.0643
36.4 0.711454 1.37818 0.00206351 20.0624
36.5 0.713072 1.37689 0.00205192 20.0606
36.6 0.71469 1.3756 0.00204034 20.0588
36.7 0.716298 1.37429 0.0020289 20.0571
36.8 0.717906 1.37299 0.00201745 20.0554
36.9 0.719503 1.37167 0.00200614 20.0537
37 0.721101 1.37035 0.00199483 20.0521
37.1 0.722688 1.36902 0.00198365 20.0505
37.2 0.724275 1.36768 0.00197248 20.0489
37.3 0.725852 1.36634 0.00196143 20.0474
37.4 0.727428 1.365 0.00195039 20.0459
37.5 0.728994 1.36364 0.00193947 20.0445
37.6 0.730561 1.36228 0.00192856 20.043
37.7 0.732116 1.36091 0.00191777 20.0416
37.8 0.733671 1.35954 0.00190699 20.0402
37.9 0.735216 1.35816 0.00189633 20.0389
38 0.736761 1.35678 0.00188567 20.0376
38.1 0.738295 1.35539 0.00187513 20.0363
38.2 0.739829 1.35399 0.00186459 20.0351
38.3 0.741352 1.35259 0.00185418 20.0339
38.4 0.742875 1.35118 0.00184377 20.0326
38.5 0.744387 1.34977 0.00183348 20.0315
38.6 0.745899 1.34835 0.00182318 20.0303
38.7 0.747401 1.34692 0.00181301 20.0292
38.8 0.748902 1.34549 0.00180284 20.0281
38.9 0.750392 1.34406 0.00179279 20.0271
39 0.751882 1.34262 0.00178273 20.026
39.1 0.753361 1.34117 0.00177279 20.025
39.2 0.754841 1.33972 0.00176286 20.024
39.3 0.756309 1.33826 0.00175303 20.023
39.4 0.757776 1.3368 0.00174321 20.0221
39.5 0.759233 1.33533 0.0017335 20.0211
39.6 0.76069 1.33386 0.00172379 20.0202
39.7 0.762136 1.33238 0.00171419 20.0193
39.8 0.763581 1.3309 0.00170459 20.0185
39.9 0.765015 1.32941 0.0016951 20.0176
40 0.76645 1.32792 0.00168561 20.0168
40.1 0.767873 1.32642 0.00167623 20.016
40.2 0.769296 1.32492 0.00166686 20.0152
40.3 0.770707 1.32342 0.00165758 20.0144
40.4 0.772119 1.32191 0.00164831 20.0136
40.5 0.773519 1.32039 0.00163915 20.0129
40.6 0.774919 1.31887 0.00162998 20.0122
40.7 0.776308 1.31735 0.00162092 20.0115
40.8 0.777697 1.31582 0.00161186 20.0108
40.9 0.779074 1.31429 0.0016029 20.0101
41 0.780451 1.31275 0.00159394 20.0095
41.1 0.781817 1.31121 0.00158508 20.0088
41.2 0.783183 1.30966 0.00157623 20.0082
41.3 0.784537 1.30811 0.00156747 20.0076
41.4 0.785892 1.30656 0.00155872 20.007
41.5 0.787235 1.305 0.00155006 20.0064
41.6 0.788578 1.30344 0.00154141 20.0058
41.7 0.789909 1.30188 0.00153285 20.0053
41.8 0.79124 1.30031 0.00152429 20.0047
41.9 0.79256 1.29874 0.00151583 20.0042
42 0.79388 1.29716 0.00150737 20.0037
42.1 0.795188 1.29558 0.001499 20.0032
42.2 0.796496 1.294 0.00149064 20.0027
42.3 0.797793 1.29241 0.00148237 20.0022
42.4 0.799089 1.29082 0.0014741 20.0018
42.5 0.800374 1.28922 0.00146592 20.0013
42.6 0.801659 1.28763 0.00145774 20.0009
42.7 0.802933 1.28603 0.00144966 20.0004
42.8 0.804206 1.28442 0.00144158 20
42.9 0.805468 1.28282 0.00143358 19.9996
43 0.80673 1.28121 0.00142559 19.9992
43.1 0.807981 1.27959 0.00141769 19.9988
43.2 0.809231 1.27798 0.00140978 19.9984
43.3 0.81047 1.27636 0.00140197 19.9981
43.4 0.811708 1.27474 0.00139415 19.9977
43.5 0.812936 1.27311 0.00138643 19.9974
43.6 0.814163 1.27148 0.0013787 19.997
43.7 0.815378 1.26985 0.00137106 19.9967
43.8 0.816594 1.26822 0.00136342 19.9964
43.9 0.817798 1.26658 0.00135587 19.996
44 0.819002 1.26494 0.00134831 19.9957
44.1 0.820195 1.2633 0.00134085 19.9954
44.2 0.821387 1.26166 0.00133338 19.9951
44.3 0.822568 1.26001 0.00132599 19.9949
44.4 0.823749 1.25837 0.00131861 19.9946
44.5 0.824919 1.25671 0.0013113 19.9943
44.6 0.826088 1.25506 0.001304 19.994
44.7 0.827246 1.2534 0.00129678 19.9938
44.8 0.828404 1.25175 0.00128956 19.9935
44.9 0.829551 1.25009 0.00128242 19.9933
45 0.830698 1.24843 0.00127528 19.9931
45.1 0.831833 1.24676 0.00126822 19.9929
45.2 0.832968 1.2451 0.00126116 19.9926
45.3 0.834092 1.24343 0.00125418 19.9924
45.4 0.835216 1.24176 0.0012472 19.9922
45.5 0.836328 1.24009 0.0012403 19.992
45.6 0.83744 1.23841 0.0012334 19.9918
45.7 0.838541 1.23674 0.00122657 19.9916
45.8 0.839642 1.23506 0.00121974 19.9914
45.9 0.840732 1.23338 0.00121299 19.9913
46 0.841822 1.2317 0.00120625 19.9911
46.1 0.8429 1.23002 0.00119957 19.9909
46.2 0.843979 1.22834 0.0011929 19.9908
46.3 0.845046 1.22665 0.0011863 19.9906
46.4 0.846113 1.22497 0.0011797 19.9905
46.5 0.847169 1.22328 0.00117317 19.9903
46.6 0.848225 1.22159 0.00116665 19.9902
46.7 0.84927 1.2199 0.00116019 19.99
46.8 0.850315 1.21821 0.00115374 19.9899
46.9 0.851349 1.21652 0.00114736 19.9898
47 0.852382 1.21482 0.00114098 19.9896
47.1 0.853405 1.21313 0.00113467 19.9895
47.2 0.854428 1.21143 0.00112836 19.9894
47.3 0.855439 1.20973 0.00112212 19.9893
47.4 0.856451 1.20804 0.00111588 19.9892
47.5 0.857452 1.20634 0.0011097 19.9891
47.6 0.858452 1.20464 0.00110353 19.989
47.7 0.859442 1.20294 0.00109743 19.9889
47.8 0.860432 1.20124 0.00109133 19.9888
47.9 0.861411 1.19953 0.0010853 19.9887
48 0.862389 1.19783 0.00107926 19.9886
48.1 0.863357 1.19613 0.0010733 19.9885
48.2 0.864325 1.19442 0.00106733 19.9885
48.3 0.865283 1.19272 0.00106143 19.9884
48.4 0.86624 1.19101 0.00105553 19.9883
48.5 0.867186 1.18931 0.00104969 19.9882
48.6 0.868133 1.1876 0.00104386 19.9882
48.7 0.869069 1.18589 0.00103809 19.9881
48.8 0.870004 1.18419 0.00103232 19.988
48.9 0.87093 1.18248 0.00102661 19.988
49 0.871855 1.18077 0.0010209 19.9879
49.1 0.872769 1.17906 0.00101526 19.9879
49.2 0.873684 1.17735 0.00100962 19.9878
49.3 0.874588 1.17564 0.00100404 19.9878
49.4 0.875492 1.17394 0.000998457 19.9877
49.5 0.876386 1.17223 0.000992939 19.9877
49.6 0.87728 1.17052 0.000987421 19.9877
49.7 0.878163 1.16881 0.000981964 19.9876
49.8 0.879046 1.1671 0.000976507 19.9876
49.9 0.879919 1.16539 0.00097111 19.9876
50 0.880792 1.16368 0.000965713 19.9875
50.1 0.881655 1.16197 0.000960377 19.9875
50.2 0.882518 1.16026 0.00095504 19.9875
50.3 0.883371 1.15856 0.000949763 19.9874
50.4 0.884223 1.15685 0.000944485 19.9874
50.5 0.885066 1.15514 0.000939266 19.9874
50.6 0.885908 1.15343 0.000934047 19.9874
50.7 0.88674 1.15172 0.000928886 19.9874
50.8 0.887573 1.15002 0.000923725 19.9874
50.9 0.888395 1.14831 0.000918621 19.9873
51 0.889218 1.1466 0.000913517 19.9873
51.1 0.89003 1.1449 0.000908469 19.9873
51.2 0.890843 1.14319 0.000903422 19.9873
51.3 0.891645 1.14149 0.000898431 19.9873
51.4 0.892448 1.13978 0.000893439 19.9873
51.5 0.893241 1.13808 0.000888503 19.9873
51.6 0.894034 1.13638 0.000883567 19.9873
51.7 0.894817 1.13467 0.000878685 19.9873
51.8 0.8956 1.13297 0.000873804 19.9873
51.9 0.896374 1.13127 0.000868976 19.9873
52 0.897147 1.12957 0.000864149 19.9873
52.1 0.897911 1.12787 0.000859375 19.9873
52.2 0.898675 1.12617 0.000854601 19.9873
52.3 0.89943 1.12447 0.00084988 19.9873
52.4 0.900184 1.12277 0.000845158 19.9873
52.5 0.900929 1.12108 0.00084049 19.9873
52.6 0.901674 1.11938 0.000835821 19.9873
52.7 0.90241 1.11769 0.000831203 19.9874
52.8 0.903146 1.116 0.000826586 19.9874
52.9 0.903872 1.1143 0.00082202 19.9874
53 0.904598 1.11261 0.000817454 19.9874
53.1 0.905316 1.11092 0.000812938 19.9874
53.2 0.906033 1.10923 0.000808423 19.9874
53.3 0.906741 1.10754 0.000803957 19.9875
53.4 0.907449 1.10586 0.000799491 19.9875
53.5 0.908148 1.10417 0.000795075 19.9875
53.6 0.908847 1.10249 0.000790659 19.9875
53.7 0.909537 1.1008 0.000786292 19.9875
53.8 0.910227 1.09912 0.000781924 19.9876
53.9 0.910909 1.09744 0.000777605 19.9876
54 0.91159 1.09576 0.000773286 19.9876
54.1 0.912262 1.09408 0.000769015 19.9876
54.2 0.912935 1.0924 0.000764744 19.9877
54.3 0.913598 1.09073 0.000760519 19.9877
54.4 0.914262 1.08905 0.000756295 19.9877
54.5 0.914917 1.08738 0.000752118 19.9877
54.6 0.915572 1.08571 0.000747941 19.9878
54.7 0.916218 1.08404 0.00074381 19.9878
54.8 0.916865 1.08237 0.000739678 19.9878
54.9 0.917503 1.0807 0.000735593 19.9879
55 0.91814 1.07904 0.000731508 19.9879
55.1 0.91877 1.07738 0.000727467 19.9879
55.2 0.919399 1.07571 0.000723427 19.9879
55.3 0.92002 1.07405 0.000719431 19.988
55.4 0.920642 1.07239 0.000715436 19.988
55.5 0.921254 1.07074 0.000711484 19.988
55.6 0.921867 1.06908 0.000707533 19.9881
55.7 0.922472 1.06743 0.000703625 19.9881
55.8 0.923076 1.06577 0.000699717 19.9881
55.9 0.923673 1.06412 0.000695853 19.9882
56 0.924269 1.06247 0.000691988 19.9882
56.1 0.924858 1.06083 0.000688166 19.9883
56.2 0.925446 1.05918 0.000684344 19.9883
56.3 0.926027 1.05754 0.000680565 19.9883
56.4 0.926607 1.0559 0.000676785 19.9884
56.5 0.92718 1.05426 0.000673047 19.9884
56.6 0.927753 1.05262 0.000669309 19.9884
56.7 0.928317 1.05098 0.000665613 19.9885
56.8 0.928882 1.04935 0.000661916 19.9885
56.9 0.929439 1.04772 0.000658261 19.9886
57 0.929996 1.04609 0.000654605 19.9886
57.1 0.930546 1.04446 0.00065099 19.9886
57.2 0.931095 1.04283 0.000647374 19.9887
57.3 0.931637 1.04121 0.000643799 19.9887
57.4 0.932179 1.03959 0.000640224 19.9888
57.5 0.932713 1.03797 0.000636688 19.9888
57.6 0.933248 1.03635 0.000633152 19.9888
57.7 0.933775 1.03473 0.000629655 19.9889
57.8 0.934301 1.03312 0.000626158 19.9889
57.9 0.934821 1.03151 0.0006227 19.989
58 0.935341 1.02989 0.000619242 19.989
58.1 0.935853 1.02829 0.000615822 19.989
58.2 0.936365 1.02668 0.000612402 19.9891
58.3 0.936871 1.02508 0.00060902 19.9891
58.4 0.937376 1.02348 0.000605638 19.9892
58.5 0.937874 1.02188 0.000602293 19.9892
58.6 0.938372 1.02028 0.000598948 19.9892
58.7 0.938863 1.01869 0.000595641 19.9893
58.8 0.939354 1.01709 0.000592333 19.9893
58.9 0.939838 1.01551 0.000589062 19.9894
59 0.940322 1.01392 0.00058579 19.9894
59.1 0.940799 1.01233 0.000582555 19.9895
59.2 0.941276 1.01075 0.00057932 19.9895
59.3 0.941747 1.00917 0.000576121 19.9895
59.4 0.942217 1.00759 0.000572921 19.9896
59.5 0.942681 1.00601 0.000569757 19.9896
59.6 0.943144 1.00444 0.000566593 19.9897
59.7 0.943601 1.00287 0.000563464 19.9897
59.8 0.944059 1.0013 0.000560335 19.9898
59.9 0.944509 0.99973 0.00055724 19.9898
60 0.944959 0.998165 0.000554146 19.9898
60.1 0.945403 0.996604 0.000551085 19.9899
60.2 0.945847 0.995043 0.000548025 19.9899
60.3 0.946285 0.993486 0.000544998 19.99
60.4 0.946722 0.99193 0.000541972 19.99
60.5 0.947153 0.990379 0.000538979 19.9901
60.6 0.947585 0.988828 0.000535986 19.9901
60.7 0.94801 0.987281 0.000533025 19.9901
60.8 0.948434 0.985735 0.000530065 19.9902
60.9 0.948853 0.984194 0.000527138 19.9902
61 0.949272 0.982652 0.000524211 19.9903
61.1 0.949684 0.981116 0.000521316 19.9903
61.2 0.950097 0.97958 0.000518421 19.9904
61.3 0.950503 0.978048 0.000515558 19.9904
61.4 0.95091 0.976517 0.000512694 19.9904
61.5 0.95131 0.974991 0.000509863 19.9905
61.6 0.951711 0.973464 0.000507032 19.9905
61.7 0.952105 0.971943 0.000504231 19.9906
61.8 0.9525 0.970422 0.000501431 19.9906
61.9 0.952889 0.968906 0.000498662 19.9907
62 0.953278 0.96739 0.000495893 19.9907
62.1 0.953661 0.965879 0.000493154 19.9907
62.2 0.954044 0.964369 0.000490415 19.9908
62.3 0.954421 0.962863 0.000487707 19.9908
62.4 0.954798 0.961357 0.000484999 19.9909
62.5 0.95517 0.959857 0.00048232 19.9909
62.6 0.955541 0.958356 0.000479642 19.991
62.7 0.955907 0.956861 0.000476993 19.991
62.8 0.956274 0.955366 0.000474344 19.991
62.9 0.956634 0.953876 0.000471724 19.9911
63 0.956995 0.952387 0.000469104 19.9911
63.1 0.95735 0.950902 0.000466514 19.9912
63.2 0.957705 0.949417 0.000463923 19.9912
63.3 0.958055 0.947938 0.000461361 19.9913
63.4 0.958405 0.946459 0.000458799 19.9913
63.5 0.958749 0.944985 0.000456265 19.9913
63.6 0.959094 0.943511 0.000453731 19.9914
63.7 0.959433 0.942043 0.000451225 19.9914
63.8 0.959772 0.940575 0.000448719 19.9915
63.9 0.960106 0.939112 0.000446241 19.9915
64 0.960441 0.937649 0.000443763 19.9915
64.1 0.96077 0.936191 0.000441312 19.9916
64.2 0.961099 0.934733 0.000438861 19.9916
64.3 0.961423 0.933281 0.000436438 19.9917
64.4 0.961747 0.931829 0.000434014 19.9917
64.5 0.962066 0.930382 0.000431617 19.9917
64.6 0.962385 0.928936 0.00042922 19.9918
64.7 0.962699 0.927494 0.000426849 19.9918
64.8 0.963013 0.926053 0.000424479 19.9919
64.9 0.963323 0.924617 0.000422135 19.9919
65 0.963632 0.923182 0.00041979 19.9919
65.1 0.963937 0.921752 0.000417472 19.992
65.2 0.964241 0.920321 0.000415153 19.992
65.3 0.964541 0.918897 0.00041286 19.9921
65.4 0.964841 0.917472 0.000410568 19.9921
65.5 0.965136 0.916053 0.0004083 19.9921
65.6 0.965431 0.914634 0.000406033 19.9922
65.7 0.965722 0.91322 0.00040379 19.9922
65.8 0.966013 0.911806 0.000401548 19.9923
65.9 0.966299 0.910398 0.00039933 19.9923
66 0.966585 0.90899 0.000397112 19.9923
66.1 0.966867 0.907588 0.000394919 19.9924
66.2 0.967148 0.906185 0.000392726 19.9924
66.3 0.967426 0.904788 0.000390557 19.9925
66.4 0.967703 0.903391 0.000388388 19.9925
66.5 0.967976 0.902 0.000386243 19.9925
66.6 0.968249 0.900609 0.000384098 19.9926
66.7 0.968517 0.899223 0.000381976 19.9926
66.8 0.968786 0.897837 0.000379855 19.9926
66.9 0.96905 0.896457 0.000377757 19.9927
67 0.969315 0.895077 0.000375659 19.9927
67.1 0.969575 0.893702 0.000373584 19.9928
67.2 0.969835 0.892328 0.00037151 19.9928
67.3 0.970092 0.890959 0.000369458 19.9928
67.4 0.970348 0.88959 0.000367406 19.9929
67.5 0.9706 0.888227 0.000365377 19.9929
67.6 0.970852 0.886863 0.000363348 19.9929
67.7 0.9711 0.885506 0.000361341 19.993
67.8 0.971348 0.884148 0.000359334 19.993
67.9 0.971592 0.882796 0.000357349 19.993
68 0.971837 0.881444 0.000355365 19.9931
68.1 0.972077 0.880097 0.000353402 19.9931
68.2 0.972317 0.878751 0.000351439 19.9932
68.3 0.972554 0.87741 0.000349498 19.9932
68.4 0.97279 0.876069 0.000347557 19.9932
68.5 0.973023 0.874734 0.000345638 19.9933
68.6 0.973256 0.873398 0.000343718 19.9933
68.7 0.973485 0.872069 0.00034182 19.9933
68.8 0.973714 0.870739 0.000339922 19.9934
68.9 0.973939 0.869415 0.000338044 19.9934
69 0.974164 0.868091 0.000336167 19.9934
69.1 0.974386 0.866772 0.00033431 19.9935
69.2 0.974608 0.865454 0.000332453 19.9935
69.3 0.974826 0.864141 0.000330617 19.9935
69.4 0.975044 0.862828 0.000328781 19.9936
69.5 0.975258 0.861521 0.000326965 19.9936
69.6 0.975473 0.860214 0.000325149 19.9936
69.7 0.975684 0.858912 0.000323353 19.9937
69.8 0.975895 0.857611 0.000321557 19.9937
69.9 0.976103 0.856315 0.000319781 19.9937
70 0.976311 0.855019 0.000318005 19.9938
70.1 0.976515 0.853728 0.000316249 19.9938
70.2 0.976719 0.852438 0.000314493 19.9938
70.3 0.97692 0.851153 0.000312756 19.9939
70.4 0.977122 0.849868 0.000311019 19.9939
70.5 0.977319 0.848589 0.000309301 19.9939
70.6 0.977517 0.847309 0.000307583 19.994
70.7 0.977712 0.846036 0.000305884 19.994
70.8 0.977906 0.844762 0.000304185 19.994
70.9 0.978098 0.843494 0.000302505 19.9941
71 0.978289 0.842226 0.000300825 19.9941
71.1 0.978477 0.840963 0.000299163 19.9941
71.2 0.978666 0.839701 0.000297502 19.9941
71.3 0.978851 0.838443 0.000295859 19.9942
71.4 0.979036 0.837186 0.000294216 19.9942
71.5 0.979218 0.835935 0.000292591 19.9942
71.6 0.9794 0.834683 0.000290966 19.9943
71.7 0.979579 0.833437 0.000289358 19.9943
71.8 0.979758 0.832191 0.000287751 19.9943
71.9 0.979935 0.830951 0.000286162 19.9944
72 0.980111 0.82971 0.000284573 19.9944
72.1 0.980284 0.828476 0.000283001 19.9944
72.2 0.980458 0.827241 0.000281429 19.9945
72.3 0.980628 0.826011 0.000279875 19.9945
72.4 0.980798 0.824782 0.00027832 19.9945
72.5 0.980966 0.823558 0.000276783 19.9945
72.6 0.981134 0.822334 0.000275246 19.9946
72.7 0.981299 0.821115 0.000273725 19.9946
72.8 0.981463 0.819897 0.000272205 19.9946
72.9 0.981626 0.818684 0.000270702 19.9947
73 0.981788 0.81747 0.000269198 19.9947
73.1 0.981947 0.816263 0.000267711 19.9947
73.2 0.982107 0.815055 0.000266224 19.9947
73.3 0.982263 0.813853 0.000264754 19.9948
73.4 0.98242 0.812651 0.000263283 19.9948
73.5 0.982574 0.811454 0.000261829 19.9948
73.6 0.982729 0.810257 0.000260375 19.9949
73.7 0.98288 0.809066 0.000258937 19.9949
73.8 0.983032 0.807875 0.000257499 19.9949
73.9 0.983181 0.806689 0.000256076 19.9949
74 0.98333 0.805503 0.000254654 19.995
74.1 0.983476 0.804322 0.000253247 19.995
74.2 0.983623 0.803141 0.000251841 19.995
74.3 0.983767 0.801966 0.00025045 19.995
74.4 0.983911 0.800791 0.000249059 19.9951
74.5 0.984053 0.799621 0.000247683 19.9951
74.6 0.984195 0.798451 0.000246307 19.9951
74.7 0.984334 0.797287 0.000244947 19.9952
74.8 0.984473 0.796122 0.000243587 19.9952
74.9 0.98461 0.794963 0.000242241 19.9952
75 0.984747 0.793804 0.000240896 19.9952
75.1 0.984882 0.79265 0.000239565 19.9953
75.2 0.985017 0.791496 0.000238234 19.9953
75.3 0.985149 0.790347 0.000236919 19.9953
75.4 0.985282 0.789198 0.000235603 19.9953
75.5 0.985412 0.788055 0.000234301 19.9954
75.6 0.985542 0.786912 0.000233 19.9954
75.7 0.98567 0.785774 0.000231713 19.9954
75.8 0.985798 0.784635 0.000230426 19.9954
75.9 0.985924 0.783502 0.000229153 19.9955
76 0.98605 0.78237 0.00022788 19.9955
76.1 0.986173 0.781242 0.000226622 19.9955
76.2 0.986297 0.780114 0.000225363 19.9955
76.3 0.986419 0.778992 0.000224118 19.9956
76.4 0.98654 0.777869 0.000222873 19.9956
76.5 0.98666 0.776752 0.000221642 19.9956
76.6 0.986779 0.775634 0.000220411 19.9956
76.7 0.986897 0.774522 0.000219194 19.9956
76.8 0.987014 0.77341 0.000217976 19.9957
76.9 0.98713 0.772303 0.000216772 19.9957
77 0.987245 0.771196 0.000215568 19.9957
77.1 0.987359 0.770094 0.000214377 19.9957
77.2 0.987473 0.768992 0.000213187 19.9958
77.3 0.987584 0.767895 0.000212009 19.9958
77.4 0.987696 0.766799 0.000210832 19.9958
77.5 0.987805 0.765707 0.000209667 19.9958
77.6 0.987915 0.764615 0.000208502 19.9959
77.7 0.988023 0.763529 0.000207351 19.9959
77.8 0.988131 0.762442 0.000206199 19.9959
77.9 0.988237 0.76136 0.00020506 19.9959
78 0.988343 0.760279 0.000203921 19.9959
78.1 0.988447 0.759202 0.000202795 19.996
78.2 0.988551 0.758126 0.000201668 19.996
78.3 0.988653 0.757054 0.000200554 19.996
78.4 0.988756 0.755982 0.00019944 19.996
78.5 0.988856 0.754916 0.000198339 19.9961
78.6 0.988957 0.753849 0.000197237 19.9961
78.7 0.989056 0.752788 0.000196148 19.9961
78.8 0.989155 0.751726 0.000195058 19.9961
78.9 0.989252 0.750669 0.000193981 19.9961
79 0.989349 0.749613 0.000192903 19.9962
79.1 0.989444 0.748561 0.000191838 19.9962
79.2 0.98954 0.747509 0.000190772 19.9962
79.3 0.989634 0.746462 0.000189718 19.9962
79.4 0.989728 0.745416 0.000188664 19.9962
79.5 0.98982 0.744374 0.000187622 19.9963
79.6 0.989912 0.743332 0.00018658 19.9963
79.7 0.990003 0.742295 0.00018555 19.9963
79.8 0.990093 0.741258 0.000184519 19.9963
79.9 0.990182 0.740225 0.0001835 19.9963
80 0.990272 0.739193 0.00018248 19.9964
80.1 0.990359 0.738166 0.000181472 19.9964
80.2 0.990447 0.737138 0.000180464 19.9964
80.3 0.990533 0.736116 0.000179468 19.9964
80.4 0.990619 0.735093 0.000178471 19.9964
80.5 0.990703 0.734075 0.000177485 19.9965
80.6 0.990788 0.733057 0.000176499 19.9965
80.7 0.990871 0.732044 0.000175524 19.9965
80.8 0.990954 0.731031 0.000174549 19.9965
80.9 0.991035 0.730023 0.000173585 19.9965
81 0.991117 0.729015 0.000172621 19.9966
81.1 0.991197 0.728011 0.000171667 19.9966
81.2 0.991277 0.727007 0.000170714 19.9966
81.3 0.991356 0.726009 0.000169771 19.9966
81.4 0.991435 0.72501 0.000168828 19.9966
81.5 0.991512 0.724015 0.000167895 19.9967
81.6 0.99159 0.723021 0.000166963 19.9967
81.7 0.991666 0.722032 0.00016604 19.9967
81.8 0.991742 0.721042 0.000165118 19.9967
81.9 0.991816 0.720057 0.000164206 19.9967
82 0.991891 0.719072 0.000163294 19.9967
82.1 0.991965 0.718092 0.000162392 19.9968
82.2 0.992038 0.717112 0.00016149 19.9968
82.3 0.99211 0.716136 0.000160598 19.9968
82.4 0.992182 0.71516 0.000159706 19.9968
82.5 0.992253 0.714189 0.000158823 19.9968
82.6 0.992324 0.713218 0.000157941 19.9969
82.7 0.992394 0.712251 0.000157069 19.9969
82.8 0.992463 0.711285 0.000156196 19.9969
82.9 0.992532 0.710322 0.000155333 19.9969
83 0.9926 0.70936 0.000154471 19.9969
83.1 0.992667 0.708403 0.000153617 19.9969
83.2 0.992734 0.707445 0.000152764 19.997
83.3 0.9928 0.706492 0.00015192 19.997
83.4 0.992866 0.705539 0.000151076 19.997
83.5 0.992931 0.70459 0.000150242 19.997
83.6 0.992996 0.703642 0.000149407 19.997
83.7 0.99306 0.702697 0.000148582 19.997
83.8 0.993124 0.701753 0.000147757 19.9971
83.9 0.993186 0.700813 0.00014694 19.9971
84 0.993249 0.699874 0.000146124 19.9971
84.1 0.99331 0.698938 0.000145317 19.9971
84.2 0.993372 0.698003 0.00014451 19.9971
84.3 0.993432 0.697072 0.000143711 19.9971
84.4 0.993492 0.696141 0.000142913 19.9971
84.5 0.993552 0.695214 0.000142124 19.9972
84.6 0.993611 0.694288 0.000141334 19.9972
84.7 0.993669 0.693365 0.000140554 19.9972
84.8 0.993728 0.692443 0.000139773 19.9972
84.9 0.993785 0.691525 0.000139001 19.9972
85 0.993842 0.690607 0.000138229 19.9972
85.1 0.993898 0.689693 0.000137465 19.9973
85.2 0.993955 0.688779 0.000136701 19.9973
85.3 0.99401 0.68787 0.000135946 19.9973
85.4 0.994065 0.68696 0.000135191 19.9973
85.5 0.994119 0.686055 0.000134444 19.9973
85.6 0.994173 0.68515 0.000133698 19.9973
85.7 0.994227 0.684249 0.000132959 19.9973
85.8 0.99428 0.683348 0.00013222 19.9974
85.9 0.994332 0.682451 0.00013149 19.9974
86 0.994385 0.681554 0.00013076 19.9974
86.1 0.994436 0.680662 0.000130037 19.9974
86.2 0.994488 0.679769 0.000129315 19.9974
86.3 0.994538 0.678881 0.000128601 19.9974
86.4 0.994589 0.677992 0.000127886 19.9974
86.5 0.994638 0.677108 0.00012718 19.9975
86.6 0.994688 0.676223 0.000126473 19.9975
86.7 0.994736 0.675343 0.000125775 19.9975
86.8 0.994785 0.674463 0.000125076 19.9975
86.9 0.994833 0.673587 0.000124385 19.9975
87 0.994881 0.672711 0.000123694 19.9975
87.1 0.994928 0.671839 0.000123011 19.9975
87.2 0.994975 0.670967 0.000122328 19.9976
87.3 0.995021 0.670099 0.000121652 19.9976
87.4 0.995067 0.669231 0.000120976 19.9976
87.5 0.995112 0.668367 0.000120308 19.9976
87.6 0.995158 0.667503 0.000119639 19.9976
87.7 0.995202 0.666643 0.000118979 19.9976
87.8 0.995247 0.665783 0.000118318 19.9976
87.9 0.99529 0.664927 0.000117664 19.9977
88 0.995334 0.664071 0.00011701 19.9977
88.1 0.995377 0.663219 0.000116364 19.9977
88.2 0.99542 0.662367 0.000115718 19.9977
88.3 0.995462 0.661519 0.000115078 19.9977
88.4 0.995504 0.660671 0.000114439 19.9977
88.5 0.995546 0.659826 0.000113807 19.9977
88.6 0.995587 0.658982 0.000113175 19.9977
88.7 0.995628 0.658142 0.00011255 19.9978
88.8 0.995668 0.657302 0.000111924 19.9978
88.9 0.995708 0.656465 0.000111306 19.9978
89 0.995748 0.655629 0.000110688 19.9978
89.1 0.995787 0.654796 0.000110076 19.9978
89.2 0.995826 0.653964 0.000109465 19.9978
89.3 0.995865 0.653135 0.00010886 19.9978
89.4 0.995903 0.652307 0.000108255 19.9978
89.5 0.995941 0.651482 0.000107657 19.9978
89.6 0.995979 0.650657 0.000107059 19.9979
89.7 0.996016 0.649836 0.000106468 19.9979
89.8 0.996053 0.649015 0.000105877 19.9979
89.9 0.99609 0.648197 0.000105292 19.9979
90 0.996126 0.64738 0.000104707 19.9979
90.1 0.996162 0.646567 0.000104128 19.9979
90.2 0.996198 0.645753 0.00010355 19.9979
90.3 0.996233 0.644943 0.000102978 19.9979
90.4 0.996268 0.644133 0.000102406 19.998
90.5 0.996303 0.643327 0.00010184 19.998
90.6 0.996337 0.642521 0.000101274 19.998
90.7 0.996371 0.641719 0.000100715 19.998
90.8 0.996405 0.640916 0.000100156 19.998
90.9 0.996438 0.640118 9.96023e-05 19.998
91 0.996471 0.639319 9.9049e-05 19.998
91.1 0.996504 0.638524 9.85018e-05 19.998
91.2 0.996537 0.637729 9.79546e-05 19.998
91.3 0.996569 0.636937 9.74135e-05 19.9981
91.4 0.996601 0.636146 9.68724e-05 19.9981
91.5 0.996632 0.635358 9.63372e-05 19.9981
91.6 0.996664 0.63457 9.58021e-05 19.9981
91.7 0.996695 0.633786 9.52728e-05 19.9981
91.8 0.996726 0.633002 9.47436e-05 19.9981
91.9 0.996756 0.632221 9.42202e-05 19.9981
92 0.996787 0.631441 9.36968e-05 19.9981
92.1 0.996816 0.630663 9.31792e-05 19.9981
92.2 0.996846 0.629886 9.26616e-05 19.9981
92.3 0.996875 0.629113 9.21497e-05 19.9982
92.4 0.996905 0.628339 9.16378e-05 19.9982
92.5 0.996933 0.627569 9.11316e-05 19.9982
92.6 0.996962 0.626799 9.06253e-05 19.9982
92.7 0.99699 0.626033 9.01247e-05 19.9982
92.8 0.997019 0.625266 8.96241e-05 19.9982
92.9 0.997046 0.624503 8.9129e-05 19.9982
93 0.997074 0.62374 8.86338e-05 19.9982
93.1 0.997101 0.62298 8.81442e-05 19.9982
93.2 0.997128 0.62222 8.76546e-05 19.9982
93.3 0.997155 0.621464 8.71703e-05 19.9983
93.4 0.997182 0.620708 8.66861e-05 19.9983
93.5 0.997208 0.619955 8.62072e-05 19.9983
93.6 0.997234 0.619202 8.57283e-05 19.9983
93.7 0.99726 0.618453 8.52547e-05 19.9983
93.8 0.997286 0.617704 8.47811e-05 19.9983
93.9 0.997311 0.616958 8.43128e-05 19.9983
94 0.997336 0.616212 8.38444e-05 19.9983
94.1 0.997361 0.615469 8.33812e-05 19.9983
94.2 0.997386 0.614726 8.2918e-05 19.9983
94.3 0.99741 0.613987 8.246e-05 19.9984
94.4 0.997435 0.613248 8.20019e-05 19.9984
94.5 0.997458 0.612512 8.15489e-05 19.9984
94.6 0.997482 0.611776 8.10959e-05 19.9984
94.7 0.997506 0.611043 8.06479e-05 19.9984
94.8 0.997529 0.61031 8.01999e-05 19.9984
94.9 0.997552 0.609581 7.97568e-05 19.9984
95 0.997575 0.608851 7.93138e-05 19.9984
95.1 0.997598 0.608125 7.88756e-05 19.9984
95.2 0.997621 0.607399 7.84375e-05 19.9984
95.3 0.997643 0.606676 7.80041e-05 19.9984
95.4 0.997665 0.605953 7.75708e-05 19.9984
95.5 0.997687 0.605234 7.71423e-05 19.9985
95.6 0.997709 0.604514 7.67138e-05 19.9985
95.7 0.99773 0.603797 7.629e-05 19.9985
95.8 0.997751 0.603081 7.58662e-05 19.9985
95.9 0.997772 0.602368 7.54471e-05 19.9985
96 0.997793 0.601654 7.50279e-05 19.9985
96.1 0.997814 0.600944 7.46135e-05 19.9985
96.2 0.997835 0.600234 7.4199e-05 19.9985
96.3 0.997855 0.599527 7.37891e-05 19.9985
96.4 0.997875 0.59882 7.33792e-05 19.9985
96.5 0.997895 0.598116 7.29738e-05 19.9985
96.6 0.997915 0.597413 7.25684e-05 19.9985
96.7 0.997934 0.596712 7.21675e-05 19.9986
96.8 0.997954 0.596011 7.17666e-05 19.9986
96.9 0.997973 0.595314 7.13701e-05 19.9986
97 0.997992 0.594616 7.09737e-05 19.9986
97.1 0.998011 0.593921 7.05816e-05 19.9986
97.2 0.99803 0.593227 7.01895e-05 19.9986
97.3 0.998048 0.592535 6.98017e-05 19.9986
97.4 0.998067 0.591844 6.9414e-05 19.9986
97.5 0.998085 0.591156 6.90305e-05 19.9986
97.6 0.998103 0.590467 6.8647e-05 19.9986
97.7 0.998121 0.589782 6.82678e-05 19.9986
97.8 0.998138 0.589096 6.78886e-05 19.9986
97.9 0.998156 0.588414 6.75135e-05 19.9987
98 0.998173 0.587732 6.71385e-05 19.9987
98.1 0.99819 0.587052 6.67676e-05 19.9987
98.2 0.998208 0.586373 6.63967e-05 19.9987
98.3 0.998224 0.585696 6.60299e-05 19.9987
98.4 0.998241 0.58502 6.56631e-05 19.9987
98.5 0.998258 0.584347 6.53003e-05 19.9987
98.6 0.998274 0.583673 6.49376e-05 19.9987
98.7 0.99829 0.583003 6.45788e-05 19.9987
98.8 0.998307 0.582332 6.42201e-05 19.9987
98.9 0.998322 0.581665 6.38653e-05 19.9987
99 0.998338 0.580997 6.35105e-05 19.9987
99.1 0.998354 0.580332 6.31597e-05 19.9987
99.2 0.99837 0.579668 6.28088e-05 19.9987
99.3 0.998385 0.579006 6.24618e-05 19.9988
99.4 0.9984 0.578344 6.21148e-05 19.9988
99.5 0.998415 0.577685 6.17717e-05 19.9988
99.6 0.99843 0.577026 6.14285e-05 19.9988
99.7 0.998445 0.57637 6.10892e-05 19.9988
99.8 0.99846 0.575714 6.07498e-05 19.9988
99.9 0.998474 0.575061 6.04142e-05 19.9988
100 0.998489 0.574408 6.00786e-05 19.9988
100.1 0.998503 0.573757 5.97467e-05 19.9988
100.2 0.998517 0.573107 5.94148e-05 19.9988
100.3 0.998531 0.572459 5.90865e-05 19.9988
100.4 0.998545 0.571812 5.87583e-05 19.9988
100.5 0.998559 0.571167 5.84337e-05 19.9988
100.6 0.998572 0.570522 5.81091e-05 19.9988
100.7 0.998586 0.56988 5.77881e-05 19.9988
100.8 0.998599 0.569238 5.7467e-05 19.9989
100.9 0.998612 0.568599 5.71496e-05 19.9989
101 0.998626 0.56796 5.68321e-05 19.9989
101.1 0.998639 0.567323 5.65181e-05 19.9989
101.2 0.998652 0.566687 5.62041e-05 19.9989
101.3 0.998664 0.566053 5.58936e-05 19.9989
101.4 0.998677 0.565419 5.55831e-05 19.9989
101.5 0.998689 0.564788 5.52761e-05 19.9989
101.6 0.998702 0.564157 5.4969e-05 19.9989
101.7 0.998714 0.563529 5.46653e-05 19.9989
101.8 0.998726 0.562901 5.43617e-05 19.9989
101.9 0.998738 0.562275 5.40613e-05 19.9989
102 0.99875 0.561649 5.3761e-05 19.9989
102.1 0.998762 0.561026 5.3464e-05 19.9989
102.2 0.998774 0.560403 5.3167e-05 19.9989
102.3 0.998785 0.559783 5.28733e-05 19.9989
102.4 0.998797 0.559163 5.25796e-05 19.9989
102.5 0.998808 0.558545 5.22891e-05 19.999
102.6 0.99882 0.557927 5.19986e-05 19.999
102.7 0.998831 0.557312 5.17113e-05 19.999
102.8 0.998842 0.556697 5.14241e-05 19.999
102.9 0.998853 0.556085 5.114e-05 19.999
103 0.998864 0.555472 5.08559e-05 19.999
103.1 0.998875 0.554862 5.05749e-05 19.999
103.2 0.998885 0.554253 5.0294e-05 19.999
103.3 0.998896 0.553645 5.00161e-05 19.999
103.4 0.998906 0.553038 4.97383e-05 19.999
103.5 0.998917 0.552433 4.94635e-05 19.999
103.6 0.998927 0.551829 4.91887e-05 19.999
103.7 0.998937 0.551226 4.8917e-05 19.999
103.8 0.998947 0.550624 4.86452e-05 19.999
103.9 0.998957 0.550025 4.83765e-05 19.999
104 0.998967 0.549425 4.81077e-05 19.999
104.1 0.998977 0.548828 4.7842e-05 19.999
104.2 0.998987 0.548231 4.75762e-05 19.999
104.3 0.998996 0.547636 4.73134e-05 19.9991
104.4 0.999006 0.547041 4.70505e-05 19.9991
104.5 0.999015 0.546449 4.67906e-05 19.9991
104.6 0.999025 0.545857 4.65307e-05 19.9991
104.7 0.999034 0.545267 4.62736e-05 19.9991
104.8 0.999043 0.544678 4.60165e-05 19.9991
104.9 0.999052 0.544091 4.57623e-05 19.9991
105 0.999061 0.543503 4.55081e-05 19.9991
105.1 0.99907 0.542919 4.52567e-05 19.9991
105.2 0.999079 0.542334 4.50053e-05 19.9991
105.3 0.999088 0.541752 4.47566e-05 19.9991
105.4 0.999096 0.541169 4.4508e-05 19.9991
105.5 0.999105 0.540589 4.42621e-05 19.9991
105.6 0.999114 0.540009 4.40162e-05 19.9991
105.7 0.999122 0.539432 4.37731e-05 19.9991
105.8 0.99913 0.538854 4.35299e-05 19.9991
105.9 0.999139 0.538279 4.32894e-05 19.9991
106 0.999147 0.537704 4.30489e-05 19.9991
106.1 0.999155 0.537132 4.28111e-05 19.9991
106.2 0.999163 0.536559 4.25733e-05 19.9991
106.3 0.999171 0.535988 4.23381e-05 19.9992
106.4 0.999179 0.535418 4.21029e-05 19.9992
106.5 0.999187 0.53485 4.18703e-05 19.9992
106.6 0.999194 0.534282 4.16377e-05 19.9992
106.7 0.999202 0.533716 4.14076e-05 19.9992
106.8 0.99921 0.533151 4.11776e-05 19.9992
106.9 0.999217 0.532587 4.09501e-05 19.9992
107 0.999225 0.532024 4.07226e-05 19.9992
107.1 0.999232 0.531463 4.04976e-05 19.9992
107.2 0.999239 0.530902 4.02727e-05 19.9992
107.3 0.999247 0.530343 4.00502e-05 19.9992
107.4 0.999254 0.529784 3.98277e-05 19.9992
107.5 0.999261 0.529228 3.96077e-05 19.9992
107.6 0.999268 0.528672 3.93876e-05 19.9992
107.7 0.999275 0.528117 3.917e-05 19.9992
107.8 0.999282 0.527563 3.89524e-05 19.9992
107.9 0.999289 0.527011 3.87372e-05 19.9992
108 0.999295 0.526459 3.8522e-05 19.9992
108.1 0.999302 0.52591 3.83092e-05 19.9992
108.2 0.999309 0.52536 3.80964e-05 19.9992
108.3 0.999315 0.524813 3.78859e-05 19.9992
108.4 0.999322 0.524265 3.76755e-05 19.9992
108.5 0.999328 0.52372 3.74673e-05 19.9993
108.6 0.999335 0.523175 3.72592e-05 19.9993
108.7 0.999341 0.522632 3.70533e-05 19.9993
108.8 0.999347 0.522089 3.68475e-05 19.9993
108.9 0.999354 0.521548 3.66439e-05 19.9993
109 0.99936 0.521007 3.64404e-05 19.9993
109.1 0.999366 0.520468 3.6239e-05 19.9993
109.2 0.999372 0.51993 3.60377e-05 19.9993
109.3 0.999378 0.519393 3.58386e-05 19.9993
109.4 0.999384 0.518857 3.56395e-05 19.9993
109.5 0.99939 0.518323 3.54426e-05 19.9993
109.6 0.999396 0.517788 3.52457e-05 19.9993
109.7 0.999401 0.517256 3.5051e-05 19.9993
109.8 0.999407 0.516724 3.48563e-05 19.9993
109.9 0.999413 0.516194 3.46637e-05 19.9993
110 0.999418 0.515664 3.44712e-05 19.9993
110.1 0.999424 0.515136 3.42807e-05 19.9993
110.2 0.99943 0.514608 3.40903e-05 19.9993
110.3 0.999435 0.514082 3.3902e-05 19.9993
110.4 0.99944 0.513557 3.37136e-05 19.9993
110.5 0.999446 0.513033 3.35274e-05 19.9993
110.6 0.999451 0.512509 3.33411e-05 19.9993
110.7 0.999456 0.511988 3.31569e-05 19.9993
110.8 0.999462 0.511466 3.29727e-05 19.9993
110.9 0.999467 0.510946 3.27906e-05 19.9993
111 0.999472 0.510427 3.26084e-05 19.9993
111.1 0.999477 0.509909 3.24282e-05 19.9994
111.2 0.999482 0.509392 3.22481e-05 19.9994
111.3 0.999487 0.508877 3.20699e-05 19.9994
111.4 0.999492 0.508361 3.18918e-05 19.9994
111.5 0.999497 0.507848 3.17156e-05 19.9994
111.6 0.999501 0.507334 3.15394e-05 19.9994
111.7 0.999506 0.506823 3.13652e-05 19.9994
111.8 0.999511 0.506312 3.11909e-05 19.9994
111.9 0.999516 0.505802 3.10186e-05 19.9994
112 0.99952 0.505293 3.08463e-05 19.9994
112.1 0.999525 0.504786 3.06759e-05 19.9994
112.2 0.999529 0.504278 3.05054e-05 19.9994
112.3 0.999534 0.503773 3.03369e-05 19.9994
112.4 0.999538 0.503268 3.01684e-05 19.9994
112.5 0.999543 0.502764 3.00017e-05 19.9994
112.6 0.999547 0.502261 2.9835e-05 19.9994
112.7 0.999551 0.50176 2.96702e-05 19.9994
112.8 0.999556 0.501258 2.95054e-05 19.9994
112.9 0.99956 0.500759 2.93424e-05 19.9994
113 0.999564 0.500259 2.91794e-05 19.9994
113.1 0.999568 0.499762 2.90182e-05 19.9994
113.2 0.999573 0.499265 2.8857e-05 19.9994
113.3 0.999577 0.498769 2.86975e-05 19.9994
113.4 0.999581 0.498274 2.85381e-05 19.9994
113.5 0.999585 0.49778 2.83804e-05 19.9994
113.6 0.999589 0.497286 2.82228e-05 19.9994
113.7 0.999593 0.496795 2.80669e-05 19.9994
113.8 0.999597 0.496303 2.79109e-05 19.9994
113.9 0.9996 0.495813 2.77567e-05 19.9994
114 0.999604 0.495323 2.76025e-05 19.9994
114.1 0.999608 0.494836 2.74501e-05 19.9995
114.2 0.999612 0.494348 2.72976e-05 19.9995
114.3 0.999616 0.493862 2.71467e-05 19.9995
114.4 0.999619 0.493376 2.69959e-05 19.9995
114.5 0.999623 0.492892 2.68468e-05 19.9995
114.6 0.999627 0.492408 2.66977e-05 19.9995
114.7 0.99963 0.491925 2.65502e-05 19.9995
114.8 0.999634 0.491443 2.64027e-05 19.9995
114.9 0.999637 0.490963 2.62568e-05 19.9995
115 0.999641 0.490482 2.61109e-05 19.9995
115.1 0.999644 0.490004 2.59667e-05 19.9995
115.2 0.999648 0.489525 2.58224e-05 19.9995
115.3 0.999651 0.489049 2.56798e-05 19.9995
115.4 0.999654 0.488572 2.55371e-05 19.9995
115.5 0.999658 0.488097 2.5396e-05 19.9995
115.6 0.999661 0.487622 2.52549e-05 19.9995
115.7 0.999664 0.487149 2.51154e-05 19.9995
115.8 0.999667 0.486676 2.49759e-05 19.9995
115.9 0.999671 0.486205 2.48379e-05 19.9995
116 0.999674 0.485734 2.46999e-05 19.9995
116.1 0.999677 0.485264 2.45635e-05 19.9995
116.2 0.99968 0.484795 2.4427e-05 19.9995
116.3 0.999683 0.484327 2.4292e-05 19.9995
116.4 0.999686 0.483859 2.41571e-05 19.9995
116.5 0.999689 0.483393 2.40236e-05 19.9995
116.6 0.999692 0.482928 2.38902e-05 19.9995
116.7 0.999695 0.482463 2.37582e-05 19.9995
116.8 0.999698 0.481999 2.36262e-05 19.9995
116.9 0.999701 0.481537 2.34957e-05 19.9995
117 0.999704 0.481075 2.33651e-05 19.9995
117.1 0.999707 0.480614 2.32361e-05 19.9995
117.2 0.999709 0.480153 2.3107e-05 19.9995
117.3 0.999712 0.479694 2.29793e-05 19.9995
117.4 0.999715 0.479236 2.28517e-05 19.9995
117.5 0.999718 0.478778 2.27254e-05 19.9995
117.6 0.99972 0.478321 2.25992e-05 19.9995
117.7 0.999723 0.477866 2.24743e-05 19.9996
117.8 0.999726 0.47741 2.23495e-05 19.9996
117.9 0.999728 0.476957 2.2226e-05 19.9996
118 0.999731 0.476503 2.21025e-05 19.9996
118.1 0.999734 0.476051 2.19804e-05 19.9996
118.2 0.999736 0.475599 2.18583e-05 19.9996
118.3 0.999739 0.475149 2.17375e-05 19.9996
118.4 0.999741 0.474698 2.16168e-05 19.9996
118.5 0.999744 0.47425 2.14973e-05 19.9996
118.6 0.999746 0.473801 2.13779e-05 19.9996
118.7 0.999749 0.473354 2.12598e-05 19.9996
118.8 0.999751 0.472907 2.11417e-05 19.9996
118.9 0.999753 0.472462 2.10249e-05 19.9996
119 0.999756 0.472016 2.09081e-05 19.9996
119.1 0.999758 0.471573 2.07926e-05 19.9996
119.2 0.999761 0.471129 2.06771e-05 19.9996
119.3 0.999763 0.470687 2.05629e-05 19.9996
119.4 0.999765 0.470245 2.04486e-05 19.9996
119.5 0.999767 0.469805 2.03356e-05 19.9996
119.6 0.99977 0.469364 2.02227e-05 19.9996
119.7 0.999772 0.468926 2.01109e-05 19.9996
119.8 0.999774 0.468487 1.99992e-05 19.9996
119.9 0.999776 0.46805 1.98887e-05 19.9996
120 0.999778 0.467613 1.97782e-05 19.9996
120.1 0.999781 0.467177 1.9669e-05 19.9996
120.2 0.999783 0.466742 1.95597e-05 19.9996
120.3 0.999785 0.466308 1.94516e-05 19.9996
120.4 0.999787 0.465874 1.93436e-05 19.9996
120.5 0.999789 0.465441 1.92367e-05 19.9996
120.6 0.999791 0.465009 1.91298e-05 19.9996
120.7 0.999793 0.464578 1.90242e-05 19.9996
120.8 0.999795 0.464148 1.89185e-05 19.9996
120.9 0.999797 0.463718 1.8814e-05 19.9996
121 0.999799 0.463289 1.87094e-05 19.9996
121.1 0.999801 0.462862 1.86061e-05 19.9996
121.2 0.999803 0.462434 1.85027e-05 19.9996
121.3 0.999805 0.462008 1.84005e-05 19.9996
121.4 0.999806 0.461582 1.82983e-05 19.9996
121.5 0.999808 0.461158 1.81972e-05 19.9996
121.6 0.99981 0.460733 1.80961e-05 19.9996
121.7 0.999812 0.46031 1.79961e-05 19.9996
121.8 0.999814 0.459887 1.78961e-05 19.9996
121.9 0.999816 0.459466 1.77973e-05 19.9996
122 0.999817 0.459044 1.76984e-05 19.9996
122.1 0.999819 0.458625 1.76006e-05 19.9996
122.2 0.999821 0.458205 1.75028e-05 19.9996
122.3 0.999823 0.457786 1.74061e-05 19.9997
122.4 0.999824 0.457368 1.73094e-05 19.9997
122.5 0.999826 0.456951 1.72138e-05 19.9997
122.6 0.999828 0.456534 1.71182e-05 19.9997
122.7 0.999829 0.456119 1.70236e-05 19.9997
122.8 0.999831 0.455704 1.6929e-05 19.9997
122.9 0.999833 0.45529 1.68355e-05 19.9997
123 0.999834 0.454876 1.6742e-05 19.9997
123.1 0.999836 0.454464 1.66495e-05 19.9997
123.2 0.999837 0.454051 1.6557e-05 19.9997
123.3 0.999839 0.45364 1.64655e-05 19.9997
123.4 0.999841 0.45323 1.6374e-05 19.9997
123.5 0.999842 0.45282 1.62836e-05 19.9997
123.6 0.999844 0.452411 1.61931e-05 19.9997
123.7 0.999845 0.452003 1.61037e-05 19.9997
123.8 0.999847 0.451595 1.60142e-05 19.9997
123.9 0.999848 0.451188 1.59257e-05 19.9997
124 0.99985 0.450782 1.58372e-05 19.9997
124.1 0.999851 0.450377 1.57497e-05 19.9997
124.2 0.999853 0.449972 1.56622e-05 19.9997
124.3 0.999854 0.449568 1.55757e-05 19.9997
124.4 0.999855 0.449165 1.54892e-05 19.9997
124.5 0.999857 0.448763 1.54036e-05 19.9997
124.6 0.999858 0.44836 1.5318e-05 19.9997
124.7 0.99986 0.44796 1.52334e-05 19.9997
124.8 0.999861 0.447559 1.51488e-05 19.9997
124.9 0.999862 0.44716 1.50651e-05 19.9997
125 0.999864 0.44676 1.49814e-05 19.9997
125.1 0.999865 0.446362 1.48986e-05 19.9997
125.2 0.999866 0.445965 1.48159e-05 19.9997
125.3 0.999867 0.445568 1.4734e-05 19.9997
125.4 0.999869 0.445172 1.46522e-05 19.9997
125.5 0.99987 0.444777 1.45712e-05 19.9997
125.6 0.999871 0.444381 1.44903e-05 19.9997
125.7 0.999873 0.443988 1.44102e-05 19.9997
125.8 0.999874 0.443594 1.43302e-05 19.9997
125.9 0.999875 0.443202 1.4251e-05 19.9997
126 0.999876 0.442809 1.41718e-05 19.9997
126.1 0.999877 0.442418 1.40935e-05 19.9997
126.2 0.999879 0.442028 1.40152e-05 19.9997
126.3 0.99988 0.441638 1.39378e-05 19.9997
126.4 0.999881 0.441248 1.38604e-05 19.9997
126.5 0.999882 0.44086 1.37838e-05 19.9997
126.6 0.999883 0.440472 1.37072e-05 19.9997
126.7 0.999884 0.440085 1.36315e-05 19.9997
126.8 0.999885 0.439698 1.35558e-05 19.9997
126.9 0.999887 0.439313 1.34809e-05 19.9997
127 0.999888 0.438927 1.3406e-05 19.9997
127.1 0.999889 0.438543 1.33319e-05 19.9997
127.2 0.99989 0.438159 1.32578e-05 19.9997
127.3 0.999891 0.437776 1.31846e-05 19.9997
127.4 0.999892 0.437393 1.31113e-05 19.9997
127.5 0.999893 0.437012 1.30389e-05 19.9997
127.6 0.999894 0.43663 1.29665e-05 19.9997
127.7 0.999895 0.43625 1.28948e-05 19.9997
127.8 0.999896 0.43587 1.28232e-05 19.9997
127.9 0.999897 0.435491 1.27524e-05 19.9997
128 0.999898 0.435112 1.26815e-05 19.9997
128.1 0.999899 0.434735 1.26114e-05 19.9997
128.2 0.9999 0.434357 1.25414e-05 19.9997
128.3 0.999901 0.433981 1.24721e-05 19.9998
128.4 0.999902 0.433605 1.24028e-05 19.9998
128.5 0.999903 0.43323 1.23343e-05 19.9998
128.6 0.999904 0.432855 1.22658e-05 19.9998
128.7 0.999905 0.432481 1.2198e-05 19.9998
128.8 0.999906 0.432107 1.21302e-05 19.9998
128.9 0.999907 0.431735 1.20632e-05 19.9998
129 0.999908 0.431363 1.19962e-05 19.9998
129.1 0.999908 0.430991 1.19299e-05 19.9998
129.2 0.999909 0.43062 1.18637e-05 19.9998
129.3 0.99991 0.43025 1.17981e-05 19.9998
129.4 0.999911 0.429881 1.17326e-05 19.9998
129.5 0.999912 0.429512 1.16677e-05 19.9998
129.6 0.999913 0.429143 1.16029e-05 19.9998
129.7 0.999914 0.428776 1.15388e-05 19.9998
129.8 0.999914 0.428409 1.14747e-05 19.9998
129.9 0.999915 0.428043 1.14113e-05 19.9998
130 0.999916 0.427677 1.13479e-05 19.9998
