0 0 1000 
0.5 0.00990099 990.099 
1 0.0196078 980.392 
1.5 0.0291262 970.874 
2 0.0384615 961.538 
2.5 0.047619 952.381 
3 0.0566038 943.396 
3.5 0.0654206 934.579 
4 0.0740741 925.926 
4.5 0.0825688 917.431 
5 0.0909091 909.091 
5.5 0.0990991 900.901 
6 0.107143 892.857 
6.5 0.115044 884.956 
7 0.122807 877.193 
7.5 0.130435 869.565 
8 0.137931 862.069 
8.5 0.145299 854.701 
9 0.152542 847.458 
9.5 0.159664 840.336 
10 0.166667 833.333 
10.5 0.173554 826.446 
11 0.180328 819.672 
11.5 0.186992 813.008 
12 0.193548 806.452 
12.5 0.2 800 
13 0.206349 793.651 
13.5 0.212598 787.402 
14 0.21875 781.25 
14.5 0.224806 775.194 
15 0.230769 769.231 
15.5 0.236641 763.359 
16 0.242424 757.576 
16.5 0.24812 751.88 
17 0.253731 746.269 
17.5 0.259259 740.741 
18 0.264706 735.294 
18.5 0.270073 729.927 
19 0.275362 724.638 
19.5 0.280576 719.424 
20 0.285714 714.286 
20.5 0.29078 709.22 
21 0.295775 704.225 
21.5 0.300699 699.301 
22 0.305556 694.444 
22.5 0.310345 689.655 
23 0.315068 684.932 
23.5 0.319728 680.272 
24 0.324324 675.676 
24.5 0.328859 671.141 
25 0.333333 666.667 
25.5 0.337748 662.252 
26 0.342105 657.895 
26.5 0.346405 653.595 
27 0.350649 649.351 
27.5 0.354839 645.161 
28 0.358974 641.026 
28.5 0.363057 636.943 
29 0.367089 632.911 
29.5 0.371069 628.931 
30 0.375 625 
30.5 0.378882 621.118 
31 0.382716 617.284 
31.5 0.386503 613.497 
32 0.390244 609.756 
32.5 0.393939 606.061 
33 0.39759 602.41 
33.5 0.401198 598.802 
34 0.404762 595.238 
34.5 0.408284 591.716 
35 0.411765 588.235 
35.5 0.415205 584.795 
36 0.418605 581.395 
36.5 0.421965 578.035 
37 0.425287 574.713 
37.5 0.428571 571.429 
38 0.431818 568.182 
38.5 0.435028 564.972 
39 0.438202 561.798 
39.5 0.441341 558.659 
40 0.444444 555.556 
40.5 0.447514 552.486 
41 0.450549 549.451 
41.5 0.453552 546.448 
42 0.456522 543.478 
42.5 0.459459 540.541 
43 0.462366 537.634 
43.5 0.465241 534.759 
44 0.468085 531.915 
44.5 0.470899 529.101 
45 0.473684 526.316 
45.5 0.47644 523.56 
46 0.479167 520.833 
46.5 0.481865 518.135 
47 0.484536 515.464 
47.5 0.487179 512.821 
48 0.489796 510.204 
48.5 0.492386 507.614 
49 0.494949 505.051 
49.5 0.497487 502.513 
50 0.5 500 
50.5 0.502488 497.512 
51 0.50495 495.05 
51.5 0.507389 492.611 
52 0.509804 490.196 
52.5 0.512195 487.805 
53 0.514563 485.437 
53.5 0.516908 483.092 
54 0.519231 480.769 
54.5 0.521531 478.469 
55 0.52381 476.19 
55.5 0.526066 473.934 
56 0.528302 471.698 
56.5 0.530516 469.484 
57 0.53271 467.29 
57.5 0.534884 465.116 
58 0.537037 462.963 
58.5 0.539171 460.829 
59 0.541284 458.716 
59.5 0.543379 456.621 
60 0.545455 454.545 
60.5 0.547511 452.489 
61 0.54955 450.45 
61.5 0.55157 448.43 
62 0.553571 446.429 
62.5 0.555556 444.444 
63 0.557522 442.478 
63.5 0.559471 440.529 
64 0.561404 438.596 
64.5 0.563319 436.681 
65 0.565217 434.783 
65.5 0.5671 432.9 
66 0.568966 431.034 
66.5 0.570815 429.185 
67 0.57265 427.35 
67.5 0.574468 425.532 
68 0.576271 423.729 
68.5 0.578059 421.941 
69 0.579832 420.168 
69.5 0.58159 418.41 
70 0.583333 416.667 
70.5 0.585062 414.938 
71 0.586777 413.223 
71.5 0.588477 411.523 
72 0.590164 409.836 
72.5 0.591837 408.163 
73 0.593496 406.504 
73.5 0.595142 404.858 
74 0.596774 403.226 
74.5 0.598394 401.606 
75 0.6 400 
75.5 0.601594 398.406 
76 0.603175 396.825 
76.5 0.604743 395.257 
77 0.606299 393.701 
77.5 0.607843 392.157 
78 0.609375 390.625 
78.5 0.610895 389.105 
79 0.612403 387.597 
79.5 0.6139 386.1 
80 0.615385 384.615 
80.5 0.616858 383.142 
81 0.618321 381.679 
81.5 0.619772 380.228 
82 0.621212 378.788 
82.5 0.622642 377.358 
83 0.62406 375.94 
83.5 0.625468 374.532 
84 0.626866 373.134 
84.5 0.628253 371.747 
85 0.62963 370.37 
85.5 0.630996 369.004 
86 0.632353 367.647 
86.5 0.6337 366.3 
87 0.635036 364.964 
87.5 0.636364 363.636 
88 0.637681 362.319 
88.5 0.638989 361.011 
89 0.640288 359.712 
89.5 0.641577 358.423 
90 0.642857 357.143 
90.5 0.644128 355.872 
91 0.64539 354.61 
91.5 0.646643 353.357 
92 0.647887 352.113 
92.5 0.649123 350.877 
93 0.65035 349.65 
93.5 0.651568 348.432 
94 0.652778 347.222 
94.5 0.653979 346.021 
95 0.655172 344.828 
95.5 0.656357 343.643 
96 0.657534 342.466 
96.5 0.658703 341.297 
97 0.659864 340.136 
97.5 0.661017 338.983 
98 0.662162 337.838 
98.5 0.6633 336.7 
99 0.66443 335.57 
99.5 0.665552 334.448 
100 0.666667 333.333 
100.5 0.667774 332.226 
101 0.668874 331.126 
101.5 0.669967 330.033 
102 0.671053 328.947 
102.5 0.672131 327.869 
103 0.673203 326.797 
103.5 0.674267 325.733 
104 0.675325 324.675 
104.5 0.676375 323.625 
105 0.677419 322.581 
105.5 0.678457 321.543 
106 0.679487 320.513 
106.5 0.680511 319.489 
107 0.681529 318.471 
107.5 0.68254 317.46 
108 0.683544 316.456 
108.5 0.684543 315.457 
109 0.685535 314.465 
109.5 0.68652 313.48 
110 0.6875 312.5 
110.5 0.688474 311.526 
111 0.689441 310.559 
111.5 0.690402 309.598 
112 0.691358 308.642 
112.5 0.692308 307.692 
113 0.693252 306.748 
113.5 0.69419 305.81 
114 0.695122 304.878 
114.5 0.696049 303.951 
115 0.69697 303.03 
115.5 0.697885 302.115 
116 0.698795 301.205 
116.5 0.6997 300.3 
117 0.700599 299.401 
117.5 0.701493 298.507 
118 0.702381 297.619 
118.5 0.703264 296.736 
119 0.704142 295.858 
119.5 0.705015 294.985 
120 0.705882 294.118 
120.5 0.706745 293.255 
121 0.707602 292.398 
121.5 0.708455 291.545 
122 0.709302 290.698 
122.5 0.710145 289.855 
123 0.710983 289.017 
123.5 0.711816 288.184 
124 0.712644 287.356 
124.5 0.713467 286.533 
125 0.714286 285.714 
125.5 0.7151 284.9 
126 0.715909 284.091 
126.5 0.716714 283.286 
127 0.717514 282.486 
127.5 0.71831 281.69 
128 0.719101 280.899 
128.5 0.719888 280.112 
129 0.72067 279.33 
129.5 0.721448 278.552 
130 0.722222 277.778 
130.5 0.722992 277.008 
131 0.723757 276.243 
131.5 0.724518 275.482 
132 0.725275 274.725 
132.5 0.726027 273.973 
133 0.726776 273.224 
133.5 0.72752 272.48 
134 0.728261 271.739 
134.5 0.728997 271.003 
135 0.72973 270.27 
135.5 0.730458 269.542 
136 0.731183 268.817 
136.5 0.731903 268.097 
137 0.73262 267.38 
137.5 0.733333 266.667 
138 0.734043 265.957 
138.5 0.734748 265.252 
139 0.73545 264.55 
139.5 0.736148 263.852 
140 0.736842 263.158 
140.5 0.737533 262.467 
141 0.73822 261.78 
141.5 0.738903 261.097 
142 0.739583 260.417 
142.5 0.74026 259.74 
143 0.740933 259.067 
143.5 0.741602 258.398 
144 0.742268 257.732 
144.5 0.742931 257.069 
145 0.74359 256.41 
145.5 0.744246 255.754 
146 0.744898 255.102 
146.5 0.745547 254.453 
147 0.746193 253.807 
147.5 0.746835 253.165 
148 0.747475 252.525 
148.5 0.748111 251.889 
149 0.748744 251.256 
149.5 0.749373 250.627 
150 0.75 250 
150.5 0.750623 249.377 
151 0.751244 248.756 
151.5 0.751861 248.139 
152 0.752475 247.525 
152.5 0.753086 246.914 
153 0.753695 246.305 
153.5 0.7543 245.7 
154 0.754902 245.098 
154.5 0.755501 244.499 
155 0.756098 243.902 
155.5 0.756691 243.309 
156 0.757282 242.718 
156.5 0.757869 242.131 
157 0.758454 241.546 
157.5 0.759036 240.964 
158 0.759615 240.385 
158.5 0.760192 239.808 
159 0.760766 239.234 
159.5 0.761337 238.663 
160 0.761905 238.095 
160.5 0.76247 237.53 
161 0.763033 236.967 
161.5 0.763593 236.407 
162 0.764151 235.849 
162.5 0.764706 235.294 
163 0.765258 234.742 
163.5 0.765808 234.192 
164 0.766355 233.645 
164.5 0.7669 233.1 
165 0.767442 232.558 
165.5 0.767981 232.019 
166 0.768519 231.481 
166.5 0.769053 230.947 
167 0.769585 230.415 
167.5 0.770115 229.885 
168 0.770642 229.358 
168.5 0.771167 228.833 
169 0.771689 228.311 
169.5 0.77221 227.79 
170 0.772727 227.273 
170.5 0.773243 226.757 
171 0.773756 226.244 
171.5 0.774266 225.734 
172 0.774775 225.225 
172.5 0.775281 224.719 
173 0.775785 224.215 
173.5 0.776286 223.714 
174 0.776786 223.214 
174.5 0.777283 222.717 
175 0.777778 222.222 
175.5 0.778271 221.729 
176 0.778761 221.239 
176.5 0.779249 220.751 
177 0.779736 220.264 
177.5 0.78022 219.78 
178 0.780702 219.298 
178.5 0.781182 218.818 
179 0.781659 218.341 
179.5 0.782135 217.865 
180 0.782609 217.391 
180.5 0.78308 216.92 
181 0.78355 216.45 
181.5 0.784017 215.983 
182 0.784483 215.517 
182.5 0.784946 215.054 
183 0.785408 214.592 
183.5 0.785867 214.133 
184 0.786325 213.675 
184.5 0.78678 213.22 
185 0.787234 212.766 
185.5 0.787686 212.314 
186 0.788136 211.864 
186.5 0.788584 211.416 
187 0.78903 210.97 
187.5 0.789474 210.526 
188 0.789916 210.084 
188.5 0.790356 209.644 
189 0.790795 209.205 
189.5 0.791232 208.768 
190 0.791667 208.333 
190.5 0.7921 207.9 
191 0.792531 207.469 
191.5 0.792961 207.039 
192 0.793388 206.612 
192.5 0.793814 206.186 
193 0.794239 205.761 
193.5 0.794661 205.339 
194 0.795082 204.918 
194.5 0.795501 204.499 
195 0.795918 204.082 
195.5 0.796334 203.666 
196 0.796748 203.252 
196.5 0.79716 202.84 
197 0.797571 202.429 
197.5 0.79798 202.02 
198 0.798387 201.613 
198.5 0.798793 201.207 
199 0.799197 200.803 
199.5 0.799599 200.401 
200 0.8 200 
200.5 0.800399 199.601 
201 0.800797 199.203 
201.5 0.801193 198.807 
202 0.801587 198.413 
202.5 0.80198 198.02 
203 0.802372 197.628 
203.5 0.802761 197.239 
204 0.80315 196.85 
204.5 0.803536 196.464 
205 0.803922 196.078 
205.5 0.804305 195.695 
206 0.804688 195.312 
206.5 0.805068 194.932 
207 0.805447 194.553 
207.5 0.805825 194.175 
208 0.806202 193.798 
208.5 0.806576 193.424 
209 0.80695 193.05 
209.5 0.807322 192.678 
210 0.807692 192.308 
210.5 0.808061 191.939 
211 0.808429 191.571 
211.5 0.808795 191.205 
212 0.80916 190.84 
212.5 0.809524 190.476 
213 0.809886 190.114 
213.5 0.810247 189.753 
214 0.810606 189.394 
214.5 0.810964 189.036 
215 0.811321 188.679 
215.5 0.811676 188.324 
216 0.81203 187.97 
216.5 0.812383 187.617 
217 0.812734 187.266 
217.5 0.813084 186.916 
218 0.813433 186.567 
218.5 0.81378 186.22 
219 0.814126 185.874 
219.5 0.814471 185.529 
220 0.814815 185.185 
220.5 0.815157 184.843 
221 0.815498 184.502 
221.5 0.815838 184.162 
222 0.816176 183.824 
222.5 0.816514 183.486 
223 0.81685 183.15 
223.5 0.817185 182.815 
224 0.817518 182.482 
224.5 0.817851 182.149 
225 0.818182 181.818 
225.5 0.818512 181.488 
226 0.818841 181.159 
226.5 0.819168 180.832 
227 0.819495 180.505 
227.5 0.81982 180.18 
228 0.820144 179.856 
228.5 0.820467 179.533 
229 0.820789 179.211 
229.5 0.821109 178.891 
230 0.821429 178.571 
230.5 0.821747 178.253 
231 0.822064 177.936 
231.5 0.82238 177.62 
232 0.822695 177.305 
232.5 0.823009 176.991 
233 0.823322 176.678 
233.5 0.823633 176.367 
234 0.823944 176.056 
234.5 0.824253 175.747 
235 0.824561 175.439 
235.5 0.824869 175.131 
236 0.825175 174.825 
236.5 0.82548 174.52 
237 0.825784 174.216 
237.5 0.826087 173.913 
238 0.826389 173.611 
238.5 0.82669 173.31 
239 0.82699 173.01 
239.5 0.827288 172.712 
240 0.827586 172.414 
240.5 0.827883 172.117 
241 0.828179 171.821 
241.5 0.828473 171.527 
242 0.828767 171.233 
242.5 0.82906 170.94 
243 0.829352 170.648 
243.5 0.829642 170.358 
244 0.829932 170.068 
244.5 0.830221 169.779 
245 0.830508 169.492 
245.5 0.830795 169.205 
246 0.831081 168.919 
246.5 0.831366 168.634 
247 0.83165 168.35 
247.5 0.831933 168.067 
248 0.832215 167.785 
248.5 0.832496 167.504 
249 0.832776 167.224 
249.5 0.833055 166.945 
250 0.833333 166.667 
250.5 0.833611 166.389 
251 0.833887 166.113 
251.5 0.834163 165.837 
252 0.834437 165.563 
252.5 0.834711 165.289 
253 0.834983 165.017 
253.5 0.835255 164.745 
254 0.835526 164.474 
254.5 0.835796 164.204 
255 0.836066 163.934 
255.5 0.836334 163.666 
256 0.836601 163.399 
256.5 0.836868 163.132 
257 0.837134 162.866 
257.5 0.837398 162.602 
258 0.837662 162.338 
258.5 0.837925 162.075 
259 0.838188 161.812 
259.5 0.838449 161.551 
260 0.83871 161.29 
260.5 0.838969 161.031 
261 0.839228 160.772 
261.5 0.839486 160.514 
262 0.839744 160.256 
262.5 0.84 160 
263 0.840256 159.744 
263.5 0.84051 159.49 
264 0.840764 159.236 
264.5 0.841017 158.983 
265 0.84127 158.73 
265.5 0.841521 158.479 
266 0.841772 158.228 
266.5 0.842022 157.978 
267 0.842271 157.729 
267.5 0.84252 157.48 
268 0.842767 157.233 
268.5 0.843014 156.986 
269 0.84326 156.74 
269.5 0.843505 156.495 
270 0.84375 156.25 
270.5 0.843994 156.006 
271 0.844237 155.763 
271.5 0.844479 155.521 
272 0.84472 155.28 
272.5 0.844961 155.039 
273 0.845201 154.799 
273.5 0.84544 154.56 
274 0.845679 154.321 
274.5 0.845917 154.083 
275 0.846154 153.846 
275.5 0.84639 153.61 
276 0.846626 153.374 
276.5 0.846861 153.139 
277 0.847095 152.905 
277.5 0.847328 152.672 
278 0.847561 152.439 
278.5 0.847793 152.207 
279 0.848024 151.976 
279.5 0.848255 151.745 
280 0.848485 151.515 
280.5 0.848714 151.286 
281 0.848943 151.057 
281.5 0.84917 150.83 
282 0.849398 150.602 
282.5 0.849624 150.376 
283 0.84985 150.15 
283.5 0.850075 149.925 
284 0.850299 149.701 
284.5 0.850523 149.477 
285 0.850746 149.254 
285.5 0.850969 149.031 
286 0.85119 148.81 
286.5 0.851412 148.588 
287 0.851632 148.368 
287.5 0.851852 148.148 
288 0.852071 147.929 
288.5 0.85229 147.71 
289 0.852507 147.493 
289.5 0.852725 147.275 
290 0.852941 147.059 
290.5 0.853157 146.843 
291 0.853372 146.628 
291.5 0.853587 146.413 
292 0.853801 146.199 
292.5 0.854015 145.985 
293 0.854227 145.773 
293.5 0.85444 145.56 
294 0.854651 145.349 
294.5 0.854862 145.138 
295 0.855072 144.928 
295.5 0.855282 144.718 
296 0.855491 144.509 
296.5 0.8557 144.3 
297 0.855908 144.092 
297.5 0.856115 143.885 
298 0.856322 143.678 
298.5 0.856528 143.472 
299 0.856734 143.266 
299.5 0.856938 143.062 
300 0.857143 142.857 
300.5 0.857347 142.653 
301 0.85755 142.45 
301.5 0.857752 142.248 
302 0.857955 142.045 
302.5 0.858156 141.844 
303 0.858357 141.643 
303.5 0.858557 141.443 
304 0.858757 141.243 
304.5 0.858956 141.044 
305 0.859155 140.845 
305.5 0.859353 140.647 
306 0.859551 140.449 
306.5 0.859748 140.252 
307 0.859944 140.056 
307.5 0.86014 139.86 
308 0.860335 139.665 
308.5 0.86053 139.47 
309 0.860724 139.276 
309.5 0.860918 139.082 
310 0.861111 138.889 
310.5 0.861304 138.696 
311 0.861496 138.504 
311.5 0.861687 138.313 
312 0.861878 138.122 
312.5 0.862069 137.931 
313 0.862259 137.741 
313.5 0.862448 137.552 
314 0.862637 137.363 
314.5 0.862826 137.174 
315 0.863014 136.986 
315.5 0.863201 136.799 
316 0.863388 136.612 
316.5 0.863574 136.426 
317 0.86376 136.24 
317.5 0.863946 136.054 
318 0.86413 135.87 
318.5 0.864315 135.685 
319 0.864499 135.501 
319.5 0.864682 135.318 
320 0.864865 135.135 
320.5 0.865047 134.953 
321 0.865229 134.771 
321.5 0.86541 134.59 
322 0.865591 134.409 
322.5 0.865772 134.228 
323 0.865952 134.048 
323.5 0.866131 133.869 
324 0.86631 133.69 
324.5 0.866489 133.511 
325 0.866667 133.333 
325.5 0.866844 133.156 
326 0.867021 132.979 
326.5 0.867198 132.802 
327 0.867374 132.626 
327.5 0.86755 132.45 
328 0.867725 132.275 
328.5 0.8679 132.1 
329 0.868074 131.926 
329.5 0.868248 131.752 
330 0.868421 131.579 
330.5 0.868594 131.406 
331 0.868766 131.234 
331.5 0.868938 131.062 
332 0.86911 130.89 
332.5 0.869281 130.719 
333 0.869452 130.548 
333.5 0.869622 130.378 
334 0.869792 130.208 
334.5 0.869961 130.039 
335 0.87013 129.87 
335.5 0.870298 129.702 
336 0.870466 129.534 
336.5 0.870634 129.366 
337 0.870801 129.199 
337.5 0.870968 129.032 
338 0.871134 128.866 
338.5 0.8713 128.7 
339 0.871465 128.535 
339.5 0.87163 128.37 
340 0.871795 128.205 
340.5 0.871959 128.041 
341 0.872123 127.877 
341.5 0.872286 127.714 
342 0.872449 127.551 
342.5 0.872611 127.389 
343 0.872774 127.226 
343.5 0.872935 127.065 
344 0.873096 126.904 
344.5 0.873257 126.743 
345 0.873418 126.582 
345.5 0.873578 126.422 
346 0.873737 126.263 
346.5 0.873897 126.103 
347 0.874055 125.945 
347.5 0.874214 125.786 
348 0.874372 125.628 
348.5 0.874529 125.471 
349 0.874687 125.313 
349.5 0.874844 125.156 
350 0.875 125 
350.5 0.875156 124.844 
351 0.875312 124.688 
351.5 0.875467 124.533 
352 0.875622 124.378 
352.5 0.875776 124.224 
353 0.875931 124.069 
353.5 0.876084 123.916 
354 0.876238 123.762 
354.5 0.876391 123.609 
355 0.876543 123.457 
355.5 0.876695 123.305 
356 0.876847 123.153 
356.5 0.876999 123.001 
357 0.87715 122.85 
357.5 0.877301 122.699 
358 0.877451 122.549 
358.5 0.877601 122.399 
359 0.877751 122.249 
359.5 0.8779 122.1 
360 0.878049 121.951 
360.5 0.878197 121.803 
361 0.878345 121.655 
361.5 0.878493 121.507 
362 0.878641 121.359 
362.5 0.878788 121.212 
363 0.878935 121.065 
363.5 0.879081 120.919 
364 0.879227 120.773 
364.5 0.879373 120.627 
365 0.879518 120.482 
365.5 0.879663 120.337 
366 0.879808 120.192 
366.5 0.879952 120.048 
367 0.880096 119.904 
367.5 0.88024 119.76 
368 0.880383 119.617 
368.5 0.880526 119.474 
369 0.880668 119.332 
369.5 0.88081 119.19 
370 0.880952 119.048 
370.5 0.881094 118.906 
371 0.881235 118.765 
371.5 0.881376 118.624 
372 0.881517 118.483 
372.5 0.881657 118.343 
373 0.881797 118.203 
373.5 0.881936 118.064 
374 0.882075 117.925 
374.5 0.882214 117.786 
375 0.882353 117.647 
375.5 0.882491 117.509 
376 0.882629 117.371 
376.5 0.882767 117.233 
377 0.882904 117.096 
377.5 0.883041 116.959 
378 0.883178 116.822 
378.5 0.883314 116.686 
379 0.88345 116.55 
379.5 0.883586 116.414 
380 0.883721 116.279 
380.5 0.883856 116.144 
381 0.883991 116.009 
381.5 0.884125 115.875 
382 0.884259 115.741 
382.5 0.884393 115.607 
383 0.884527 115.473 
383.5 0.88466 115.34 
384 0.884793 115.207 
384.5 0.884925 115.075 
385 0.885057 114.943 
385.5 0.885189 114.811 
386 0.885321 114.679 
386.5 0.885452 114.548 
387 0.885584 114.416 
387.5 0.885714 114.286 
388 0.885845 114.155 
388.5 0.885975 114.025 
389 0.886105 113.895 
389.5 0.886234 113.766 
390 0.886364 113.636 
390.5 0.886493 113.507 
391 0.886621 113.379 
391.5 0.88675 113.25 
392 0.886878 113.122 
392.5 0.887006 112.994 
393 0.887133 112.867 
393.5 0.88726 112.74 
394 0.887387 112.613 
394.5 0.887514 112.486 
395 0.88764 112.36 
395.5 0.887767 112.233 
396 0.887892 112.108 
396.5 0.888018 111.982 
397 0.888143 111.857 
397.5 0.888268 111.732 
398 0.888393 111.607 
398.5 0.888517 111.483 
399 0.888641 111.359 
399.5 0.888765 111.235 
400 0.888889 111.111 
400.5 0.889012 110.988 
401 0.889135 110.865 
401.5 0.889258 110.742 
402 0.889381 110.619 
402.5 0.889503 110.497 
403 0.889625 110.375 
403.5 0.889746 110.254 
404 0.889868 110.132 
404.5 0.889989 110.011 
405 0.89011 109.89 
405.5 0.890231 109.769 
406 0.890351 109.649 
406.5 0.890471 109.529 
407 0.890591 109.409 
407.5 0.89071 109.29 
408 0.89083 109.17 
408.5 0.890949 109.051 
409 0.891068 108.932 
409.5 0.891186 108.814 
410 0.891304 108.696 
410.5 0.891422 108.578 
411 0.89154 108.46 
411.5 0.891658 108.342 
412 0.891775 108.225 
412.5 0.891892 108.108 
413 0.892009 107.991 
413.5 0.892125 107.875 
414 0.892241 107.759 
414.5 0.892357 107.643 
415 0.892473 107.527 
415.5 0.892589 107.411 
416 0.892704 107.296 
416.5 0.892819 107.181 
417 0.892934 107.066 
417.5 0.893048 106.952 
418 0.893162 106.838 
418.5 0.893276 106.724 
419 0.89339 106.61 
419.5 0.893504 106.496 
420 0.893617 106.383 
420.5 0.89373 106.27 
421 0.893843 106.157 
421.5 0.893955 106.045 
422 0.894068 105.932 
422.5 0.89418 105.82 
423 0.894292 105.708 
423.5 0.894403 105.597 
424 0.894515 105.485 
424.5 0.894626 105.374 
425 0.894737 105.263 
425.5 0.894848 105.152 
426 0.894958 105.042 
426.5 0.895068 104.932 
427 0.895178 104.822 
427.5 0.895288 104.712 
428 0.895397 104.603 
428.5 0.895507 104.493 
429 0.895616 104.384 
429.5 0.895725 104.275 
430 0.895833 104.167 
430.5 0.895942 104.058 
431 0.89605 103.95 
431.5 0.896158 103.842 
432 0.896266 103.734 
432.5 0.896373 103.627 
433 0.89648 103.52 
433.5 0.896587 103.413 
434 0.896694 103.306 
434.5 0.896801 103.199 
435 0.896907 103.093 
435.5 0.897013 102.987 
436 0.897119 102.881 
436.5 0.897225 102.775 
437 0.897331 102.669 
437.5 0.897436 102.564 
438 0.897541 102.459 
438.5 0.897646 102.354 
439 0.897751 102.249 
439.5 0.897855 102.145 
440 0.897959 102.041 
440.5 0.898063 101.937 
441 0.898167 101.833 
441.5 0.898271 101.729 
442 0.898374 101.626 
442.5 0.898477 101.523 
443 0.89858 101.42 
443.5 0.898683 101.317 
444 0.898785 101.215 
444.5 0.898888 101.112 
445 0.89899 101.01 
445.5 0.899092 100.908 
446 0.899194 100.806 
446.5 0.899295 100.705 
447 0.899396 100.604 
447.5 0.899497 100.503 
448 0.899598 100.402 
448.5 0.899699 100.301 
449 0.8998 100.2 
449.5 0.8999 100.1 
450 0.9 100 
450.5 0.9001 99.9001 
451 0.9002 99.8004 
451.5 0.900299 99.7009 
452 0.900398 99.6016 
452.5 0.900498 99.5025 
453 0.900596 99.4036 
453.5 0.900695 99.3049 
454 0.900794 99.2063 
454.5 0.900892 99.108 
455 0.90099 99.0099 
455.5 0.901088 98.912 
456 0.901186 98.8142 
456.5 0.901283 98.7167 
457 0.901381 98.6193 
457.5 0.901478 98.5222 
458 0.901575 98.4252 
458.5 0.901672 98.3284 
459 0.901768 98.2318 
459.5 0.901865 98.1354 
460 0.901961 98.0392 
460.5 0.902057 97.9432 
461 0.902153 97.8474 
461.5 0.902248 97.7517 
462 0.902344 97.6563 
462.5 0.902439 97.561 
463 0.902534 97.4659 
463.5 0.902629 97.371 
464 0.902724 97.2763 
464.5 0.902818 97.1817 
465 0.902913 97.0874 
465.5 0.903007 96.9932 
466 0.903101 96.8992 
466.5 0.903195 96.8054 
467 0.903288 96.7118 
467.5 0.903382 96.6184 
468 0.903475 96.5251 
468.5 0.903568 96.432 
469 0.903661 96.3391 
469.5 0.903754 96.2464 
470 0.903846 96.1538 
470.5 0.903939 96.0615 
471 0.904031 95.9693 
471.5 0.904123 95.8773 
472 0.904215 95.7854 
472.5 0.904306 95.6938 
473 0.904398 95.6023 
473.5 0.904489 95.511 
474 0.90458 95.4198 
474.5 0.904671 95.3289 
475 0.904762 95.2381 
475.5 0.904853 95.1475 
476 0.904943 95.057 
476.5 0.905033 94.9668 
477 0.905123 94.8767 
477.5 0.905213 94.7867 
478 0.905303 94.697 
478.5 0.905393 94.6074 
479 0.905482 94.518 
479.5 0.905571 94.4287 
480 0.90566 94.3396 
480.5 0.905749 94.2507 
481 0.905838 94.162 
481.5 0.905927 94.0734 
482 0.906015 93.985 
482.5 0.906103 93.8967 
483 0.906191 93.8086 
483.5 0.906279 93.7207 
484 0.906367 93.633 
484.5 0.906455 93.5454 
485 0.906542 93.4579 
485.5 0.906629 93.3707 
486 0.906716 93.2836 
486.5 0.906803 93.1966 
487 0.90689 93.1099 
487.5 0.906977 93.0233 
488 0.907063 92.9368 
488.5 0.907149 92.8505 
489 0.907236 92.7644 
489.5 0.907322 92.6784 
490 0.907407 92.5926 
490.5 0.907493 92.5069 
491 0.907579 92.4214 
491.5 0.907664 92.3361 
492 0.907749 92.2509 
492.5 0.907834 92.1659 
493 0.907919 92.081 
493.5 0.908004 91.9963 
494 0.908088 91.9118 
494.5 0.908173 91.8274 
495 0.908257 91.7431 
495.5 0.908341 91.659 
496 0.908425 91.5751 
496.5 0.908509 91.4913 
497 0.908592 91.4077 
497.5 0.908676 91.3242 
498 0.908759 91.2409 
498.5 0.908842 91.1577 
499 0.908925 91.0747 
499.5 0.909008 90.9918 
500 0.909091 90.9091 
500.5 0.909091 90.9091 
501 0.909091 90.9091 
501.5 0.909091 90.9091 
502 0.909091 90.9091 
502.5 0.909091 90.9091 
503 0.909091 90.9091 
503.5 0.909091 90.9091 
504 0.909091 90.9091 
504.5 0.909091 90.9091 
505 0.909091 90.9091 
505.5 0.909091 90.9091 
506 0.909091 90.9091 
506.5 0.909091 90.9091 
507 0.909091 90.9091 
507.5 0.909091 90.9091 
508 0.909091 90.9091 
508.5 0.909091 90.9091 
509 0.909091 90.9091 
509.5 0.909091 90.9091 
510 0.909091 90.9091 
510.5 0.909091 90.9091 
511 0.909091 90.9091 
511.5 0.909091 90.9091 
512 0.909091 90.9091 
512.5 0.909091 90.9091 
513 0.909091 90.9091 
513.5 0.909091 90.9091 
514 0.909091 90.9091 
514.5 0.909091 90.9091 
515 0.909091 90.9091 
515.5 0.909091 90.9091 
516 0.909091 90.9091 
516.5 0.909091 90.9091 
517 0.909091 90.9091 
517.5 0.909091 90.9091 
518 0.909091 90.9091 
518.5 0.909091 90.9091 
519 0.909091 90.9091 
519.5 0.909091 90.9091 
520 0.909091 90.9091 
520.5 0.909091 90.9091 
521 0.909091 90.9091 
521.5 0.909091 90.9091 
522 0.909091 90.9091 
522.5 0.909091 90.9091 
523 0.909091 90.9091 
523.5 0.909091 90.9091 
524 0.909091 90.9091 
524.5 0.909091 90.9091 
525 0.909091 90.9091 
525.5 0.909091 90.9091 
526 0.909091 90.9091 
526.5 0.909091 90.9091 
527 0.909091 90.9091 
527.5 0.909091 90.9091 
528 0.909091 90.9091 
528.5 0.909091 90.9091 
529 0.909091 90.9091 
529.5 0.909091 90.9091 
530 0.909091 90.9091 
530.5 0.909091 90.9091 
531 0.909091 90.9091 
531.5 0.909091 90.9091 
532 0.909091 90.9091 
532.5 0.909091 90.9091 
533 0.909091 90.9091 
533.5 0.909091 90.9091 
534 0.909091 90.9091 
534.5 0.909091 90.9091 
535 0.909091 90.9091 
535.5 0.909091 90.9091 
536 0.909091 90.9091 
536.5 0.909091 90.9091 
537 0.909091 90.9091 
537.5 0.909091 90.9091 
538 0.909091 90.9091 
538.5 0.909091 90.9091 
539 0.909091 90.9091 
539.5 0.909091 90.9091 
540 0.909091 90.9091 
540.5 0.909091 90.9091 
541 0.909091 90.9091 
541.5 0.909091 90.9091 
542 0.909091 90.9091 
542.5 0.909091 90.9091 
543 0.909091 90.9091 
543.5 0.909091 90.9091 
544 0.909091 90.9091 
544.5 0.909091 90.9091 
545 0.909091 90.9091 
545.5 0.909091 90.9091 
546 0.909091 90.9091 
546.5 0.909091 90.9091 
547 0.909091 90.9091 
547.5 0.909091 90.9091 
548 0.909091 90.9091 
548.5 0.909091 90.9091 
549 0.909091 90.9091 
549.5 0.909091 90.9091 
550 0.909091 90.9091 
