-20 0.00172325 0.187378 
-19.9 0.00173906 0.188074 
-19.8 0.00175487 0.188771 
-19.7 0.00177097 0.189473 
-19.6 0.00178707 0.190174 
-19.5 0.00180346 0.190881 
-19.4 0.00181986 0.191588 
-19.3 0.00183655 0.192301 
-19.2 0.00185325 0.193013 
-19.1 0.00187025 0.19373 
-19 0.00188725 0.194448 
-18.9 0.00190457 0.195171 
-18.8 0.00192188 0.195893 
-18.7 0.00193951 0.196622 
-18.6 0.00195714 0.19735 
-18.5 0.0019751 0.198084 
-18.4 0.00199305 0.198817 
-18.3 0.00201134 0.199556 
-18.2 0.00202962 0.200295 
-18.1 0.00204824 0.20104 
-18 0.00206686 0.201785 
-17.9 0.00208582 0.202535 
-17.8 0.00210478 0.203285 
-17.7 0.00212409 0.204041 
-17.6 0.0021434 0.204796 
-17.5 0.00216307 0.205558 
-17.4 0.00218273 0.206319 
-17.3 0.00220276 0.207086 
-17.2 0.00222278 0.207853 
-17.1 0.00224317 0.208626 
-17 0.00226356 0.209398 
-16.9 0.00228433 0.210177 
-16.8 0.0023051 0.210955 
-16.7 0.00232624 0.211739 
-16.6 0.00234739 0.212523 
-16.5 0.00236892 0.213314 
-16.4 0.00239046 0.214104 
-16.3 0.00241239 0.2149 
-16.2 0.00243432 0.215695 
-16.1 0.00245665 0.216497 
-16 0.00247899 0.217299 
-15.9 0.00250173 0.218107 
-15.8 0.00252447 0.218915 
-15.7 0.00254763 0.219729 
-15.6 0.00257079 0.220542 
-15.5 0.00259437 0.221362 
-15.4 0.00261796 0.222182 
-15.3 0.00264198 0.223008 
-15.2 0.00266599 0.223834 
-15.1 0.00269045 0.224666 
-15 0.00271491 0.225498 
-14.9 0.00273982 0.226336 
-14.8 0.00276472 0.227175 
-14.7 0.00279009 0.228019 
-14.6 0.00281545 0.228864 
-14.5 0.00284128 0.229714 
-14.4 0.00286711 0.230565 
-14.3 0.00289341 0.231422 
-14.2 0.00291971 0.23228 
-14.1 0.0029465 0.233143 
-14 0.00297329 0.234006 
-13.9 0.00300056 0.234876 
-13.8 0.00302784 0.235746 
-13.7 0.00305562 0.236623 
-13.6 0.00308339 0.237499 
-13.5 0.00311168 0.238382 
-13.4 0.00313997 0.239265 
-13.3 0.00316878 0.240154 
-13.2 0.00319758 0.241044 
-13.1 0.00322692 0.24194 
-13 0.00325625 0.242836 
-12.9 0.00328612 0.243739 
-12.8 0.003316 0.244641 
-12.7 0.00334642 0.245551 
-12.6 0.00337684 0.24646 
-12.5 0.00340782 0.247376 
-12.4 0.0034388 0.248293 
-12.3 0.00347035 0.249216 
-12.2 0.00350189 0.250139 
-12.1 0.00353402 0.251069 
-12 0.00356615 0.251998 
-11.9 0.00359886 0.252935 
-11.8 0.00363158 0.253872 
-11.7 0.0036649 0.254816 
-11.6 0.00369821 0.25576 
-11.5 0.00373214 0.25671 
-11.4 0.00376607 0.257661 
-11.3 0.00380062 0.258619 
-11.2 0.00383517 0.259577 
-11.1 0.00387035 0.260542 
-11 0.00390554 0.261507 
-10.9 0.00394136 0.262479 
-10.8 0.00397719 0.263451 
-10.7 0.00401368 0.26443 
-10.6 0.00405017 0.26541 
-10.5 0.00408733 0.266396 
-10.4 0.00412448 0.267383 
-10.3 0.00416232 0.268377 
-10.2 0.00420016 0.269371 
-10.1 0.00423869 0.270372 
-10 0.00427722 0.271374 
-9.9 0.00431646 0.272383 
-9.8 0.0043557 0.273391 
-9.7 0.00439566 0.274408 
-9.6 0.00443562 0.275424 
-9.5 0.00447631 0.276448 
-9.4 0.00451701 0.277472 
-9.3 0.00455845 0.278503 
-9.2 0.00459988 0.279535 
-9.1 0.00464208 0.280574 
-9 0.00468428 0.281613 
-8.9 0.00472726 0.28266 
-8.8 0.00477023 0.283707 
-8.7 0.00481399 0.284762 
-8.6 0.00485776 0.285816 
-8.5 0.00490232 0.286879 
-8.4 0.00494689 0.287941 
-8.3 0.00499227 0.289012 
-8.2 0.00503765 0.290082 
-8.1 0.00508387 0.29116 
-8 0.00513008 0.292239 
-7.9 0.00517715 0.293325 
-7.8 0.00522421 0.294412 
-7.7 0.00527214 0.295506 
-7.6 0.00532007 0.2966 
-7.5 0.00536887 0.297703 
-7.4 0.00541768 0.298806 
-7.3 0.00546738 0.299916 
-7.2 0.00551708 0.301027 
-7.1 0.0055677 0.302146 
-7 0.00561831 0.303265 
-6.9 0.00566985 0.304393 
-6.8 0.0057214 0.30552 
-6.7 0.00577389 0.306656 
-6.6 0.00582637 0.307792 
-6.5 0.00587983 0.308936 
-6.4 0.00593328 0.31008 
-6.3 0.00598771 0.311233 
-6.2 0.00604214 0.312385 
-6.1 0.00609757 0.313547 
-6 0.006153 0.314708 
-5.9 0.00620945 0.315878 
-5.8 0.0062659 0.317048 
-5.7 0.00632338 0.318226 
-5.6 0.00638087 0.319405 
-5.5 0.00643941 0.320592 
-5.4 0.00649794 0.32178 
-5.3 0.00655756 0.322976 
-5.2 0.00661717 0.324172 
-5.1 0.00667788 0.325377 
-5 0.00673858 0.326582 
-4.9 0.0068004 0.327796 
-4.8 0.00686222 0.32901 
-4.7 0.00692518 0.330234 
-4.6 0.00698813 0.331457 
-4.5 0.00705224 0.332689 
-4.4 0.00711635 0.333921 
-4.3 0.00718164 0.335162 
-4.2 0.00724692 0.336404 
-4.1 0.0073134 0.337654 
-4 0.00737989 0.338905 
-3.9 0.00744759 0.340165 
-3.8 0.0075153 0.341425 
-3.7 0.00758424 0.342694 
-3.6 0.00765319 0.343963 
-3.5 0.0077234 0.345242 
-3.4 0.00779361 0.34652 
-3.3 0.00786511 0.347808 
-3.2 0.00793661 0.349097 
-3.1 0.00800942 0.350394 
-3 0.00808223 0.351692 
-2.9 0.00815637 0.353 
-2.8 0.00823052 0.354307 
-2.7 0.00830603 0.355624 
-2.6 0.00838154 0.356941 
-2.5 0.00845843 0.358268 
-2.4 0.00853532 0.359595 
-2.3 0.00861363 0.360932 
-2.2 0.00869193 0.362269 
-2.1 0.00877167 0.363615 
-2 0.00885141 0.364962 
-1.9 0.00893261 0.366319 
-1.8 0.00901382 0.367675 
-1.7 0.00909651 0.369042 
-1.6 0.0091792 0.370409 
-1.5 0.00926341 0.371786 
-1.4 0.00934762 0.373163 
-1.3 0.00943338 0.37455 
-1.2 0.00951913 0.375938 
-1.1 0.00960646 0.377335 
-1 0.00969379 0.378733 
-0.9 0.00978272 0.38014 
-0.8 0.00987166 0.381548 
-0.7 0.00996222 0.382967 
-0.6 0.0100528 0.384385 
-0.5 0.010145 0.385814 
-0.4 0.0102372 0.387243 
-0.3 0.0103311 0.388683 
-0.2 0.0104251 0.390122 
-0.1 0.0105207 0.391572 
1.52933e-14 0.0106163 0.393023 
0.1 0.0107137 0.394484 
0.2 0.0108111 0.395945 
0.3 0.0109103 0.397417 
0.4 0.0110095 0.398889 
0.5 0.0111105 0.400371 
0.6 0.0112115 0.401854 
0.7 0.0113144 0.403348 
0.8 0.0114172 0.404842 
0.9 0.011522 0.406347 
1 0.0116267 0.407852 
1.1 0.0117334 0.409368 
1.2 0.01184 0.410884 
1.3 0.0119486 0.412412 
1.4 0.0120573 0.413939 
1.5 0.0121679 0.415478 
1.6 0.0122785 0.417017 
1.7 0.0123911 0.418567 
1.8 0.0125038 0.420117 
1.9 0.0126185 0.421679 
2 0.0127332 0.423241 
2.1 0.01285 0.424814 
2.2 0.0129668 0.426388 
2.3 0.0130858 0.427973 
2.4 0.0132048 0.429558 
2.5 0.0133259 0.431155 
2.6 0.013447 0.432751 
2.7 0.0135704 0.43436 
2.8 0.0136938 0.435969 
2.9 0.0138194 0.43759 
3 0.013945 0.43921 
3.1 0.0140729 0.440843 
3.2 0.0142009 0.442476 
3.3 0.0143312 0.444121 
3.4 0.0144614 0.445766 
3.5 0.0145941 0.447423 
3.6 0.0147268 0.44908 
3.7 0.0148619 0.450749 
3.8 0.014997 0.452419 
3.9 0.0151346 0.454101 
4 0.0152722 0.455782 
4.1 0.0154123 0.457477 
4.2 0.0155524 0.459171 
4.3 0.015695 0.460878 
4.4 0.0158377 0.462585 
4.5 0.015983 0.464305 
4.6 0.0161283 0.466024 
4.7 0.0162763 0.467757 
4.8 0.0164242 0.469489 
4.9 0.0165749 0.471234 
5 0.0167256 0.47298 
5.1 0.016879 0.474738 
5.2 0.0170325 0.476496 
5.3 0.0171887 0.478268 
5.4 0.017345 0.480039 
5.5 0.0175041 0.481824 
5.6 0.0176632 0.483608 
5.7 0.0178253 0.485406 
5.8 0.0179873 0.487204 
5.9 0.0181523 0.489015 
6 0.0183174 0.490826 
6.1 0.0184854 0.492651 
6.2 0.0186535 0.494475 
6.3 0.0188246 0.496313 
6.4 0.0189957 0.498152 
6.5 0.01917 0.500003 
6.6 0.0193442 0.501855 
6.7 0.0195217 0.503721 
6.8 0.0196992 0.505587 
6.9 0.0198799 0.507466 
7 0.0200606 0.509346 
7.1 0.0202447 0.511239 
7.2 0.0204287 0.513132 
7.3 0.0206161 0.51504 
7.4 0.0208035 0.516948 
7.5 0.0209944 0.518869 
7.6 0.0211852 0.520791 
7.7 0.0213796 0.522727 
7.8 0.0215739 0.524663 
7.9 0.0217719 0.526613 
8 0.0219698 0.528564 
8.1 0.0221713 0.530529 
8.2 0.0223729 0.532494 
8.3 0.0225781 0.534473 
8.4 0.0227834 0.536453 
8.5 0.0229924 0.538447 
8.6 0.0232014 0.540441 
8.7 0.0234143 0.54245 
8.8 0.0236271 0.544459 
8.9 0.0238439 0.546483 
9 0.0240606 0.548507 
9.1 0.0242814 0.550546 
9.2 0.0245021 0.552585 
9.3 0.0247269 0.55464 
9.4 0.0249517 0.556694 
9.5 0.0251806 0.558763 
9.6 0.0254095 0.560833 
9.7 0.0256426 0.562918 
9.8 0.0258757 0.565003 
9.9 0.0261131 0.567103 
10 0.0263505 0.569203 
10.1 0.0265922 0.571319 
10.2 0.0268339 0.573435 
10.3 0.0270801 0.575567 
10.4 0.0273263 0.577699 
10.5 0.027577 0.579846 
10.6 0.0278277 0.581994 
10.7 0.028083 0.584157 
10.8 0.0283383 0.586321 
10.9 0.0285982 0.588501 
11 0.0288582 0.59068 
11.1 0.029123 0.592876 
11.2 0.0293877 0.595072 
11.3 0.0296573 0.597284 
11.4 0.0299269 0.599496 
11.5 0.0302015 0.601725 
11.6 0.030476 0.603953 
11.7 0.0307556 0.606199 
11.8 0.0310352 0.608444 
11.9 0.0313199 0.610706 
12 0.0316046 0.612967 
12.1 0.0318946 0.615246 
12.2 0.0321845 0.617525 
12.3 0.0324798 0.61982 
12.4 0.0327751 0.622116 
12.5 0.0330757 0.624429 
12.6 0.0333764 0.626741 
12.7 0.0336826 0.629071 
12.8 0.0339888 0.631401 
12.9 0.0343006 0.633748 
13 0.0346124 0.636096 
13.1 0.03493 0.63846 
13.2 0.0352475 0.640825 
13.3 0.0355709 0.643207 
13.4 0.0358942 0.645589 
13.5 0.0362235 0.647989 
13.6 0.0365528 0.650389 
13.7 0.0368882 0.652807 
13.8 0.0372235 0.655225 
13.9 0.037565 0.657661 
14 0.0379065 0.660096 
14.1 0.0382542 0.66255 
14.2 0.038602 0.665004 
14.3 0.0389561 0.667476 
14.4 0.0393103 0.669948 
14.5 0.0396709 0.672439 
14.6 0.0400315 0.674929 
14.7 0.0403988 0.677438 
14.8 0.040766 0.679947 
14.9 0.04114 0.682475 
15 0.041514 0.685003 
15.1 0.0418949 0.687549 
15.2 0.0422757 0.690096 
15.3 0.0426636 0.692661 
15.4 0.0430514 0.695227 
15.5 0.0434464 0.697811 
15.6 0.0438413 0.700395 
15.7 0.0442435 0.702999 
15.8 0.0446457 0.705603 
15.9 0.0450553 0.708226 
16 0.0454649 0.710849 
16.1 0.045882 0.713491 
16.2 0.0462991 0.716134 
16.3 0.0467238 0.718796 
16.4 0.0471486 0.721458 
16.5 0.0475811 0.72414 
16.6 0.0480137 0.726822 
16.7 0.0484542 0.729524 
16.8 0.0488946 0.732226 
16.9 0.0493432 0.734948 
17 0.0497918 0.73767 
17.1 0.0502485 0.740413 
17.2 0.0507053 0.743155 
17.3 0.0511705 0.745917 
17.4 0.0516357 0.74868 
17.5 0.0521094 0.751463 
17.6 0.0525831 0.754246 
17.7 0.0530655 0.75705 
17.8 0.0535479 0.759854 
17.9 0.0540392 0.762679 
18 0.0545304 0.765504 
18.1 0.0550307 0.768349 
18.2 0.0555309 0.771195 
18.3 0.0560404 0.774062 
18.4 0.0565498 0.776929 
18.5 0.0570686 0.779817 
18.6 0.0575874 0.782705 
18.7 0.0581157 0.785615 
18.8 0.058644 0.788525 
18.9 0.059182 0.791456 
19 0.05972 0.794387 
19.1 0.0602679 0.79734 
19.2 0.0608158 0.800293 
19.3 0.0613737 0.803269 
19.4 0.0619316 0.806244 
19.5 0.0624998 0.809241 
19.6 0.063068 0.812238 
19.7 0.0636466 0.815257 
19.8 0.0642251 0.818277 
19.9 0.0648144 0.821319 
20 0.0654036 0.824361 
20.1 0.0660036 0.827425 
20.2 0.0666036 0.83049 
20.3 0.0672146 0.833577 
20.4 0.0678256 0.836664 
20.5 0.0684479 0.839775 
20.6 0.0690701 0.842885 
20.7 0.0697038 0.846018 
20.8 0.0703374 0.849152 
20.9 0.0709827 0.852308 
21 0.071628 0.855465 
21.1 0.0722851 0.858645 
21.2 0.0729422 0.861825 
21.3 0.0736114 0.865029 
21.4 0.0742806 0.868233 
21.5 0.074962 0.87146 
21.6 0.0756435 0.874688 
21.7 0.0763374 0.87794 
21.8 0.0770314 0.881191 
21.9 0.0777381 0.884467 
22 0.0784448 0.887743 
22.1 0.0791644 0.891043 
22.2 0.0798841 0.894343 
22.3 0.0806169 0.897668 
22.4 0.0813498 0.900993 
22.5 0.0820961 0.904342 
22.6 0.0828424 0.907691 
22.7 0.0836024 0.911066 
22.8 0.0843624 0.91444 
22.9 0.0851364 0.917839 
23 0.0859103 0.921239 
23.1 0.0866985 0.924663 
23.2 0.0874866 0.928088 
23.3 0.0882892 0.931538 
23.4 0.0890918 0.934988 
23.5 0.0899092 0.938464 
23.6 0.0907265 0.94194 
23.7 0.0915588 0.945441 
23.8 0.0923912 0.948943 
23.9 0.0932388 0.952471 
24 0.0940864 0.955998 
24.1 0.0949495 0.959552 
24.2 0.0958127 0.963106 
24.3 0.0966917 0.966686 
24.4 0.0975706 0.970267 
24.5 0.0984658 0.973874 
24.6 0.0993609 0.977481 
24.7 0.100272 0.981114 
24.8 0.101184 0.984748 
24.9 0.102112 0.988409 
25 0.103041 0.99207 
25.1 0.103986 0.995758 
25.2 0.104931 0.999446 
25.3 0.105894 1.00316 
25.4 0.106856 1.00688 
25.5 0.107837 1.01062 
25.6 0.108817 1.01436 
25.7 0.109815 1.01813 
25.8 0.110814 1.0219 
25.9 0.11183 1.0257 
26 0.112847 1.0295 
26.1 0.113882 1.03333 
26.2 0.114917 1.03716 
26.3 0.115972 1.04101 
26.4 0.117026 1.04487 
26.5 0.118099 1.04875 
26.6 0.119173 1.05264 
26.7 0.120266 1.05655 
26.8 0.12136 1.06046 
26.9 0.122473 1.0644 
27 0.123586 1.06835 
27.1 0.12472 1.07232 
27.2 0.125854 1.07629 
27.3 0.127009 1.08029 
27.4 0.128163 1.08429 
27.5 0.129339 1.08832 
27.6 0.130515 1.09235 
27.7 0.131712 1.09641 
27.8 0.132909 1.10047 
27.9 0.134129 1.10457 
28 0.135348 1.10866 
28.1 0.13659 1.11278 
28.2 0.137831 1.1169 
28.3 0.139096 1.12105 
28.4 0.14036 1.1252 
28.5 0.141648 1.12939 
28.6 0.142936 1.13357 
28.7 0.144247 1.13778 
28.8 0.145558 1.142 
28.9 0.146894 1.14624 
29 0.148229 1.15049 
29.1 0.149589 1.15476 
29.2 0.150949 1.15904 
29.3 0.152334 1.16335 
29.4 0.153718 1.16766 
29.5 0.155129 1.172 
29.6 0.156539 1.17634 
29.7 0.157975 1.18071 
29.8 0.159411 1.18509 
29.9 0.160873 1.18949 
30 0.162336 1.1939 
30.1 0.163825 1.19834 
30.2 0.165314 1.20277 
30.3 0.166831 1.20725 
30.4 0.168348 1.21172 
30.5 0.169892 1.21622 
30.6 0.171437 1.22073 
30.7 0.173009 1.22526 
30.8 0.174582 1.2298 
30.9 0.176184 1.23437 
31 0.177785 1.23895 
31.1 0.179416 1.24355 
31.2 0.181047 1.24816 
31.3 0.182708 1.2528 
31.4 0.184369 1.25744 
31.5 0.186061 1.26211 
31.6 0.187752 1.26679 
31.7 0.189474 1.27149 
31.8 0.191197 1.2762 
31.9 0.192951 1.28095 
32 0.194705 1.28569 
32.1 0.196491 1.29047 
32.2 0.198278 1.29525 
32.3 0.200097 1.30007 
32.4 0.201916 1.30488 
32.5 0.203768 1.30973 
32.6 0.20562 1.31458 
32.7 0.207507 1.31947 
32.8 0.209393 1.32436 
32.9 0.211314 1.32928 
33 0.213235 1.3342 
33.1 0.215191 1.33916 
33.2 0.217147 1.34412 
33.3 0.21914 1.34912 
33.4 0.221132 1.35412 
33.5 0.22316 1.35915 
33.6 0.225189 1.36418 
33.7 0.227255 1.36926 
33.8 0.229321 1.37433 
33.9 0.231425 1.37944 
34 0.233528 1.38454 
34.1 0.235671 1.38969 
34.2 0.237813 1.39484 
34.3 0.239995 1.40002 
34.4 0.242177 1.40521 
34.5 0.244398 1.41043 
34.6 0.24662 1.41566 
34.7 0.248883 1.42092 
34.8 0.251145 1.42618 
34.9 0.253449 1.43148 
35 0.255753 1.43679 
35.1 0.2581 1.44213 
35.2 0.260446 1.44747 
35.3 0.262835 1.45285 
35.4 0.265225 1.45823 
35.5 0.267658 1.46365 
35.6 0.270091 1.46907 
35.7 0.272569 1.47453 
35.8 0.275047 1.47999 
35.9 0.27757 1.4855 
36 0.280093 1.491 
36.1 0.282663 1.49654 
36.2 0.285232 1.50208 
36.3 0.287849 1.50767 
36.4 0.290466 1.51325 
36.5 0.293131 1.51888 
36.6 0.295795 1.5245 
36.7 0.298509 1.53017 
36.8 0.301223 1.53584 
36.9 0.303986 1.54155 
37 0.306749 1.54726 
37.1 0.309564 1.55301 
37.2 0.312378 1.55876 
37.3 0.315243 1.56455 
37.4 0.318109 1.57035 
37.5 0.321028 1.57619 
37.6 0.323946 1.58202 
37.7 0.326918 1.5879 
37.8 0.32989 1.59379 
37.9 0.332916 1.59971 
38 0.335943 1.60564 
38.1 0.339025 1.6116 
38.2 0.342107 1.61757 
38.3 0.345245 1.62359 
38.4 0.348384 1.6296 
38.5 0.35158 1.63566 
38.6 0.354776 1.64172 
38.7 0.35803 1.64782 
38.8 0.361285 1.65392 
38.9 0.3646 1.66007 
39 0.367914 1.66622 
39.1 0.371289 1.67241 
39.2 0.374665 1.67861 
39.3 0.378102 1.68485 
39.4 0.381539 1.69109 
39.5 0.385039 1.69737 
39.6 0.38854 1.70366 
39.7 0.392104 1.70999 
39.8 0.395668 1.71633 
39.9 0.399298 1.72271 
40 0.402928 1.72909 
40.1 0.406625 1.73551 
40.2 0.410321 1.74194 
40.3 0.414086 1.74842 
40.4 0.41785 1.75489 
40.5 0.421683 1.76142 
40.6 0.425517 1.76794 
40.7 0.42942 1.77451 
40.8 0.433324 1.78109 
40.9 0.437299 1.78771 
41 0.441275 1.79433 
41.1 0.445323 1.801 
41.2 0.449371 1.80767 
41.3 0.453494 1.81439 
41.4 0.457616 1.82111 
41.5 0.461815 1.82788 
41.6 0.466013 1.83465 
41.7 0.470288 1.84147 
41.8 0.474563 1.84829 
41.9 0.478917 1.85516 
42 0.483271 1.86203 
42.1 0.487704 1.86895 
42.2 0.492138 1.87587 
42.3 0.496653 1.88285 
42.4 0.501167 1.88982 
42.5 0.505765 1.89685 
42.6 0.510363 1.90387 
42.7 0.515045 1.91095 
42.8 0.519727 1.91803 
42.9 0.524495 1.92516 
43 0.529263 1.93229 
43.1 0.534119 1.93947 
43.2 0.538974 1.94665 
43.3 0.543919 1.95389 
43.4 0.548863 1.96113 
43.5 0.553899 1.96842 
43.6 0.558934 1.97571 
43.7 0.564062 1.98305 
43.8 0.569189 1.9904 
43.9 0.574411 1.9978 
44 0.579633 2.0052 
44.1 0.58495 2.01265 
44.2 0.590268 2.0201 
44.3 0.595683 2.02761 
44.4 0.601098 2.03512 
44.5 0.606613 2.04269 
44.6 0.612127 2.05025 
44.7 0.617743 2.05788 
44.8 0.623359 2.0655 
44.9 0.629077 2.07318 
45 0.634796 2.08085 
45.1 0.64062 2.08859 
45.2 0.646443 2.09633 
45.3 0.652374 2.10412 
45.4 0.658305 2.11191 
45.5 0.664344 2.11976 
45.6 0.670383 2.12761 
45.7 0.676533 2.13552 
45.8 0.682683 2.14343 
45.9 0.688946 2.1514 
46 0.695209 2.15937 
46.1 0.701587 2.1674 
46.2 0.707965 2.17542 
46.3 0.71446 2.18351 
46.4 0.720955 2.1916 
46.5 0.727569 2.19974 
46.6 0.734183 2.20789 
46.7 0.740919 2.2161 
46.8 0.747654 2.22431 
46.9 0.754513 2.23258 
47 0.761372 2.24084 
47.1 0.768357 2.24917 
47.2 0.775342 2.25751 
47.3 0.782455 2.2659 
47.4 0.789568 2.27429 
47.5 0.796811 2.28274 
47.6 0.804055 2.2912 
47.7 0.811431 2.29972 
47.8 0.818808 2.30823 
47.9 0.82632 2.31681 
48 0.833831 2.32539 
48.1 0.841481 2.33404 
48.2 0.849131 2.34268 
48.3 0.856921 2.35139 
48.4 0.864711 2.3601 
48.5 0.872643 2.36888 
48.6 0.880576 2.37765 
48.7 0.888655 2.38649 
48.8 0.896733 2.39533 
48.9 0.90496 2.40423 
49 0.913187 2.41314 
49.1 0.921564 2.42211 
49.2 0.929942 2.43108 
49.3 0.938473 2.44011 
49.4 0.947005 2.44915 
49.5 0.955692 2.45826 
49.6 0.96438 2.46736 
49.7 0.973228 2.47653 
49.8 0.982075 2.48571 
49.9 0.991037 2.49495 
50 1 2.50419 
50.1 1 2.5135 
50.2 1 2.5228 
50.3 1 2.53218 
50.4 1 2.54156 
50.5 1 2.55101 
50.6 1 2.56046 
50.7 1 2.56998 
50.8 1 2.57949 
50.9 1 2.58908 
51 1 2.59867 
51.1 1 2.60833 
51.2 1 2.61799 
51.3 1 2.62773 
51.4 1 2.63746 
51.5 1 2.64726 
51.6 1 2.65707 
51.7 1 2.66695 
51.8 1 2.67682 
51.9 1 2.68677 
52 1 2.69672 
52.1 1 2.70675 
52.2 1 2.71677 
52.3 1 2.72687 
52.4 1 2.73697 
52.5 1 2.74715 
52.6 1 2.75732 
52.7 1 2.76757 
52.8 1 2.77782 
52.9 1 2.78815 
53 1 2.79848 
53.1 1 2.80888 
53.2 1 2.81928 
53.3 1 2.82976 
53.4 1 2.84024 
53.5 1 2.8508 
53.6 1 2.86136 
53.7 1 2.872 
53.8 1 2.88263 
53.9 1 2.89335 
54 1 2.90407 
54.1 1 2.91486 
54.2 1 2.92566 
54.3 1 2.93653 
54.4 1 2.94741 
54.5 1 2.95837 
54.6 1 2.96932 
54.7 1 2.98036 
54.8 1 2.9914 
54.9 1 3.00252 
55 1 3.01364 
55.1 1 3.02484 
55.2 1 3.03605 
55.3 1 3.04733 
55.4 1 3.05862 
55.5 1 3.06999 
55.6 1 3.08136 
55.7 1 3.09282 
55.8 1 3.10427 
55.9 1 3.11581 
56 1 3.12735 
56.1 1 3.13898 
56.2 1 3.1506 
56.3 1 3.16231 
56.4 1 3.17403 
56.5 1 3.18583 
56.6 1 3.19763 
56.7 1 3.20951 
56.8 1 3.2214 
56.9 1 3.23337 
57 1 3.24535 
57.1 1 3.25741 
57.2 1 3.26948 
57.3 1 3.28163 
57.4 1 3.29379 
57.5 1 3.30603 
57.6 1 3.31828 
57.7 1 3.33061 
57.8 1 3.34295 
57.9 1 3.35537 
58 1 3.3678 
58.1 1 3.38032 
58.2 1 3.39284 
58.3 1 3.40545 
58.4 1 3.41807 
58.5 1 3.43077 
58.6 1 3.44348 
58.7 1 3.45628 
58.8 1 3.46908 
58.9 1 3.48198 
59 1 3.49487 
59.1 1 3.50787 
59.2 1 3.52086 
59.3 1 3.53395 
59.4 1 3.54704 
59.5 1 3.56022 
59.6 1 3.57341 
59.7 1 3.58669 
59.8 1 3.59997 
59.9 1 3.61336 
60 1 3.62674 
60.1 1 3.64022 
60.2 1 3.6537 
60.3 1 3.66729 
60.4 1 3.68087 
60.5 1 3.69455 
60.6 1 3.70824 
60.7 1 3.72202 
60.8 1 3.73581 
60.9 1 3.74969 
61 1 3.76358 
61.1 1 3.77757 
61.2 1 3.79156 
61.3 1 3.80566 
61.4 1 3.81975 
61.5 1 3.83395 
61.6 1 3.84815 
61.7 1 3.86246 
61.8 1 3.87676 
61.9 1 3.89118 
62 1 3.90559 
62.1 1 3.92011 
62.2 1 3.93463 
62.3 1 3.94925 
62.4 1 3.96388 
62.5 1 3.97861 
62.6 1 3.99335 
62.7 1 4.0082 
62.8 1 4.02304 
62.9 1 4.038 
63 1 4.05295 
63.1 1 4.06802 
63.2 1 4.08308 
63.3 1 4.09826 
63.4 1 4.11344 
63.5 1 4.12873 
63.6 1 4.14403 
63.7 1 4.15943 
63.8 1 4.17484 
63.9 1 4.19036 
64 1 4.20588 
64.1 1 4.22151 
64.2 1 4.23715 
64.3 1 4.2529 
64.4 1 4.26865 
64.5 1 4.28452 
64.6 1 4.30039 
64.7 1 4.31637 
64.8 1 4.33236 
64.9 1 4.34846 
65 1 4.36457 
65.1 1 4.38079 
65.2 1 4.39702 
65.3 1 4.41337 
65.4 1 4.42971 
65.5 1 4.44618 
65.6 1 4.46265 
65.7 1 4.47923 
65.8 1 4.49582 
65.9 1 4.51254 
66 1 4.52925 
66.1 1 4.54609 
66.2 1 4.56293 
66.3 1 4.57989 
66.4 1 4.59685 
66.5 1 4.61394 
66.6 1 4.63103 
66.7 1 4.64824 
66.8 1 4.66546 
66.9 1 4.6828 
67 1 4.70015 
67.1 1 4.71762 
67.2 1 4.73509 
67.3 1 4.75269 
67.4 1 4.7703 
67.5 1 4.78803 
67.6 1 4.80576 
67.7 1 4.82363 
67.8 1 4.84149 
67.9 1 4.85949 
68 1 4.87749 
68.1 1 4.89562 
68.2 1 4.91375 
68.3 1 4.93202 
68.4 1 4.95029 
68.5 1 4.96869 
68.6 1 4.98709 
68.7 1 5.00563 
68.8 1 5.02417 
68.9 1 5.04285 
69 1 5.06152 
69.1 1 5.08034 
69.2 1 5.09916 
69.3 1 5.11811 
69.4 1 5.13707 
69.5 1 5.15616 
69.6 1 5.17526 
69.7 1 5.1945 
69.8 1 5.21374 
69.9 1 5.23312 
70 1 5.2525 
70.1 1 5.27203 
70.2 1 5.29155 
70.3 1 5.31123 
70.4 1 5.3309 
70.5 1 5.35071 
70.6 1 5.37053 
70.7 1 5.3905 
70.8 1 5.41046 
70.9 1 5.43057 
71 1 5.45069 
71.1 1 5.47095 
71.2 1 5.49121 
71.3 1 5.51163 
71.4 1 5.53204 
71.5 1 5.5526 
71.6 1 5.57317 
71.7 1 5.59389 
71.8 1 5.61461 
71.9 1 5.63548 
72 1 5.65635 
72.1 1 5.67738 
72.2 1 5.6984 
72.3 1 5.71959 
72.4 1 5.74077 
72.5 1 5.76211 
72.6 1 5.78345 
72.7 1 5.80495 
72.8 1 5.82645 
72.9 1 5.84811 
73 1 5.86977 
73.1 1 5.89159 
73.2 1 5.91341 
73.3 1 5.9354 
73.4 1 5.95738 
73.5 1 5.97953 
73.6 1 6.00167 
73.7 1 6.02398 
73.8 1 6.04629 
73.9 1 6.06877 
74 1 6.09125 
74.1 1 6.11389 
74.2 1 6.13653 
74.3 1 6.15935 
74.4 1 6.18216 
74.5 1 6.20514 
74.6 1 6.22812 
74.7 1 6.25128 
74.8 1 6.27443 
74.9 1 6.29775 
75 1 6.32108 
75.1 1 6.34458 
75.2 1 6.36808 
75.3 1 6.39175 
75.4 1 6.41542 
75.5 1 6.43927 
75.6 1 6.46312 
75.7 1 6.48715 
75.8 1 6.51117 
75.9 1 6.53538 
76 1 6.55958 
76.1 1 6.58397 
76.2 1 6.60835 
76.3 1 6.63292 
76.4 1 6.65748 
76.5 1 6.68223 
76.6 1 6.70698 
76.7 1 6.73192 
76.8 1 6.75685 
76.9 1 6.78197 
77 1 6.80708 
77.1 1 6.83239 
77.2 1 6.85769 
77.3 1 6.88319 
77.4 1 6.90868 
77.5 1 6.93436 
77.6 1 6.96005 
77.7 1 6.98592 
77.8 1 7.01179 
77.9 1 7.03786 
78 1 7.06393 
78.1 1 7.09019 
78.2 1 7.11645 
78.3 1 7.1429 
78.4 1 7.16936 
78.5 1 7.19601 
78.6 1 7.22266 
78.7 1 7.24951 
78.8 1 7.27636 
78.9 1 7.30341 
79 1 7.33046 
79.1 1 7.35771 
79.2 1 7.38496 
79.3 1 7.41241 
79.4 1 7.43987 
79.5 1 7.46752 
79.6 1 7.49518 
79.7 1 7.52304 
79.8 1 7.55091 
79.9 1 7.57898 
80 1 7.60705 
80.1 1 7.63533 
80.2 1 7.6636 
80.3 1 7.69209 
80.4 1 7.72058 
80.5 1 7.74928 
80.6 1 7.77798 
80.7 1 7.8069 
80.8 1 7.83581 
80.9 1 7.86494 
81 1 7.89407 
81.1 1 7.92342 
81.2 1 7.95276 
81.3 1 7.98233 
81.4 1 8.01189 
81.5 1 8.04168 
81.6 1 8.07146 
81.7 1 8.10146 
81.8 1 8.13147 
81.9 1 8.1617 
82 1 8.19193 
82.1 1 8.22238 
82.2 1 8.25283 
82.3 1 8.28351 
82.4 1 8.31419 
82.5 1 8.3451 
82.6 1 8.37601 
82.7 1 8.40714 
82.8 1 8.43828 
82.9 1 8.46965 
83 1 8.50102 
83.1 1 8.53262 
83.2 1 8.56422 
83.3 1 8.59606 
83.4 1 8.6279 
83.5 1 8.65997 
83.6 1 8.69205 
83.7 1 8.72436 
83.8 1 8.75667 
83.9 1 8.78922 
84 1 8.82178 
84.1 1 8.85457 
84.2 1 8.88736 
84.3 1 8.9204 
84.4 1 8.95344 
84.5 1 8.98673 
84.6 1 9.02001 
84.7 1 9.05354 
84.8 1 9.08707 
84.9 1 9.12085 
85 1 9.15463 
85.1 1 9.18867 
85.2 1 9.2227 
85.3 1 9.25698 
85.4 1 9.29127 
85.5 1 9.32581 
85.6 1 9.36035 
85.7 1 9.39514 
85.8 1 9.42994 
85.9 1 9.465 
86 1 9.50005 
86.1 1 9.53537 
86.2 1 9.57068 
86.3 1 9.60626 
86.4 1 9.64184 
86.5 1 9.67768 
86.6 1 9.71353 
86.7 1 9.74964 
86.8 1 9.78575 
86.9 1 9.82212 
87 1 9.8585 
87.1 1 9.89515 
87.2 1 9.9318 
87.3 1 9.96872 
87.4 1 10.0056 
87.5 1 10.0428 
87.6 1 10.08 
87.7 1 10.1175 
87.8 1 10.155 
87.9 1 10.1927 
88 1 10.2305 
88.1 1 10.2685 
88.2 1 10.3065 
88.3 1 10.3449 
88.4 1 10.3832 
88.5 1 10.4218 
88.6 1 10.4604 
88.7 1 10.4993 
88.8 1 10.5381 
88.9 1 10.5773 
89 1 10.6165 
89.1 1 10.656 
89.2 1 10.6954 
89.3 1 10.7352 
89.4 1 10.7749 
89.5 1 10.815 
89.6 1 10.8551 
89.7 1 10.8954 
89.8 1 10.9358 
89.9 1 10.9764 
90 1 11.0171 
90.1 1 11.058 
90.2 1 11.099 
90.3 1 11.1402 
90.4 1 11.1815 
90.5 1 11.2231 
90.6 1 11.2646 
90.7 1 11.3065 
90.8 1 11.3484 
90.9 1 11.3906 
91 1 11.4328 
91.1 1 11.4753 
91.2 1 11.5178 
91.3 1 11.5606 
91.4 1 11.6034 
91.5 1 11.6465 
91.6 1 11.6897 
91.7 1 11.7331 
91.8 1 11.7766 
91.9 1 11.8204 
92 1 11.8641 
92.1 1 11.9082 
92.2 1 11.9523 
92.3 1 11.9968 
92.4 1 12.0412 
92.5 1 12.086 
92.6 1 12.1307 
92.7 1 12.1758 
92.8 1 12.2209 
92.9 1 12.2663 
93 1 12.3118 
93.1 1 12.3575 
93.2 1 12.4033 
93.3 1 12.4494 
93.4 1 12.4955 
93.5 1 12.542 
93.6 1 12.5884 
93.7 1 12.6352 
93.8 1 12.682 
93.9 1 12.7292 
94 1 12.7763 
94.1 1 12.8238 
94.2 1 12.8713 
94.3 1 12.9192 
94.4 1 12.967 
94.5 1 13.0152 
94.6 1 13.0634 
94.7 1 13.112 
94.8 1 13.1605 
94.9 1 13.2095 
95 1 13.2584 
95.1 1 13.3077 
95.2 1 13.357 
95.3 1 13.4066 
95.4 1 13.4563 
95.5 1 13.5063 
95.6 1 13.5563 
95.7 1 13.6067 
95.8 1 13.6571 
95.9 1 13.7079 
96 1 13.7586 
96.1 1 13.8098 
96.2 1 13.8609 
96.3 1 13.9125 
96.4 1 13.964 
96.5 1 14.0159 
96.6 1 14.0678 
96.7 1 14.1201 
96.8 1 14.1724 
96.9 1 14.2251 
97 1 14.2778 
97.1 1 14.3309 
97.2 1 14.3839 
97.3 1 14.4374 
97.4 1 14.4909 
97.5 1 14.5447 
97.6 1 14.5986 
97.7 1 14.6529 
97.8 1 14.7072 
97.9 1 14.7618 
98 1 14.8165 
98.1 1 14.8716 
98.2 1 14.9267 
98.3 1 14.9822 
98.4 1 15.0376 
98.5 1 15.0935 
98.6 1 15.1494 
98.7 1 15.2058 
98.8 1 15.2621 
98.9 1 15.3188 
99 1 15.3756 
99.1 1 15.4327 
99.2 1 15.4899 
99.3 1 15.5475 
99.4 1 15.605 
99.5 1 15.663 
99.6 1 15.7211 
99.7 1 15.7795 
99.8 1 15.8379 
99.9 1 15.8968 
100 1 15.9557 
100.1 1 16.015 
100.2 1 16.0743 
100.3 1 16.1341 
100.4 1 16.1938 
100.5 1 16.254 
100.6 1 16.3142 
100.7 1 16.3749 
100.8 1 16.4355 
100.9 1 16.4966 
101 1 16.5577 
101.1 1 16.6193 
101.2 1 16.6808 
101.3 1 16.7428 
101.4 1 16.8049 
101.5 1 16.8673 
101.6 1 16.9298 
101.7 1 16.9927 
101.8 1 17.0557 
101.9 1 17.1191 
102 1 17.1825 
102.1 1 17.2463 
102.2 1 17.3102 
102.3 1 17.3746 
102.4 1 17.4389 
102.5 1 17.5038 
102.6 1 17.5686 
102.7 1 17.6339 
102.8 1 17.6992 
102.9 1 17.765 
103 1 17.8308 
103.1 1 17.8971 
103.2 1 17.9634 
103.3 1 18.0301 
103.4 1 18.0969 
103.5 1 18.1642 
103.6 1 18.2315 
103.7 1 18.2992 
103.8 1 18.367 
103.9 1 18.4353 
104 1 18.5036 
104.1 1 18.5724 
104.2 1 18.6411 
104.3 1 18.7104 
104.4 1 18.7797 
104.5 1 18.8496 
104.6 1 18.9194 
104.7 1 18.9897 
104.8 1 19.06 
104.9 1 19.1309 
105 1 19.2017 
105.1 1 19.2731 
105.2 1 19.3445 
105.3 1 19.4164 
105.4 1 19.4883 
105.5 1 19.5608 
105.6 1 19.6332 
105.7 1 19.7062 
105.8 1 19.7792 
105.9 1 19.8527 
106 1 19.9263 
106.1 1 20.0003 
106.2 1 20.0744 
106.3 1 20.149 
106.4 1 20.2237 
106.5 1 20.2988 
106.6 1 20.374 
106.7 1 20.4498 
106.8 1 20.5255 
106.9 1 20.6018 
107 1 20.6781 
107.1 1 20.755 
107.2 1 20.8318 
107.3 1 20.9093 
107.4 1 20.9867 
107.5 1 21.0647 
107.6 1 21.1428 
107.7 1 21.2214 
107.8 1 21.2999 
107.9 1 21.3791 
108 1 21.4583 
108.1 1 21.5381 
108.2 1 21.6179 
108.3 1 21.6982 
108.4 1 21.7786 
108.5 1 21.8595 
108.6 1 21.9405 
108.7 1 22.0221 
108.8 1 22.1036 
108.9 1 22.1858 
109 1 22.268 
109.1 1 22.3507 
109.2 1 22.4335 
109.3 1 22.5169 
109.4 1 22.6003 
109.5 1 22.6843 
109.6 1 22.7683 
109.7 1 22.853 
109.8 1 22.9376 
109.9 1 23.0229 
110 1 23.1082 
110.1 1 23.1941 
110.2 1 23.28 
110.3 1 23.3665 
110.4 1 23.4531 
110.5 1 23.5402 
110.6 1 23.6274 
110.7 1 23.7153 
110.8 1 23.8031 
110.9 1 23.8916 
111 1 23.9801 
111.1 1 24.0692 
111.2 1 24.1584 
111.3 1 24.2482 
111.4 1 24.338 
111.5 1 24.4285 
111.6 1 24.5189 
111.7 1 24.6101 
111.8 1 24.7012 
111.9 1 24.7931 
112 1 24.8849 
112.1 1 24.9774 
112.2 1 25.0699 
112.3 1 25.1631 
112.4 1 25.2563 
112.5 1 25.3502 
112.6 1 25.4441 
112.7 1 25.5387 
112.8 1 25.6332 
112.9 1 25.7285 
113 1 25.8238 
113.1 1 25.9198 
113.2 1 26.0158 
113.3 1 26.1125 
113.4 1 26.2092 
113.5 1 26.3067 
113.6 1 26.4041 
113.7 1 26.5023 
113.8 1 26.6004 
113.9 1 26.6993 
114 1 26.7982 
114.1 1 26.8978 
114.2 1 26.9974 
114.3 1 27.0978 
114.4 1 27.1982 
114.5 1 27.2993 
114.6 1 27.4004 
114.7 1 27.5022 
114.8 1 27.6041 
114.9 1 27.7067 
115 1 27.8093 
115.1 1 27.9127 
115.2 1 28.0161 
115.3 1 28.1202 
115.4 1 28.2244 
115.5 1 28.3293 
115.6 1 28.4342 
115.7 1 28.5399 
115.8 1 28.6456 
115.9 1 28.7521 
116 1 28.8586 
116.1 1 28.9659 
116.2 1 29.0732 
116.3 1 29.1812 
116.4 1 29.2893 
116.5 1 29.3982 
116.6 1 29.5071 
116.7 1 29.6168 
116.8 1 29.7265 
116.9 1 29.837 
117 1 29.9475 
117.1 1 30.0588 
117.2 1 30.1701 
117.3 1 30.2823 
117.4 1 30.3945 
117.5 1 30.5074 
117.6 1 30.6204 
117.7 1 30.7343 
117.8 1 30.8481 
117.9 1 30.9628 
118 1 31.0774 
118.1 1 31.193 
118.2 1 31.3085 
118.3 1 31.4249 
118.4 1 31.5413 
118.5 1 31.6585 
118.6 1 31.7758 
118.7 1 31.8939 
118.8 1 32.012 
118.9 1 32.131 
119 1 32.25 
119.1 1 32.3699 
119.2 1 32.4898 
119.3 1 32.6106 
119.4 1 32.7314 
119.5 1 32.8531 
119.6 1 32.9747 
119.7 1 33.0973 
119.8 1 33.2199 
119.9 1 33.3434 
120 1 33.4669 
120.1 1 33.5913 
120.2 1 33.7157 
120.3 1 33.841 
120.4 1 33.9664 
120.5 1 34.0927 
120.6 1 34.2189 
120.7 1 34.3461 
120.8 1 34.4733 
120.9 1 34.6015 
121 1 34.7296 
121.1 1 34.8587 
121.2 1 34.9879 
121.3 1 35.1179 
121.4 1 35.248 
121.5 1 35.379 
121.6 1 35.5101 
121.7 1 35.6421 
121.8 1 35.7741 
121.9 1 35.9071 
122 1 36.04 
122.1 1 36.174 
122.2 1 36.308 
122.3 1 36.443 
122.4 1 36.5779 
122.5 1 36.7139 
122.6 1 36.8499 
122.7 1 36.9869 
122.8 1 37.1239 
122.9 1 37.2619 
123 1 37.3999 
123.1 1 37.5389 
123.2 1 37.6779 
123.3 1 37.818 
123.4 1 37.9581 
123.5 1 38.0992 
123.6 1 38.2403 
123.7 1 38.3825 
123.8 1 38.5246 
123.9 1 38.6678 
124 1 38.811 
124.1 1 38.9553 
124.2 1 39.0996 
124.3 1 39.2449 
124.4 1 39.3903 
124.5 1 39.5367 
124.6 1 39.6832 
124.7 1 39.8307 
124.8 1 39.9782 
124.9 1 40.1268 
125 1 40.2754 
125.1 1 40.4252 
125.2 1 40.5749 
125.3 1 40.7257 
125.4 1 40.8765 
125.5 1 41.0285 
125.6 1 41.1805 
125.7 1 41.3335 
125.8 1 41.4866 
125.9 1 41.6409 
126 1 41.7951 
126.1 1 41.9505 
126.2 1 42.1058 
126.3 1 42.2624 
126.4 1 42.4189 
126.5 1 42.5766 
126.6 1 42.7343 
126.7 1 42.8931 
126.8 1 43.052 
126.9 1 43.212 
127 1 43.3721 
127.1 1 43.5333 
127.2 1 43.6945 
127.3 1 43.857 
127.4 1 44.0194 
127.5 1 44.183 
127.6 1 44.3467 
127.7 1 44.5115 
127.8 1 44.6764 
127.9 1 44.8425 
128 1 45.0086 
128.1 1 45.1759 
128.2 1 45.3432 
128.3 1 45.5118 
128.4 1 45.6803 
128.5 1 45.8501 
128.6 1 46.02 
128.7 1 46.191 
128.8 1 46.3621 
128.9 1 46.5345 
129 1 46.7068 
129.1 1 46.8804 
129.2 1 47.0541 
129.3 1 47.229 
129.4 1 47.4039 
129.5 1 47.5801 
129.6 1 47.7564 
129.7 1 47.9339 
129.8 1 48.1114 
129.9 1 48.2903 
130 1 48.4691 
