0 0 
0.5 0.002 
1 0.004 
1.5 0.006 
2 0.008 
2.5 0.01 
3 0.012 
3.5 0.014 
4 0.016 
4.5 0.018 
5 0.02 
5.5 0.022 
6 0.024 
6.5 0.026 
7 0.028 
7.5 0.03 
8 0.032 
8.5 0.034 
9 0.036 
9.5 0.038 
10 0.04 
10.5 0.042 
11 0.044 
11.5 0.046 
12 0.048 
12.5 0.05 
13 0.052 
13.5 0.054 
14 0.056 
14.5 0.058 
15 0.06 
15.5 0.062 
16 0.064 
16.5 0.066 
17 0.068 
17.5 0.07 
18 0.072 
18.5 0.074 
19 0.076 
19.5 0.078 
20 0.08 
20.5 0.082 
21 0.084 
21.5 0.086 
22 0.088 
22.5 0.09 
23 0.092 
23.5 0.094 
24 0.096 
24.5 0.098 
25 0.1 
25.5 0.102 
26 0.104 
26.5 0.106 
27 0.108 
27.5 0.11 
28 0.112 
28.5 0.114 
29 0.116 
29.5 0.118 
30 0.12 
30.5 0.122 
31 0.124 
31.5 0.126 
32 0.128 
32.5 0.13 
33 0.132 
33.5 0.134 
34 0.136 
34.5 0.138 
35 0.14 
35.5 0.142 
36 0.144 
36.5 0.146 
37 0.148 
37.5 0.15 
38 0.152 
38.5 0.154 
39 0.156 
39.5 0.158 
40 0.16 
40.5 0.162 
41 0.164 
41.5 0.166 
42 0.168 
42.5 0.17 
43 0.172 
43.5 0.174 
44 0.176 
44.5 0.178 
45 0.18 
45.5 0.182 
46 0.184 
46.5 0.186 
47 0.188 
47.5 0.19 
48 0.192 
48.5 0.194 
49 0.196 
49.5 0.198 
50 0.2 
50.5 0.202 
51 0.204 
51.5 0.206 
52 0.208 
52.5 0.21 
53 0.212 
53.5 0.214 
54 0.216 
54.5 0.218 
55 0.22 
55.5 0.222 
56 0.224 
56.5 0.226 
57 0.228 
57.5 0.23 
58 0.232 
58.5 0.234 
59 0.236 
59.5 0.238 
60 0.24 
60.5 0.242 
61 0.244 
61.5 0.246 
62 0.248 
62.5 0.25 
63 0.252 
63.5 0.254 
64 0.256 
64.5 0.258 
65 0.26 
65.5 0.262 
66 0.264 
66.5 0.266 
67 0.268 
67.5 0.27 
68 0.272 
68.5 0.274 
69 0.276 
69.5 0.278 
70 0.28 
70.5 0.282 
71 0.284 
71.5 0.286 
72 0.288 
72.5 0.29 
73 0.292 
73.5 0.294 
74 0.296 
74.5 0.298 
75 0.3 
75.5 0.302 
76 0.304 
76.5 0.306 
77 0.308 
77.5 0.31 
78 0.312 
78.5 0.314 
79 0.316 
79.5 0.318 
80 0.32 
80.5 0.322 
81 0.324 
81.5 0.326 
82 0.328 
82.5 0.33 
83 0.332 
83.5 0.334 
84 0.336 
84.5 0.338 
85 0.34 
85.5 0.342 
86 0.344 
86.5 0.346 
87 0.348 
87.5 0.35 
88 0.352 
88.5 0.354 
89 0.356 
89.5 0.358 
90 0.36 
90.5 0.362 
91 0.364 
91.5 0.366 
92 0.368 
92.5 0.37 
93 0.372 
93.5 0.374 
94 0.376 
94.5 0.378 
95 0.38 
95.5 0.382 
96 0.384 
96.5 0.386 
97 0.388 
97.5 0.39 
98 0.392 
98.5 0.394 
99 0.396 
99.5 0.398 
100 0.4 
100.5 0.402 
101 0.404 
101.5 0.406 
102 0.408 
102.5 0.41 
103 0.412 
103.5 0.414 
104 0.416 
104.5 0.418 
105 0.42 
105.5 0.422 
106 0.424 
106.5 0.426 
107 0.428 
107.5 0.43 
108 0.432 
108.5 0.434 
109 0.436 
109.5 0.438 
110 0.44 
110.5 0.442 
111 0.444 
111.5 0.446 
112 0.448 
112.5 0.45 
113 0.452 
113.5 0.454 
114 0.456 
114.5 0.458 
115 0.46 
115.5 0.462 
116 0.464 
116.5 0.466 
117 0.468 
117.5 0.47 
118 0.472 
118.5 0.474 
119 0.476 
119.5 0.478 
120 0.48 
120.5 0.482 
121 0.484 
121.5 0.486 
122 0.488 
122.5 0.49 
123 0.492 
123.5 0.494 
124 0.496 
124.5 0.498 
125 0.5 
125.5 0.502 
126 0.504 
126.5 0.506 
127 0.508 
127.5 0.51 
128 0.512 
128.5 0.514 
129 0.516 
129.5 0.518 
130 0.52 
130.5 0.522 
131 0.524 
131.5 0.526 
132 0.528 
132.5 0.53 
133 0.532 
133.5 0.534 
134 0.536 
134.5 0.538 
135 0.54 
135.5 0.542 
136 0.544 
136.5 0.546 
137 0.548 
137.5 0.55 
138 0.552 
138.5 0.554 
139 0.556 
139.5 0.558 
140 0.56 
140.5 0.562 
141 0.564 
141.5 0.566 
142 0.568 
142.5 0.57 
143 0.572 
143.5 0.574 
144 0.576 
144.5 0.578 
145 0.58 
145.5 0.582 
146 0.584 
146.5 0.586 
147 0.588 
147.5 0.59 
148 0.592 
148.5 0.594 
149 0.596 
149.5 0.598 
150 0.6 
150.5 0.602 
151 0.604 
151.5 0.606 
152 0.608 
152.5 0.61 
153 0.612 
153.5 0.614 
154 0.616 
154.5 0.618 
155 0.62 
155.5 0.622 
156 0.624 
156.5 0.626 
157 0.628 
157.5 0.63 
158 0.632 
158.5 0.634 
159 0.636 
159.5 0.638 
160 0.64 
160.5 0.642 
161 0.644 
161.5 0.646 
162 0.648 
162.5 0.65 
163 0.652 
163.5 0.654 
164 0.656 
164.5 0.658 
165 0.66 
165.5 0.662 
166 0.664 
166.5 0.666 
167 0.668 
167.5 0.67 
168 0.672 
168.5 0.674 
169 0.676 
169.5 0.678 
170 0.68 
170.5 0.682 
171 0.684 
171.5 0.686 
172 0.688 
172.5 0.69 
173 0.692 
173.5 0.694 
174 0.696 
174.5 0.698 
175 0.7 
175.5 0.702 
176 0.704 
176.5 0.706 
177 0.708 
177.5 0.71 
178 0.712 
178.5 0.714 
179 0.716 
179.5 0.718 
180 0.72 
180.5 0.722 
181 0.724 
181.5 0.726 
182 0.728 
182.5 0.73 
183 0.732 
183.5 0.734 
184 0.736 
184.5 0.738 
185 0.74 
185.5 0.742 
186 0.744 
186.5 0.746 
187 0.748 
187.5 0.75 
188 0.752 
188.5 0.754 
189 0.756 
189.5 0.758 
190 0.76 
190.5 0.762 
191 0.764 
191.5 0.766 
192 0.768 
192.5 0.77 
193 0.772 
193.5 0.774 
194 0.776 
194.5 0.778 
195 0.78 
195.5 0.782 
196 0.784 
196.5 0.786 
197 0.788 
197.5 0.79 
198 0.792 
198.5 0.794 
199 0.796 
199.5 0.798 
200 0.8 
200.5 0.802 
201 0.804 
201.5 0.806 
202 0.808 
202.5 0.81 
203 0.812 
203.5 0.814 
204 0.816 
204.5 0.818 
205 0.82 
205.5 0.822 
206 0.824 
206.5 0.826 
207 0.828 
207.5 0.83 
208 0.832 
208.5 0.834 
209 0.836 
209.5 0.838 
210 0.84 
210.5 0.842 
211 0.844 
211.5 0.846 
212 0.848 
212.5 0.85 
213 0.852 
213.5 0.854 
214 0.856 
214.5 0.858 
215 0.86 
215.5 0.862 
216 0.864 
216.5 0.866 
217 0.868 
217.5 0.87 
218 0.872 
218.5 0.874 
219 0.876 
219.5 0.878 
220 0.88 
220.5 0.882 
221 0.884 
221.5 0.886 
222 0.888 
222.5 0.89 
223 0.892 
223.5 0.894 
224 0.896 
224.5 0.898 
225 0.9 
225.5 0.902 
226 0.904 
226.5 0.906 
227 0.908 
227.5 0.91 
228 0.912 
228.5 0.914 
229 0.916 
229.5 0.918 
230 0.92 
230.5 0.922 
231 0.924 
231.5 0.926 
232 0.928 
232.5 0.93 
233 0.932 
233.5 0.934 
234 0.936 
234.5 0.938 
235 0.94 
235.5 0.942 
236 0.944 
236.5 0.946 
237 0.948 
237.5 0.95 
238 0.952 
238.5 0.954 
239 0.956 
239.5 0.958 
240 0.96 
240.5 0.962 
241 0.964 
241.5 0.966 
242 0.968 
242.5 0.97 
243 0.972 
243.5 0.974 
244 0.976 
244.5 0.978 
245 0.98 
245.5 0.982 
246 0.984 
246.5 0.986 
247 0.988 
247.5 0.99 
248 0.992 
248.5 0.994 
249 0.996 
249.5 0.998 
250 1 
250.5 1 
251 1 
251.5 1 
252 1 
252.5 1 
253 1 
253.5 1 
254 1 
254.5 1 
255 1 
255.5 1 
256 1 
256.5 1 
257 1 
257.5 1 
258 1 
258.5 1 
259 1 
259.5 1 
260 1 
260.5 1 
261 1 
261.5 1 
262 1 
262.5 1 
263 1 
263.5 1 
264 1 
264.5 1 
265 1 
265.5 1 
266 1 
266.5 1 
267 1 
267.5 1 
268 1 
268.5 1 
269 1 
269.5 1 
270 1 
270.5 1 
271 1 
271.5 1 
272 1 
272.5 1 
273 1 
273.5 1 
274 1 
274.5 1 
275 1 
275.5 1 
276 1 
276.5 1 
277 1 
277.5 1 
278 1 
278.5 1 
279 1 
279.5 1 
280 1 
280.5 1 
281 1 
281.5 1 
282 1 
282.5 1 
283 1 
283.5 1 
284 1 
284.5 1 
285 1 
285.5 1 
286 1 
286.5 1 
287 1 
287.5 1 
288 1 
288.5 1 
289 1 
289.5 1 
290 1 
290.5 1 
291 1 
291.5 1 
292 1 
292.5 1 
293 1 
293.5 1 
294 1 
294.5 1 
295 1 
295.5 1 
296 1 
296.5 1 
297 1 
297.5 1 
298 1 
298.5 1 
299 1 
299.5 1 
300 1 
