-20 2.12378e-05 1.47149
-19.9 2.16863e-05 1.47517
-19.8 2.21347e-05 1.47886
-19.7 2.26019e-05 1.48257
-19.6 2.30692e-05 1.48627
-19.5 2.3556e-05 1.49
-19.4 2.40427e-05 1.49372
-19.3 2.45499e-05 1.49746
-19.2 2.50571e-05 1.50121
-19.1 2.55855e-05 1.50497
-19 2.61139e-05 1.50873
-18.9 2.66644e-05 1.51251
-18.8 2.72148e-05 1.51629
-18.7 2.77883e-05 1.52009
-18.6 2.83618e-05 1.52389
-18.5 2.89593e-05 1.52771
-18.4 2.95568e-05 1.53153
-18.3 3.01792e-05 1.53536
-18.2 3.08016e-05 1.5392
-18.1 3.145e-05 1.54306
-18 3.20984e-05 1.54691
-17.9 3.27739e-05 1.55079
-17.8 3.34494e-05 1.55467
-17.7 3.4153e-05 1.55856
-17.6 3.48567e-05 1.56246
-17.5 3.55897e-05 1.56637
-17.4 3.63227e-05 1.57029
-17.3 3.70862e-05 1.57422
-17.2 3.78498e-05 1.57816
-17.1 3.86452e-05 1.58211
-17 3.94405e-05 1.58606
-16.9 4.0269e-05 1.59004
-16.8 4.10975e-05 1.59401
-16.7 4.19605e-05 1.598
-16.6 4.28234e-05 1.602
-16.5 4.37223e-05 1.60601
-16.4 4.46212e-05 1.61003
-16.3 4.55575e-05 1.61406
-16.2 4.64937e-05 1.61809
-16.1 4.74689e-05 1.62215
-16 4.84441e-05 1.6262
-15.9 4.94598e-05 1.63027
-15.8 5.04755e-05 1.63435
-15.7 5.15334e-05 1.63844
-15.6 5.25913e-05 1.64254
-15.5 5.36931e-05 1.64665
-15.4 5.47949e-05 1.65077
-15.3 5.59425e-05 1.6549
-15.2 5.709e-05 1.65904
-15.1 5.82851e-05 1.66319
-15 5.94803e-05 1.66735
-14.9 6.07249e-05 1.67153
-14.8 6.19696e-05 1.6757
-14.7 6.32658e-05 1.6799
-14.6 6.45621e-05 1.6841
-14.5 6.5912e-05 1.68832
-14.4 6.72619e-05 1.69253
-14.3 6.86677e-05 1.69677
-14.2 7.00735e-05 1.70101
-14.1 7.15375e-05 1.70527
-14 7.30014e-05 1.70953
-13.9 7.45259e-05 1.71382
-13.8 7.60504e-05 1.7181
-13.7 7.76379e-05 1.7224
-13.6 7.92254e-05 1.72671
-13.5 8.08785e-05 1.73103
-13.4 8.25316e-05 1.73535
-13.3 8.42529e-05 1.7397
-13.2 8.59742e-05 1.74405
-13.1 8.77666e-05 1.74842
-13 8.9559e-05 1.75278
-12.9 9.14253e-05 1.75717
-12.8 9.32916e-05 1.76156
-12.7 9.52348e-05 1.76597
-12.6 9.7178e-05 1.77039
-12.5 9.92013e-05 1.77482
-12.4 0.000101225 1.77925
-12.3 0.000103331 1.78371
-12.2 0.000105438 1.78816
-12.1 0.000107631 1.79264
-12 0.000109824 1.79712
-11.9 0.000112108 1.80162
-11.8 0.000114391 1.80612
-11.7 0.000116769 1.81064
-11.6 0.000119146 1.81516
-11.5 0.000121621 1.81971
-11.4 0.000124096 1.82425
-11.3 0.000126673 1.82882
-11.2 0.00012925 1.83339
-11.1 0.000131932 1.83798
-11 0.000134615 1.84257
-10.9 0.000137407 1.84718
-10.8 0.000140199 1.85179
-10.7 0.000143106 1.85643
-10.6 0.000146013 1.86106
-10.5 0.000149039 1.86572
-10.4 0.000152065 1.87038
-10.3 0.000155215 1.87506
-10.2 0.000158365 1.87974
-10.1 0.000161644 1.88445
-10 0.000164923 1.88915
-9.9 0.000168336 1.89388
-9.8 0.000171748 1.89861
-9.7 0.000175301 1.90336
-9.6 0.000178853 1.90811
-9.5 0.00018255 1.91289
-9.4 0.000186248 1.91766
-9.3 0.000190096 1.92246
-9.2 0.000193944 1.92726
-9.1 0.00019795 1.93208
-9 0.000201955 1.93691
-8.9 0.000206123 1.94175
-8.8 0.000210292 1.9466
-8.7 0.00021463 1.95147
-8.6 0.000218968 1.95634
-8.5 0.000223483 1.96123
-8.4 0.000227998 1.96613
-8.3 0.000232697 1.97105
-8.2 0.000237395 1.97597
-8.1 0.000242285 1.98091
-8 0.000247175 1.98585
-7.9 0.000252263 1.99082
-7.8 0.000257351 1.99578
-7.7 0.000262646 2.00078
-7.6 0.00026794 2.00577
-7.5 0.00027345 2.01078
-7.4 0.00027896 2.0158
-7.3 0.000284692 2.02084
-7.2 0.000290425 2.02588
-7.1 0.000296391 2.03094
-7 0.000302356 2.03601
-6.9 0.000308562 2.0411
-6.8 0.000314769 2.04619
-6.7 0.000321227 2.05131
-6.6 0.000327684 2.05642
-6.5 0.000334403 2.06156
-6.4 0.000341122 2.0667
-6.3 0.000348112 2.07187
-6.2 0.000355102 2.07703
-6.1 0.000362374 2.08222
-6 0.000369646 2.08741
-5.9 0.000377212 2.09263
-5.8 0.000384777 2.09784
-5.7 0.000392647 2.10308
-5.6 0.000400518 2.10832
-5.5 0.000408705 2.11359
-5.4 0.000416892 2.11886
-5.3 0.000425408 2.12415
-5.2 0.000433925 2.12944
-5.1 0.000442784 2.13476
-5 0.000451643 2.14008
-4.9 0.000460858 2.14542
-4.8 0.000470072 2.15077
-4.7 0.000479657 2.15614
-4.6 0.000489242 2.16151
-4.5 0.000499211 2.1669
-4.4 0.000509179 2.1723
-4.3 0.000519548 2.17772
-4.2 0.000529916 2.18314
-4.1 0.0005407 2.18859
-4 0.000551483 2.19404
-3.9 0.000562698 2.19951
-3.8 0.000573912 2.20498
-3.7 0.000585575 2.21048
-3.6 0.000597238 2.21598
-3.5 0.000609366 2.22151
-3.4 0.000621495 2.22704
-3.3 0.000634107 2.23259
-3.2 0.00064672 2.23815
-3.1 0.000659834 2.24372
-3 0.000672949 2.2493
-2.9 0.000686586 2.25491
-2.8 0.000700224 2.26052
-2.7 0.000714403 2.26615
-2.6 0.000728583 2.27178
-2.5 0.000743326 2.27744
-2.4 0.000758069 2.2831
-2.3 0.000773397 2.28879
-2.2 0.000788726 2.29448
-2.1 0.000804662 2.30019
-2 0.000820598 2.30591
-1.9 0.000837166 2.31165
-1.8 0.000853734 2.31739
-1.7 0.000870958 2.32315
-1.6 0.000888181 2.32892
-1.5 0.000906086 2.33472
-1.4 0.000923991 2.34051
-1.3 0.000942603 2.34633
-1.2 0.000961215 2.35216
-1.1 0.000980561 2.35801
-1 0.000999908 2.36386
-0.9 0.00102002 2.36973
-0.8 0.00104013 2.37561
-0.7 0.00106103 2.38151
-0.6 0.00108193 2.38742
-0.5 0.00110365 2.39335
-0.4 0.00112537 2.39928
-0.3 0.00114795 2.40524
-0.2 0.00117053 2.4112
-0.1 0.00119399 2.41718
1.52933e-14 0.00121745 2.42317
0.1 0.00124183 2.42918
0.2 0.00126622 2.4352
0.3 0.00129155 2.44124
0.4 0.00131689 2.44728
0.5 0.00134322 2.45335
0.6 0.00136955 2.45942
0.7 0.0013969 2.46551
0.8 0.00142426 2.47161
0.9 0.00145268 2.47773
1 0.00148111 2.48386
1.1 0.00151064 2.49001
1.2 0.00154017 2.49616
1.3 0.00157085 2.50234
1.4 0.00160153 2.50852
1.5 0.00163341 2.51472
1.6 0.00166528 2.52093
1.7 0.00169839 2.52716
1.8 0.0017315 2.5334
1.9 0.0017659 2.53966
2 0.00180029 2.54592
2.1 0.00183602 2.55221
2.2 0.00187174 2.5585
2.3 0.00190885 2.56482
2.4 0.00194596 2.57113
2.5 0.0019845 2.57748
2.6 0.00202304 2.58382
2.7 0.00206307 2.59019
2.8 0.0021031 2.59656
2.9 0.00214467 2.60296
3 0.00218623 2.60936
3.1 0.0022294 2.61579
3.2 0.00227257 2.62221
3.3 0.00231739 2.62867
3.4 0.00236222 2.63512
3.5 0.00240876 2.6416
3.6 0.0024553 2.64808
3.7 0.00250363 2.65459
3.8 0.00255195 2.6611
3.9 0.00260213 2.66763
4 0.0026523 2.67417
4.1 0.00270438 2.68073
4.2 0.00275647 2.68729
4.3 0.00281054 2.69388
4.4 0.00286462 2.70047
4.5 0.00292075 2.70708
4.6 0.00297687 2.7137
4.7 0.00303514 2.72034
4.8 0.0030934 2.72698
4.9 0.00315387 2.73365
5 0.00321434 2.74032
5.1 0.0032771 2.74701
5.2 0.00333986 2.75371
5.3 0.00340499 2.76043
5.4 0.00347012 2.76715
5.5 0.00353771 2.7739
5.6 0.0036053 2.78064
5.7 0.00367543 2.78742
5.8 0.00374557 2.79419
5.9 0.00381834 2.80099
6 0.00389111 2.80778
6.1 0.00396661 2.81461
6.2 0.00404211 2.82143
6.3 0.00412044 2.82828
6.4 0.00419877 2.83513
6.5 0.00428003 2.842
6.6 0.00436129 2.84887
6.7 0.00444558 2.85577
6.8 0.00452987 2.86267
6.9 0.0046173 2.86959
7 0.00470473 2.87651
7.1 0.00479541 2.88346
7.2 0.00488609 2.8904
7.3 0.00498013 2.89737
7.4 0.00507417 2.90434
7.5 0.00517169 2.91134
7.6 0.00526921 2.91833
7.7 0.00537034 2.92534
7.8 0.00547146 2.93236
7.9 0.00557631 2.9394
8 0.00568117 2.94644
8.1 0.00578987 2.9535
8.2 0.00589858 2.96056
8.3 0.00601128 2.96764
8.4 0.00612397 2.97472
8.5 0.0062408 2.98183
8.6 0.00635762 2.98893
8.7 0.00647871 2.99606
8.8 0.0065998 3.00318
8.9 0.0067253 3.01033
9 0.0068508 3.01747
9.1 0.00698087 3.02464
9.2 0.00711093 3.0318
9.3 0.00724572 3.03899
9.4 0.0073805 3.04617
9.5 0.00752016 3.05338
9.6 0.00765981 3.06058
9.7 0.00780451 3.0678
9.8 0.00794921 3.07503
9.9 0.00809911 3.08227
10 0.00824902 3.08951
10.1 0.0084043 3.09676
10.2 0.00855959 3.10402
10.3 0.00872043 3.11129
10.4 0.00888128 3.11857
10.5 0.00904787 3.12586
10.6 0.00921446 3.13314
10.7 0.00938697 3.14045
10.8 0.00955949 3.14775
10.9 0.00973814 3.15507
11 0.00991678 3.16239
11.1 0.0101017 3.16972
11.2 0.0102867 3.17705
11.3 0.0104782 3.1844
11.4 0.0106697 3.19174
11.5 0.0108679 3.1991
11.6 0.0110662 3.20646
11.7 0.0112714 3.21382
11.8 0.0114765 3.22119
11.9 0.0116889 3.22857
12 0.0119013 3.23595
12.1 0.012121 3.24333
12.2 0.0123408 3.25072
12.3 0.0125682 3.25812
12.4 0.0127956 3.26551
12.5 0.0130309 3.27291
12.6 0.0132661 3.28031
12.7 0.0135095 3.28772
12.8 0.0137529 3.29513
12.9 0.0140047 3.30254
13 0.0142564 3.30996
13.1 0.0145168 3.31737
13.2 0.0147772 3.32479
13.3 0.0150465 3.33221
13.4 0.0153158 3.33963
13.5 0.0155942 3.34705
13.6 0.0158726 3.35447
13.7 0.0161605 3.36189
13.8 0.0164484 3.36931
13.9 0.016746 3.37673
14 0.0170436 3.38415
14.1 0.0173512 3.39157
14.2 0.0176588 3.39899
14.3 0.0179767 3.4064
14.4 0.0182946 3.41381
14.5 0.0186231 3.42122
14.6 0.0189516 3.42863
14.7 0.019291 3.43603
14.8 0.0196304 3.44343
14.9 0.019981 3.45082
15 0.0203316 3.45822
15.1 0.0206938 3.4656
15.2 0.021056 3.47298
15.3 0.02143 3.48035
15.4 0.0218041 3.48772
15.5 0.0221903 3.49508
15.6 0.0225766 3.50244
15.7 0.0229753 3.50978
15.8 0.0233741 3.51712
15.9 0.0237858 3.52445
16 0.0241975 3.53177
16.1 0.0246224 3.53908
16.2 0.0250473 3.54638
16.3 0.0254858 3.55367
16.4 0.0259243 3.56095
16.5 0.0263768 3.56821
16.6 0.0268292 3.57548
16.7 0.027296 3.58271
16.8 0.0277628 3.58995
16.9 0.0282443 3.59716
17 0.0287258 3.60437
17.1 0.0292224 3.61155
17.2 0.029719 3.61874
17.3 0.030231 3.62589
17.4 0.0307431 3.63304
17.5 0.031271 3.64015
17.6 0.0317989 3.64727
17.7 0.032343 3.65435
17.8 0.0328872 3.66143
17.9 0.033448 3.66847
18 0.0340088 3.67552
18.1 0.0345867 3.68252
18.2 0.0351646 3.68952
18.3 0.0357599 3.69648
18.4 0.0363553 3.70344
18.5 0.0369685 3.71035
18.6 0.0375817 3.71727
18.7 0.0382132 3.72413
18.8 0.0388448 3.731
18.9 0.039495 3.73781
19 0.0401453 3.74462
19.1 0.0408146 3.75138
19.2 0.041484 3.75814
19.3 0.042173 3.76485
19.4 0.0428619 3.77155
19.5 0.0435709 3.7782
19.6 0.0442798 3.78484
19.7 0.0450092 3.79143
19.8 0.0457385 3.79801
19.9 0.0464887 3.80453
20 0.047239 3.81104
20.1 0.0480105 3.81749
20.2 0.048782 3.82394
20.3 0.0495752 3.83032
20.4 0.0503684 3.8367
20.5 0.0511838 3.84301
20.6 0.0519991 3.84931
20.7 0.0528371 3.85554
20.8 0.053675 3.86177
20.9 0.054536 3.86792
21 0.0553969 3.87406
21.1 0.0562813 3.88013
21.2 0.0571657 3.88619
21.3 0.0580739 3.89217
21.4 0.0589822 3.89815
21.5 0.0599147 3.90403
21.6 0.0608472 3.90992
21.7 0.0618044 3.91572
21.8 0.0627617 3.92151
21.9 0.063744 3.92721
22 0.0647263 3.9329
22.1 0.0657342 3.9385
22.2 0.0667421 3.9441
22.3 0.0677758 3.94959
22.4 0.0688096 3.95509
22.5 0.0698697 3.96048
22.6 0.0709298 3.96586
22.7 0.0720166 3.97114
22.8 0.0731035 3.97642
22.9 0.0742174 3.98158
23 0.0753313 3.98674
23.1 0.0764726 3.99179
23.2 0.077614 3.99684
23.3 0.0787832 4.00176
23.4 0.0799523 4.00669
23.5 0.0811497 4.01149
23.6 0.082347 4.01629
23.7 0.0835729 4.02096
23.8 0.0847987 4.02564
23.9 0.0860534 4.03018
24 0.0873081 4.03472
24.1 0.088592 4.03913
24.2 0.0898758 4.04354
24.3 0.0911891 4.04781
24.4 0.0925024 4.05208
24.5 0.0938454 4.05621
24.6 0.0951884 4.06034
24.7 0.0965615 4.06432
24.8 0.0979345 4.0683
24.9 0.0993378 4.07214
25 0.100741 4.07598
25.1 0.102175 4.07966
25.2 0.103609 4.08334
25.3 0.105073 4.08687
25.4 0.106538 4.0904
25.5 0.108033 4.09377
25.6 0.109528 4.09715
25.7 0.111055 4.10036
25.8 0.112581 4.10357
25.9 0.114139 4.10661
26 0.115697 4.10966
26.1 0.117286 4.11253
26.2 0.118875 4.11541
26.3 0.120495 4.11812
26.4 0.122116 4.12083
26.5 0.123768 4.12336
26.6 0.12542 4.1259
26.7 0.127104 4.12825
26.8 0.128787 4.13061
26.9 0.130503 4.13279
27 0.132218 4.13497
27.1 0.133965 4.13696
27.2 0.135712 4.13896
27.3 0.137491 4.14077
27.4 0.13927 4.14259
27.5 0.14108 4.14421
27.6 0.142891 4.14584
27.7 0.144733 4.14727
27.8 0.146574 4.14871
27.9 0.148448 4.14995
28 0.150321 4.1512
28.1 0.152226 4.15225
28.2 0.154131 4.1533
28.3 0.156067 4.15416
28.4 0.158003 4.15501
28.5 0.15997 4.15567
28.6 0.161937 4.15633
28.7 0.163935 4.15679
28.8 0.165933 4.15725
28.9 0.167961 4.1575
29 0.16999 4.15776
29.1 0.172049 4.15782
29.2 0.174107 4.15787
29.3 0.176196 4.15773
29.4 0.178285 4.15758
29.5 0.180404 4.15722
29.6 0.182522 4.15687
29.7 0.18467 4.15631
29.8 0.186818 4.15575
29.9 0.188995 4.15499
30 0.191172 4.15422
30.1 0.193377 4.15325
30.2 0.195583 4.15228
30.3 0.197816 4.1511
30.4 0.20005 4.14992
30.5 0.202311 4.14853
30.6 0.204572 4.14714
30.7 0.206861 4.14554
30.8 0.209149 4.14395
30.9 0.211464 4.14214
31 0.213779 4.14034
31.1 0.21612 4.13832
31.2 0.218461 4.13631
31.3 0.220828 4.13409
31.4 0.223194 4.13187
31.5 0.225586 4.12944
31.6 0.227977 4.12701
31.7 0.230393 4.12437
31.8 0.232809 4.12174
31.9 0.235248 4.1189
32 0.237687 4.11606
32.1 0.24015 4.11301
32.2 0.242612 4.10997
32.3 0.245097 4.10672
32.4 0.247581 4.10347
32.5 0.250087 4.10002
32.6 0.252593 4.09656
32.7 0.25512 4.09291
32.8 0.257647 4.08926
32.9 0.260194 4.08541
33 0.26274 4.08156
33.1 0.265306 4.07751
33.2 0.267872 4.07346
33.3 0.270457 4.06922
33.4 0.273041 4.06498
33.5 0.275643 4.06054
33.6 0.278245 4.05611
33.7 0.280864 4.05148
33.8 0.283483 4.04686
33.9 0.286118 4.04205
34 0.288753 4.03723
34.1 0.291402 4.03223
34.2 0.294052 4.02724
34.3 0.296716 4.02206
34.4 0.29938 4.01688
34.5 0.302058 4.01152
34.6 0.304735 4.00616
34.7 0.307425 4.00062
34.8 0.310114 3.99508
34.9 0.312816 3.98938
35 0.315517 3.98367
35.1 0.318229 3.97779
35.2 0.320941 3.97191
35.3 0.323663 3.96587
35.4 0.326384 3.95982
35.5 0.329115 3.95361
35.6 0.331845 3.94741
35.7 0.334584 3.94104
35.8 0.337322 3.93467
35.9 0.340067 3.92815
36 0.342813 3.92163
36.1 0.345564 3.91496
36.2 0.348316 3.90829
36.3 0.351073 3.90147
36.4 0.353829 3.89465
36.5 0.35659 3.88768
36.6 0.359351 3.88072
36.7 0.362115 3.87362
36.8 0.36488 3.86651
36.9 0.367647 3.85928
37 0.370413 3.85204
37.1 0.373182 3.84467
37.2 0.37595 3.8373
37.3 0.378719 3.82981
37.4 0.381488 3.82231
37.5 0.384257 3.81469
37.6 0.387026 3.80707
37.7 0.389794 3.79934
37.8 0.392562 3.7916
37.9 0.395328 3.78375
38 0.398094 3.7759
38.1 0.400858 3.76795
38.2 0.403621 3.75999
38.3 0.406381 3.75192
38.4 0.409141 3.74386
38.5 0.411896 3.7357
38.6 0.414652 3.72753
38.7 0.417402 3.71927
38.8 0.420152 3.71101
38.9 0.422897 3.70266
39 0.425641 3.69431
39.1 0.428379 3.68587
39.2 0.431117 3.67743
39.3 0.433847 3.66891
39.4 0.436578 3.66039
39.5 0.4393 3.65179
39.6 0.442022 3.64319
39.7 0.444736 3.63451
39.8 0.447449 3.62584
39.9 0.450153 3.61709
40 0.452857 3.60835
40.1 0.45555 3.59954
40.2 0.458244 3.59073
40.3 0.460927 3.58186
40.4 0.463609 3.57299
40.5 0.466281 3.56406
40.6 0.468952 3.55513
40.7 0.471611 3.54615
40.8 0.47427 3.53717
40.9 0.476917 3.52814
41 0.479563 3.51911
41.1 0.482197 3.51003
41.2 0.48483 3.50096
41.3 0.487449 3.49184
41.4 0.490069 3.48273
41.5 0.492674 3.47357
41.6 0.495279 3.46442
41.7 0.497869 3.45523
41.8 0.500459 3.44605
41.9 0.503034 3.43683
42 0.505609 3.42762
42.1 0.508168 3.41838
42.2 0.510728 3.40913
42.3 0.513271 3.39987
42.4 0.515814 3.39061
42.5 0.51834 3.38133
42.6 0.520866 3.37204
42.7 0.523375 3.36275
42.8 0.525885 3.35345
42.9 0.528377 3.34414
43 0.530868 3.33483
43.1 0.533343 3.32551
43.2 0.535817 3.3162
43.3 0.538273 3.30688
43.4 0.540729 3.29755
43.5 0.543166 3.28823
43.6 0.545604 3.2789
43.7 0.548022 3.26958
43.8 0.550441 3.26026
43.9 0.552841 3.25094
44 0.555241 3.24162
44.1 0.557621 3.2323
44.2 0.560002 3.22299
44.3 0.562363 3.21369
44.4 0.564724 3.20438
44.5 0.567065 3.19509
44.6 0.569407 3.1858
44.7 0.571728 3.17652
44.8 0.57405 3.16724
44.9 0.576351 3.15799
45 0.578652 3.14873
45.1 0.580933 3.13949
45.2 0.583214 3.13025
45.3 0.585475 3.12103
45.4 0.587735 3.11181
45.5 0.589975 3.10262
45.6 0.592215 3.09342
45.7 0.594435 3.08425
45.8 0.596654 3.07509
45.9 0.598853 3.06595
46 0.601051 3.05681
46.1 0.603229 3.0477
46.2 0.605407 3.03859
46.3 0.607564 3.02952
46.4 0.60972 3.02044
46.5 0.611856 3.0114
46.6 0.613992 3.00236
46.7 0.616107 2.99335
46.8 0.618221 2.98435
46.9 0.620315 2.97538
47 0.622408 2.96641
47.1 0.624481 2.95748
47.2 0.626554 2.94855
47.3 0.628605 2.93966
47.4 0.630656 2.93077
47.5 0.632687 2.92193
47.6 0.634717 2.91308
47.7 0.636726 2.90428
47.8 0.638735 2.89548
47.9 0.640724 2.88672
48 0.642712 2.87796
48.1 0.644679 2.86925
48.2 0.646646 2.86054
48.3 0.648592 2.85187
48.4 0.650538 2.84321
48.5 0.652464 2.83459
48.6 0.654389 2.82597
48.7 0.656293 2.81741
48.8 0.658198 2.80884
48.9 0.660081 2.80032
49 0.661965 2.79181
49.1 0.663828 2.78334
49.2 0.665691 2.77487
49.3 0.667533 2.76646
49.4 0.669375 2.75805
49.5 0.671197 2.74969
49.6 0.673019 2.74132
49.7 0.67482 2.73302
49.8 0.676622 2.72471
49.9 0.678403 2.71646
50 0.680184 2.7082
50.1 0.681945 2.7
50.2 0.683706 2.69181
50.3 0.685447 2.68366
50.4 0.687187 2.67552
50.5 0.688908 2.66743
50.6 0.690629 2.65934
50.7 0.692331 2.65131
50.8 0.694032 2.64328
50.9 0.695713 2.63531
51 0.697395 2.62733
51.1 0.699057 2.61941
51.2 0.700719 2.6115
51.3 0.702361 2.60364
51.4 0.704004 2.59578
51.5 0.705627 2.58797
51.6 0.707251 2.58017
51.7 0.708855 2.57243
51.8 0.710459 2.56468
51.9 0.712045 2.557
52 0.71363 2.54931
52.1 0.715197 2.54168
52.2 0.716764 2.53405
52.3 0.718312 2.52648
52.4 0.71986 2.51891
52.5 0.72139 2.5114
52.6 0.72292 2.50389
52.7 0.724431 2.49644
52.8 0.725943 2.48899
52.9 0.727436 2.48159
53 0.72893 2.4742
53.1 0.730406 2.46686
53.2 0.731881 2.45953
53.3 0.733339 2.45225
53.4 0.734797 2.44498
53.5 0.736237 2.43776
53.6 0.737678 2.43054
53.7 0.739101 2.42338
53.8 0.740524 2.41622
53.9 0.74193 2.40912
54 0.743335 2.40202
54.1 0.744724 2.39498
54.2 0.746113 2.38793
54.3 0.747485 2.38095
54.4 0.748857 2.37396
54.5 0.750212 2.36704
54.6 0.751568 2.36011
54.7 0.752907 2.35324
54.8 0.754246 2.34637
54.9 0.755568 2.33956
55 0.756891 2.33275
55.1 0.758198 2.326
55.2 0.759504 2.31924
55.3 0.760795 2.31255
55.4 0.762086 2.30585
55.5 0.763361 2.29921
55.6 0.764636 2.29257
55.7 0.765895 2.28599
55.8 0.767154 2.27941
55.9 0.768398 2.27288
56 0.769643 2.26635
56.1 0.770871 2.25988
56.2 0.7721 2.25341
56.3 0.773314 2.247
56.4 0.774528 2.24058
56.5 0.775727 2.23422
56.6 0.776926 2.22786
56.7 0.778111 2.22156
56.8 0.779295 2.21525
56.9 0.780465 2.209
57 0.781635 2.20275
57.1 0.78279 2.19656
57.2 0.783946 2.19036
57.3 0.785088 2.18422
57.4 0.786229 2.17808
57.5 0.787357 2.17199
57.6 0.788484 2.1659
57.7 0.789598 2.15987
57.8 0.790712 2.15383
57.9 0.791812 2.14785
58 0.792913 2.14187
58.1 0.794 2.13594
58.2 0.795086 2.13001
58.3 0.79616 2.12414
58.4 0.797234 2.11826
58.5 0.798294 2.11243
58.6 0.799355 2.10661
58.7 0.800402 2.10083
58.8 0.80145 2.09506
58.9 0.802485 2.08933
59 0.803519 2.08361
59.1 0.804542 2.07794
59.2 0.805564 2.07227
59.3 0.806574 2.06664
59.4 0.807584 2.06102
59.5 0.808581 2.05545
59.6 0.809579 2.04987
59.7 0.810564 2.04435
59.8 0.81155 2.03882
59.9 0.812523 2.03335
60 0.813497 2.02787
60.1 0.814459 2.02245
60.2 0.81542 2.01702
60.3 0.81637 2.01164
60.4 0.81732 2.00626
60.5 0.818259 2.00093
60.6 0.819198 1.9956
60.7 0.820125 1.99031
60.8 0.821052 1.98503
60.9 0.821969 1.97979
61 0.822885 1.97455
61.1 0.82379 1.96936
61.2 0.824695 1.96417
61.3 0.825589 1.95902
61.4 0.826483 1.95387
61.5 0.827367 1.94877
61.6 0.82825 1.94367
61.7 0.829123 1.93861
61.8 0.829996 1.93356
61.9 0.830858 1.92854
62 0.831721 1.92353
62.1 0.832573 1.91856
62.2 0.833425 1.9136
62.3 0.834267 1.90867
62.4 0.835109 1.90375
62.5 0.835941 1.89887
62.6 0.836773 1.89398
62.7 0.837595 1.88915
62.8 0.838417 1.88431
62.9 0.839229 1.87951
63 0.840041 1.87471
63.1 0.840844 1.86996
63.2 0.841646 1.8652
63.3 0.842439 1.86049
63.4 0.843232 1.85578
63.5 0.844016 1.8511
63.6 0.8448 1.84643
63.7 0.845574 1.8418
63.8 0.846349 1.83717
63.9 0.847114 1.83258
64 0.847879 1.82799
64.1 0.848635 1.82343
64.2 0.849392 1.81888
64.3 0.850139 1.81437
64.4 0.850886 1.80986
64.5 0.851625 1.80538
64.6 0.852364 1.80091
64.7 0.853094 1.79647
64.8 0.853824 1.79204
64.9 0.854545 1.78764
65 0.855266 1.78324
65.1 0.855979 1.77888
65.2 0.856692 1.77452
65.3 0.857397 1.7702
65.4 0.858102 1.76588
65.5 0.858798 1.76159
65.6 0.859495 1.75731
65.7 0.860183 1.75306
65.8 0.860872 1.74881
65.9 0.861552 1.7446
66 0.862232 1.74039
66.1 0.862905 1.73621
66.2 0.863577 1.73203
66.3 0.864242 1.72789
66.4 0.864907 1.72375
66.5 0.865564 1.71964
66.6 0.866221 1.71554
66.7 0.866871 1.71147
66.8 0.86752 1.70739
66.9 0.868162 1.70336
67 0.868805 1.69932
67.1 0.869439 1.69531
67.2 0.870074 1.69131
67.3 0.870702 1.68734
67.4 0.871329 1.68337
67.5 0.871949 1.67943
67.6 0.87257 1.6755
67.7 0.873183 1.67159
67.8 0.873796 1.66769
67.9 0.874402 1.66382
68 0.875009 1.65994
68.1 0.875608 1.6561
68.2 0.876207 1.65226
68.3 0.8768 1.64846
68.4 0.877393 1.64465
68.5 0.877978 1.64087
68.6 0.878564 1.6371
68.7 0.879144 1.63335
68.8 0.879723 1.6296
68.9 0.880296 1.62589
69 0.880868 1.62217
69.1 0.881435 1.61849
69.2 0.882001 1.61481
69.3 0.882561 1.61115
69.4 0.883121 1.6075
69.5 0.883675 1.60387
69.6 0.884228 1.60025
69.7 0.884776 1.59665
69.8 0.885323 1.59306
69.9 0.885865 1.58949
70 0.886406 1.58593
70.1 0.886941 1.58239
70.2 0.887477 1.57885
70.3 0.888006 1.57534
70.4 0.888536 1.57184
70.5 0.889059 1.56835
70.6 0.889583 1.56487
70.7 0.8901 1.56142
70.8 0.890618 1.55797
70.9 0.89113 1.55454
71 0.891642 1.55112
71.1 0.892149 1.54772
71.2 0.892655 1.54432
71.3 0.893156 1.54095
71.4 0.893657 1.53758
71.5 0.894152 1.53424
71.6 0.894647 1.5309
71.7 0.895137 1.52758
71.8 0.895627 1.52426
71.9 0.896112 1.52097
72 0.896596 1.51768
72.1 0.897075 1.51441
72.2 0.897555 1.51115
72.3 0.898029 1.50791
72.4 0.898503 1.50467
72.5 0.898972 1.50145
72.6 0.89944 1.49824
72.7 0.899904 1.49505
72.8 0.900368 1.49186
72.9 0.900827 1.48869
73 0.901285 1.48553
73.1 0.901739 1.48239
73.2 0.902193 1.47925
73.3 0.902642 1.47613
73.4 0.903091 1.47302
73.5 0.903535 1.46993
73.6 0.903979 1.46683
73.7 0.904418 1.46377
73.8 0.904858 1.4607
73.9 0.905292 1.45765
74 0.905727 1.45461
74.1 0.906157 1.45159
74.2 0.906587 1.44857
74.3 0.907012 1.44557
74.4 0.907437 1.44257
74.5 0.907858 1.43959
74.6 0.908279 1.43662
74.7 0.908695 1.43366
74.8 0.909112 1.43071
74.9 0.909523 1.42778
75 0.909935 1.42485
75.1 0.910343 1.42194
75.2 0.91075 1.41903
75.3 0.911154 1.41615
75.4 0.911557 1.41326
75.5 0.911956 1.41039
75.6 0.912355 1.40753
75.7 0.91275 1.40468
75.8 0.913144 1.40184
75.9 0.913535 1.39902
76 0.913926 1.39619
76.1 0.914312 1.39339
76.2 0.914699 1.39059
76.3 0.915081 1.38781
76.4 0.915464 1.38503
76.5 0.915842 1.38227
76.6 0.916221 1.37951
76.7 0.916595 1.37677
76.8 0.91697 1.37403
76.9 0.91734 1.37131
77 0.917711 1.36859
77.1 0.918078 1.36589
77.2 0.918444 1.36319
77.3 0.918807 1.36051
77.4 0.91917 1.35782
77.5 0.919529 1.35516
77.6 0.919889 1.3525
77.7 0.920244 1.34986
77.8 0.9206 1.34722
77.9 0.920951 1.3446
78 0.921303 1.34197
78.1 0.921651 1.33937
78.2 0.922 1.33677
78.3 0.922344 1.33418
78.4 0.922689 1.33159
78.5 0.92303 1.32903
78.6 0.923371 1.32646
78.7 0.923709 1.32391
78.8 0.924046 1.32136
78.9 0.92438 1.31883
79 0.924714 1.3163
79.1 0.925045 1.31379
79.2 0.925376 1.31128
79.3 0.925703 1.30879
79.4 0.926031 1.30629
79.5 0.926355 1.30381
79.6 0.926679 1.30134
79.7 0.926999 1.29888
79.8 0.92732 1.29642
79.9 0.927637 1.29398
80 0.927955 1.29153
80.1 0.928269 1.28911
80.2 0.928583 1.28668
80.3 0.928895 1.28428
80.4 0.929206 1.28187
80.5 0.929514 1.27948
80.6 0.929822 1.27708
80.7 0.930126 1.27471
80.8 0.930431 1.27234
80.9 0.930733 1.26998
81 0.931035 1.26762
81.1 0.931334 1.26528
81.2 0.931632 1.26293
81.3 0.931928 1.26061
81.4 0.932224 1.25828
81.5 0.932517 1.25597
81.6 0.93281 1.25366
81.7 0.9331 1.25137
81.8 0.933389 1.24907
81.9 0.933676 1.24679
82 0.933964 1.24452
82.1 0.934248 1.24225
82.2 0.934532 1.23999
82.3 0.934813 1.23774
82.4 0.935095 1.23549
82.5 0.935373 1.23326
82.6 0.935652 1.23103
82.7 0.935927 1.22881
82.8 0.936203 1.22659
82.9 0.936476 1.22439
83 0.936749 1.22219
83.1 0.93702 1.22
83.2 0.93729 1.21781
83.3 0.937558 1.21564
83.4 0.937826 1.21347
83.5 0.938091 1.21131
83.6 0.938356 1.20915
83.7 0.938618 1.207
83.8 0.938881 1.20486
83.9 0.939141 1.20273
84 0.939401 1.2006
84.1 0.939658 1.19848
84.2 0.939916 1.19637
84.3 0.940171 1.19426
84.4 0.940425 1.19216
84.5 0.940678 1.19007
84.6 0.94093 1.18798
84.7 0.94118 1.18591
84.8 0.94143 1.18383
84.9 0.941678 1.18177
85 0.941925 1.17971
85.1 0.94217 1.17766
85.2 0.942416 1.17562
85.3 0.942658 1.17358
85.4 0.942901 1.17155
85.5 0.943141 1.16953
85.6 0.943382 1.1675
85.7 0.94362 1.1655
85.8 0.943858 1.16349
85.9 0.944094 1.16149
86 0.94433 1.1595
86.1 0.944563 1.15751
86.2 0.944797 1.15553
86.3 0.945028 1.15356
86.4 0.945259 1.15159
86.5 0.945488 1.14963
86.6 0.945718 1.14768
86.7 0.945944 1.14573
86.8 0.946171 1.14379
86.9 0.946396 1.14185
87 0.946621 1.13992
87.1 0.946843 1.138
87.2 0.947066 1.13608
87.3 0.947286 1.13417
87.4 0.947507 1.13227
87.5 0.947725 1.13037
87.6 0.947944 1.12847
87.7 0.94816 1.12659
87.8 0.948376 1.1247
87.9 0.948591 1.12283
88 0.948805 1.12096
88.1 0.949017 1.1191
88.2 0.949229 1.11724
88.3 0.949439 1.11539
88.4 0.94965 1.11354
88.5 0.949858 1.1117
88.6 0.950066 1.10987
88.7 0.950272 1.10804
88.8 0.950479 1.10621
88.9 0.950683 1.1044
89 0.950887 1.10258
89.1 0.95109 1.10078
89.2 0.951292 1.09898
89.3 0.951493 1.09718
89.4 0.951693 1.09539
89.5 0.951892 1.09361
89.6 0.952091 1.09183
89.7 0.952287 1.09006
89.8 0.952484 1.08829
89.9 0.952679 1.08653
90 0.952874 1.08477
90.1 0.953067 1.08302
90.2 0.95326 1.08127
90.3 0.953452 1.07953
90.4 0.953643 1.07779
90.5 0.953833 1.07606
90.6 0.954022 1.07433
90.7 0.95421 1.07262
90.8 0.954398 1.0709
90.9 0.954584 1.06919
91 0.95477 1.06748
91.1 0.954954 1.06579
91.2 0.955139 1.06409
91.3 0.955321 1.0624
91.4 0.955504 1.06071
91.5 0.955685 1.05904
91.6 0.955866 1.05736
91.7 0.956045 1.05569
91.8 0.956224 1.05403
91.9 0.956402 1.05237
92 0.95658 1.05071
92.1 0.956756 1.04907
92.2 0.956932 1.04742
92.3 0.957106 1.04578
92.4 0.95728 1.04414
92.5 0.957453 1.04252
92.6 0.957626 1.04089
92.7 0.957797 1.03927
92.8 0.957968 1.03765
92.9 0.958138 1.03604
93 0.958308 1.03443
93.1 0.958476 1.03283
93.2 0.958644 1.03123
93.3 0.958811 1.02964
93.4 0.958977 1.02805
93.5 0.959142 1.02647
93.6 0.959307 1.02489
93.7 0.959471 1.02332
93.8 0.959634 1.02175
93.9 0.959797 1.02019
94 0.959959 1.01862
94.1 0.960119 1.01707
94.2 0.96028 1.01552
94.3 0.960439 1.01397
94.4 0.960598 1.01243
94.5 0.960756 1.01089
94.6 0.960914 1.00936
94.7 0.96107 1.00783
94.8 0.961226 1.0063
94.9 0.961381 1.00478
95 0.961536 1.00327
95.1 0.96169 1.00176
95.2 0.961843 1.00025
95.3 0.961995 0.998746
95.4 0.962147 0.997245
95.5 0.962298 0.995752
95.6 0.962449 0.99426
95.7 0.962598 0.992776
95.8 0.962748 0.991292
95.9 0.962896 0.989816
96 0.963044 0.98834
96.1 0.963191 0.986873
96.2 0.963337 0.985406
96.3 0.963483 0.983947
96.4 0.963628 0.982487
96.5 0.963772 0.981036
96.6 0.963917 0.979585
96.7 0.964059 0.978143
96.8 0.964202 0.9767
96.9 0.964344 0.975265
97 0.964485 0.97383
97.1 0.964626 0.972403
97.2 0.964766 0.970976
97.3 0.964905 0.969558
97.4 0.965044 0.968139
97.5 0.965182 0.966728
97.6 0.96532 0.965316
97.7 0.965457 0.963913
97.8 0.965593 0.96251
97.9 0.965729 0.961114
98 0.965864 0.959719
98.1 0.965998 0.958331
98.2 0.966133 0.956943
98.3 0.966266 0.955563
98.4 0.966399 0.954182
98.5 0.966531 0.952809
98.6 0.966663 0.951437
98.7 0.966793 0.950071
98.8 0.966924 0.948706
98.9 0.967054 0.947348
99 0.967183 0.94599
99.1 0.967312 0.94464
99.2 0.96744 0.943289
99.3 0.967568 0.941946
99.4 0.967695 0.940603
99.5 0.967821 0.939267
99.6 0.967947 0.937931
99.7 0.968072 0.936602
99.8 0.968198 0.935274
99.9 0.968322 0.933952
100 0.968446 0.93263
100.1 0.968568 0.931316
100.2 0.968691 0.930001
100.3 0.968813 0.928694
100.4 0.968935 0.927386
100.5 0.969056 0.926086
100.6 0.969177 0.924785
100.7 0.969297 0.923492
100.8 0.969416 0.922198
100.9 0.969535 0.920911
101 0.969654 0.919624
101.1 0.969772 0.918344
101.2 0.969889 0.917065
101.3 0.970006 0.915791
101.4 0.970123 0.914518
101.5 0.970238 0.913252
101.6 0.970354 0.911985
101.7 0.970469 0.910725
101.8 0.970583 0.909466
101.9 0.970697 0.908212
102 0.970811 0.906959
102.1 0.970923 0.905713
102.2 0.971036 0.904466
102.3 0.971148 0.903226
102.4 0.97126 0.901986
102.5 0.97137 0.900752
102.6 0.971481 0.899518
102.7 0.971591 0.898291
102.8 0.971701 0.897064
102.9 0.97181 0.895843
103 0.971919 0.894622
103.1 0.972027 0.893407
103.2 0.972135 0.892193
103.3 0.972242 0.890985
103.4 0.972349 0.889776
103.5 0.972455 0.888574
103.6 0.972561 0.887372
103.7 0.972666 0.886176
103.8 0.972771 0.88498
103.9 0.972876 0.88379
104 0.97298 0.882601
104.1 0.973083 0.881417
104.2 0.973187 0.880233
104.3 0.973289 0.879056
104.4 0.973392 0.877878
104.5 0.973494 0.876706
104.6 0.973595 0.875535
104.7 0.973696 0.874369
104.8 0.973797 0.873203
104.9 0.973897 0.872043
105 0.973997 0.870884
105.1 0.974096 0.86973
105.2 0.974195 0.868576
105.3 0.974293 0.867427
105.4 0.974392 0.866279
105.5 0.974489 0.865137
105.6 0.974587 0.863995
105.7 0.974683 0.862858
105.8 0.97478 0.861721
105.9 0.974876 0.860591
106 0.974972 0.85946
106.1 0.975067 0.858334
106.2 0.975162 0.857209
106.3 0.975256 0.856089
106.4 0.97535 0.85497
106.5 0.975444 0.853856
106.6 0.975537 0.852742
106.7 0.97563 0.851633
106.8 0.975722 0.850525
106.9 0.975814 0.849421
107 0.975906 0.848318
107.1 0.975997 0.847221
107.2 0.976088 0.846123
107.3 0.976179 0.845031
107.4 0.976269 0.843939
107.5 0.976359 0.842852
107.6 0.976448 0.841765
107.7 0.976537 0.840684
107.8 0.976626 0.839602
107.9 0.976714 0.838526
108 0.976802 0.83745
108.1 0.976889 0.836379
108.2 0.976977 0.835308
108.3 0.977063 0.834242
108.4 0.97715 0.833177
108.5 0.977236 0.832116
108.6 0.977322 0.831056
108.7 0.977407 0.83
108.8 0.977492 0.828945
108.9 0.977577 0.827895
109 0.977661 0.826844
109.1 0.977745 0.825799
109.2 0.977829 0.824754
109.3 0.977912 0.823714
109.4 0.977995 0.822674
109.5 0.978078 0.821639
109.6 0.97816 0.820604
109.7 0.978242 0.819574
109.8 0.978323 0.818543
109.9 0.978404 0.817518
110 0.978486 0.816493
110.1 0.978566 0.815473
110.2 0.978646 0.814452
110.3 0.978726 0.813437
110.4 0.978806 0.812422
110.5 0.978885 0.811411
110.6 0.978964 0.8104
110.7 0.979042 0.809395
110.8 0.979121 0.808389
110.9 0.979199 0.807388
111 0.979276 0.806387
111.1 0.979354 0.805391
111.2 0.979431 0.804394
111.3 0.979507 0.803403
111.4 0.979584 0.802411
111.5 0.97966 0.801424
111.6 0.979736 0.800437
111.7 0.979811 0.799455
111.8 0.979886 0.798473
111.9 0.979961 0.797495
112 0.980036 0.796518
112.1 0.98011 0.795545
112.2 0.980184 0.794572
112.3 0.980257 0.793603
112.4 0.980331 0.792634
112.5 0.980403 0.79167
112.6 0.980476 0.790706
112.7 0.980548 0.789747
112.8 0.980621 0.788787
112.9 0.980692 0.787832
113 0.980764 0.786877
113.1 0.980835 0.785927
113.2 0.980906 0.784976
113.3 0.980977 0.78403
113.4 0.981047 0.783084
113.5 0.981117 0.782142
113.6 0.981187 0.7812
113.7 0.981257 0.780262
113.8 0.981326 0.779325
113.9 0.981395 0.778392
114 0.981464 0.777458
114.1 0.981532 0.776529
114.2 0.9816 0.775601
114.3 0.981668 0.774676
114.4 0.981736 0.773751
114.5 0.981803 0.772831
114.6 0.98187 0.77191
114.7 0.981937 0.770994
114.8 0.982003 0.770078
114.9 0.982069 0.769166
115 0.982135 0.768253
115.1 0.982201 0.767345
115.2 0.982266 0.766438
115.3 0.982331 0.765534
115.4 0.982397 0.76463
115.5 0.982461 0.76373
115.6 0.982526 0.76283
115.7 0.98259 0.761935
115.8 0.982654 0.761039
115.9 0.982717 0.760147
116 0.98278 0.759256
116.1 0.982843 0.758368
116.2 0.982906 0.75748
116.3 0.982969 0.756597
116.4 0.983031 0.755713
116.5 0.983093 0.754833
116.6 0.983155 0.753953
116.7 0.983217 0.753078
116.8 0.983278 0.752202
116.9 0.983339 0.75133
117 0.9834 0.750458
117.1 0.983461 0.74959
117.2 0.983521 0.748722
117.3 0.983581 0.747858
117.4 0.983641 0.746994
117.5 0.983701 0.746133
117.6 0.98376 0.745273
117.7 0.983819 0.744416
117.8 0.983878 0.74356
117.9 0.983937 0.742707
118 0.983996 0.741854
118.1 0.984054 0.741005
118.2 0.984112 0.740156
118.3 0.98417 0.739311
118.4 0.984227 0.738466
118.5 0.984285 0.737624
118.6 0.984342 0.736783
118.7 0.984399 0.735945
118.8 0.984455 0.735107
118.9 0.984512 0.734273
119 0.984568 0.733439
119.1 0.984624 0.732608
119.2 0.98468 0.731777
119.3 0.984735 0.73095
119.4 0.984791 0.730123
119.5 0.984846 0.7293
119.6 0.984901 0.728477
119.7 0.984955 0.727657
119.8 0.98501 0.726837
119.9 0.985064 0.726021
120 0.985118 0.725205
120.1 0.985172 0.724392
120.2 0.985225 0.723579
120.3 0.985279 0.72277
120.4 0.985332 0.721961
120.5 0.985385 0.721155
120.6 0.985438 0.720349
120.7 0.98549 0.719547
120.8 0.985543 0.718745
120.9 0.985595 0.717946
121 0.985647 0.717147
121.1 0.985698 0.716351
121.2 0.98575 0.715556
121.3 0.985801 0.714764
121.4 0.985852 0.713972
121.5 0.985903 0.713183
121.6 0.985954 0.712394
121.7 0.986004 0.711609
121.8 0.986055 0.710824
121.9 0.986105 0.710042
122 0.986155 0.70926
122.1 0.986205 0.708481
122.2 0.986254 0.707703
122.3 0.986304 0.706927
122.4 0.986353 0.706152
122.5 0.986402 0.70538
122.6 0.986451 0.704608
122.7 0.986499 0.703839
122.8 0.986548 0.70307
122.9 0.986596 0.702304
123 0.986644 0.701539
123.1 0.986692 0.700776
123.2 0.986739 0.700014
123.3 0.986787 0.699254
123.4 0.986834 0.698495
123.5 0.986881 0.697739
123.6 0.986928 0.696983
123.7 0.986975 0.69623
123.8 0.987021 0.695477
123.9 0.987068 0.694728
124 0.987114 0.693978
124.1 0.98716 0.693231
124.2 0.987206 0.692484
124.3 0.987251 0.691741
124.4 0.987297 0.690997
124.5 0.987342 0.690257
124.6 0.987387 0.689516
124.7 0.987432 0.688779
124.8 0.987477 0.688041
124.9 0.987522 0.687307
125 0.987566 0.686573
125.1 0.98761 0.685841
125.2 0.987655 0.68511
125.3 0.987698 0.684382
125.4 0.987742 0.683653
125.5 0.987786 0.682928
125.6 0.987829 0.682203
125.7 0.987872 0.68148
125.8 0.987916 0.680758
125.9 0.987958 0.680038
126 0.988001 0.679319
126.1 0.988044 0.678602
126.2 0.988086 0.677886
126.3 0.988129 0.677172
126.4 0.988171 0.676459
126.5 0.988213 0.675748
126.6 0.988254 0.675037
126.7 0.988296 0.674329
126.8 0.988338 0.673622
126.9 0.988379 0.672917
127 0.98842 0.672212
127.1 0.988461 0.67151
127.2 0.988502 0.670807
127.3 0.988542 0.670108
127.4 0.988583 0.669409
127.5 0.988623 0.668712
127.6 0.988664 0.668016
127.7 0.988704 0.667322
127.8 0.988744 0.666629
127.9 0.988783 0.665938
128 0.988823 0.665247
128.1 0.988862 0.664559
128.2 0.988902 0.663871
128.3 0.988941 0.663185
128.4 0.98898 0.6625
128.5 0.989019 0.661817
128.6 0.989057 0.661135
128.7 0.989096 0.660455
128.8 0.989134 0.659775
128.9 0.989173 0.659098
129 0.989211 0.65842
129.1 0.989249 0.657746
129.2 0.989287 0.657071
129.3 0.989324 0.656399
129.4 0.989362 0.655728
129.5 0.989399 0.655058
129.6 0.989436 0.654389
129.7 0.989474 0.653723
129.8 0.989511 0.653056
129.9 0.989547 0.652392
130 0.989584 0.651728
