-20 0.000160397 0.0594149 0.999975 1.00014
-19.9 0.00016428 0.0595138 0.999975 1.00573
-19.8 0.000168163 0.0596128 0.999974 1.01132
-19.7 0.000172231 0.0597124 0.999973 1.01697
-19.6 0.000176299 0.059812 0.999973 1.02262
-19.5 0.000180562 0.0599122 0.999972 1.02833
-19.4 0.000184825 0.0600125 0.999971 1.03404
-19.3 0.000189292 0.0601134 0.999971 1.03982
-19.2 0.000193758 0.0602144 0.99997 1.04559
-19.1 0.000198438 0.060316 0.999969 1.05143
-19 0.000203117 0.0604175 0.999968 1.05727
-18.9 0.00020802 0.0605198 0.999967 1.06318
-18.8 0.000212923 0.0606221 0.999967 1.06908
-18.7 0.000218059 0.060725 0.999966 1.07506
-18.6 0.000223196 0.060828 0.999965 1.08103
-18.5 0.000228577 0.0609316 0.999964 1.08707
-18.4 0.000233958 0.0610353 0.999963 1.0931
-18.3 0.000239595 0.0611396 0.999962 1.09921
-18.2 0.000245232 0.0612439 0.999961 1.10532
-18.1 0.000251137 0.061349 0.99996 1.11149
-18 0.000257042 0.061454 0.999959 1.11766
-17.9 0.000263227 0.0615598 0.999958 1.12391
-17.8 0.000269413 0.0616655 0.999957 1.13015
-17.7 0.000275891 0.061772 0.999956 1.13646
-17.6 0.00028237 0.0618784 0.999955 1.14277
-17.5 0.000289157 0.0619856 0.999953 1.14916
-17.4 0.000295943 0.0620928 0.999952 1.15554
-17.3 0.00030305 0.0622007 0.999951 1.16199
-17.2 0.000310158 0.0623086 0.99995 1.16845
-17.1 0.000317602 0.0624173 0.999948 1.17497
-17 0.000325046 0.0625259 0.999947 1.1815
-16.9 0.000332842 0.0626353 0.999946 1.1881
-16.8 0.000340638 0.0627447 0.999944 1.1947
-16.7 0.000348802 0.0628548 0.999943 1.20137
-16.6 0.000356967 0.0629649 0.999941 1.20804
-16.5 0.000365516 0.0630758 0.99994 1.21479
-16.4 0.000374066 0.0631867 0.999938 1.22153
-16.3 0.000383019 0.0632983 0.999937 1.22836
-16.2 0.000391971 0.06341 0.999935 1.23518
-16.1 0.000401346 0.0635224 0.999933 1.24208
-16 0.000410721 0.0636348 0.999932 1.24898
-15.9 0.000420536 0.063748 0.99993 1.25595
-15.8 0.000430352 0.0638612 0.999928 1.26293
-15.7 0.000440629 0.0639752 0.999926 1.26998
-15.6 0.000450906 0.0640892 0.999924 1.27703
-15.5 0.000461666 0.0642039 0.999922 1.28416
-15.4 0.000472426 0.0643187 0.99992 1.29129
-15.3 0.00048369 0.0644343 0.999918 1.29851
-15.2 0.000494955 0.0645498 0.999916 1.30572
-15.1 0.000506747 0.0646662 0.999914 1.31301
-15 0.00051854 0.0647825 0.999912 1.3203
-14.9 0.000530884 0.0648997 0.999909 1.32767
-14.8 0.000543229 0.0650169 0.999907 1.33505
-14.7 0.00055615 0.0651349 0.999905 1.3425
-14.6 0.000569072 0.0652529 0.999902 1.34996
-14.5 0.000582597 0.0653717 0.9999 1.35749
-14.4 0.000596123 0.0654905 0.999897 1.36503
-14.3 0.000610279 0.0656102 0.999894 1.37265
-14.2 0.000624435 0.0657298 0.999892 1.38028
-14.1 0.000639251 0.0658503 0.999889 1.38798
-14 0.000654067 0.0659708 0.999886 1.39569
-13.9 0.000669573 0.0660922 0.999883 1.40348
-13.8 0.000685078 0.0662135 0.99988 1.41128
-13.7 0.000701304 0.0663357 0.999877 1.41916
-13.6 0.000717531 0.0664579 0.999874 1.42704
-13.5 0.000734511 0.0665809 0.999871 1.435
-13.4 0.00075149 0.066704 0.999867 1.44297
-13.3 0.000769257 0.0668279 0.999864 1.45103
-13.2 0.000787025 0.0669519 0.99986 1.45908
-13.1 0.000805615 0.0670767 0.999857 1.46723
-13 0.000824205 0.0672015 0.999853 1.47537
-12.9 0.000843654 0.0673272 0.999849 1.48361
-12.8 0.000863104 0.0674528 0.999845 1.49185
-12.7 0.000883452 0.0675794 0.999841 1.50017
-12.6 0.000903801 0.067706 0.999837 1.5085
-12.5 0.000925087 0.0678335 0.999833 1.51692
-12.4 0.000946374 0.067961 0.999829 1.52534
-12.3 0.000968641 0.0680893 0.999824 1.53386
-12.2 0.000990909 0.0682177 0.99982 1.54237
-12.1 0.0010142 0.068347 0.999815 1.55098
-12 0.00103749 0.0684763 0.99981 1.55959
-11.9 0.00106185 0.0686066 0.999805 1.5683
-11.8 0.00108621 0.0687368 0.9998 1.577
-11.7 0.00111169 0.0688679 0.999795 1.5858
-11.6 0.00113717 0.0689991 0.99979 1.5946
-11.5 0.00116382 0.0691312 0.999784 1.6035
-11.4 0.00119046 0.0692632 0.999779 1.6124
-11.3 0.00121833 0.0693963 0.999773 1.6214
-11.2 0.00124619 0.0695293 0.999767 1.6304
-11.1 0.00127533 0.0696633 0.999761 1.6395
-11 0.00130446 0.0697973 0.999755 1.6486
-10.9 0.00133493 0.0699322 0.999748 1.6578
-10.8 0.00136539 0.0700671 0.999742 1.66699
-10.7 0.00139724 0.070203 0.999735 1.6763
-10.6 0.0014291 0.0703389 0.999729 1.6856
-10.5 0.00146239 0.0704758 0.999721 1.695
-10.4 0.00149569 0.0706127 0.999714 1.70441
-10.3 0.0015305 0.0707505 0.999707 1.71392
-10.2 0.00156531 0.0708884 0.999699 1.72342
-10.1 0.00160169 0.0710272 0.999691 1.73304
-10 0.00163808 0.0711661 0.999684 1.74265
-9.9 0.00167611 0.0713059 0.999675 1.75237
-9.8 0.00171414 0.0714457 0.999667 1.76209
-9.7 0.00175388 0.0715866 0.999658 1.77192
-9.6 0.00179363 0.0717274 0.99965 1.78175
-9.5 0.00183516 0.0718692 0.99964 1.79169
-9.4 0.0018767 0.0720111 0.999631 1.80163
-9.3 0.0019201 0.0721539 0.999621 1.81167
-9.2 0.0019635 0.0722968 0.999612 1.82172
-9.1 0.00200885 0.0724406 0.999602 1.83188
-9 0.0020542 0.0725845 0.999591 1.84204
-8.9 0.00210159 0.0727294 0.999581 1.85231
-8.8 0.00214897 0.0728743 0.99957 1.86258
-8.7 0.00219847 0.0730202 0.999559 1.87296
-8.6 0.00224796 0.0731661 0.999547 1.88335
-8.5 0.00229967 0.0733131 0.999536 1.89385
-8.4 0.00235138 0.0734601 0.999524 1.90434
-8.3 0.00240539 0.0736081 0.999511 1.91496
-8.2 0.0024594 0.0737561 0.999499 1.92557
-8.1 0.00251581 0.0739051 0.999486 1.9363
-8 0.00257221 0.0740542 0.999473 1.94704
-7.9 0.00263112 0.0742043 0.999459 1.95789
-7.8 0.00269003 0.0743544 0.999445 1.96874
-7.7 0.00275154 0.0745056 0.99943 1.97971
-7.6 0.00281306 0.0746567 0.999416 1.99068
-7.5 0.00287729 0.074809 0.999401 2.00177
-7.4 0.00294152 0.0749612 0.999385 2.01286
-7.3 0.00300857 0.0751145 0.999369 2.02407
-7.2 0.00307563 0.0752678 0.999353 2.03528
-7.1 0.00314563 0.0754222 0.999336 2.04662
-7 0.00321564 0.0755765 0.999319 2.05795
-6.9 0.00328871 0.075732 0.999301 2.06941
-6.8 0.00336178 0.0758875 0.999283 2.08087
-6.7 0.00343804 0.076044 0.999265 2.09246
-6.6 0.00351431 0.0762005 0.999246 2.10404
-6.5 0.0035939 0.0763582 0.999226 2.11575
-6.4 0.00367349 0.0765158 0.999206 2.12746
-6.3 0.00375654 0.0766745 0.999186 2.13931
-6.2 0.00383959 0.0768332 0.999165 2.15115
-6.1 0.00392625 0.076993 0.999143 2.16312
-6 0.00401291 0.0771528 0.999121 2.17509
-5.9 0.00410331 0.0773137 0.999098 2.18719
-5.8 0.00419372 0.0774746 0.999075 2.19929
-5.7 0.00428803 0.0776366 0.999051 2.21152
-5.6 0.00438234 0.0777986 0.999027 2.22375
-5.5 0.0044807 0.0779617 0.999001 2.23612
-5.4 0.00457907 0.0781248 0.998976 2.24848
-5.3 0.00468166 0.078289 0.998949 2.26098
-5.2 0.00478425 0.0784532 0.998922 2.27348
-5.1 0.00489122 0.0786185 0.998894 2.28612
-5 0.0049982 0.0787838 0.998865 2.29875
-4.9 0.00510975 0.0789502 0.998836 2.31153
-4.8 0.00522129 0.0791166 0.998806 2.3243
-4.7 0.00533758 0.0792841 0.998775 2.33721
-4.6 0.00545386 0.0794516 0.998743 2.35012
-4.5 0.00557508 0.0796202 0.998711 2.36317
-4.4 0.0056963 0.0797888 0.998678 2.37622
-4.3 0.00582265 0.0799585 0.998643 2.38942
-4.2 0.00594899 0.0801282 0.998608 2.40261
-4.1 0.00608066 0.080299 0.998572 2.41594
-4 0.00621233 0.0804698 0.998536 2.42927
-3.9 0.00634953 0.0806417 0.998497 2.44275
-3.8 0.00648672 0.0808136 0.998459 2.45623
-3.7 0.00662967 0.0809866 0.998419 2.46985
-3.6 0.00677261 0.0811596 0.998378 2.48347
-3.5 0.00692151 0.0813336 0.998336 2.49724
-3.4 0.00707042 0.0815077 0.998293 2.51101
-3.3 0.00722551 0.0816829 0.998249 2.52492
-3.2 0.00738061 0.0818581 0.998204 2.53883
-3.1 0.00754213 0.0820343 0.998157 2.5529
-3 0.00770365 0.0822106 0.99811 2.56696
-2.9 0.00787183 0.0823879 0.998061 2.58117
-2.8 0.00804002 0.0825652 0.998011 2.59538
-2.7 0.00821512 0.0827436 0.997959 2.60975
-2.6 0.00839022 0.082922 0.997907 2.62411
-2.5 0.0085725 0.0831015 0.997852 2.63862
-2.4 0.00875477 0.083281 0.997798 2.65314
-2.3 0.00894448 0.0834615 0.99774 2.6678
-2.2 0.00913419 0.083642 0.997682 2.68247
-2.1 0.00933161 0.0838236 0.997622 2.69729
-2 0.00952903 0.0840051 0.997561 2.71211
-1.9 0.00973444 0.0841878 0.997497 2.72709
-1.8 0.00993985 0.0843704 0.997434 2.74206
-1.7 0.0101535 0.084554 0.997366 2.7572
-1.6 0.0103672 0.0847376 0.997299 2.77233
-1.5 0.0105895 0.0849223 0.997229 2.78762
-1.4 0.0108117 0.0851069 0.997158 2.80291
-1.3 0.0110429 0.0852926 0.997084 2.81835
-1.2 0.011274 0.0854782 0.99701 2.8338
-1.1 0.0115144 0.0856649 0.996931 2.84941
-1 0.0117547 0.0858515 0.996853 2.86501
-0.9 0.0120046 0.0860391 0.996771 2.88078
-0.8 0.0122544 0.0862268 0.996689 2.89655
-0.7 0.0125141 0.0864153 0.996602 2.91248
-0.6 0.0127738 0.0866039 0.996516 2.9284
-0.5 0.0130437 0.0867934 0.996425 2.94449
-0.4 0.0133136 0.086983 0.996334 2.96058
-0.3 0.013594 0.0871734 0.996238 2.97683
-0.2 0.0138744 0.0873639 0.996142 2.99308
-0.1 0.0141657 0.0875552 0.996042 3.0095
1.52933e-14 0.014457 0.0877466 0.995941 3.02591
0.1 0.0147596 0.0879389 0.995835 3.04249
0.2 0.0150622 0.0881311 0.995729 3.05907
0.3 0.0153764 0.0883242 0.995618 3.07582
0.4 0.0156906 0.0885173 0.995506 3.09256
0.5 0.0160168 0.0887113 0.995389 3.10947
0.6 0.016343 0.0889053 0.995272 3.12638
0.7 0.0166816 0.0891001 0.995148 3.14345
0.8 0.0170202 0.0892948 0.995025 3.16052
0.9 0.0173716 0.0894904 0.994895 3.17776
1 0.017723 0.089686 0.994766 3.195
1.1 0.0180876 0.0898824 0.994629 3.21241
1.2 0.0184522 0.0900787 0.994493 3.22982
1.3 0.0188305 0.0902758 0.994349 3.24739
1.4 0.0192087 0.0904729 0.994206 3.26496
1.5 0.019601 0.0906707 0.994055 3.2827
1.6 0.0199933 0.0908685 0.993904 3.30044
1.7 0.0204001 0.091067 0.993745 3.31834
1.8 0.0208068 0.0912655 0.993586 3.33625
1.9 0.0212285 0.0914647 0.993419 3.35432
2 0.0216502 0.0916638 0.993253 3.37239
2.1 0.0220873 0.0918636 0.993077 3.39063
2.2 0.0225244 0.0920634 0.992901 3.40886
2.3 0.0229773 0.0922637 0.992717 3.42727
2.4 0.0234302 0.0924641 0.992532 3.44567
2.5 0.0238994 0.092665 0.992338 3.46424
2.6 0.0243686 0.0928659 0.992144 3.4828
2.7 0.0248545 0.0930673 0.991939 3.50154
2.8 0.0253405 0.0932687 0.991735 3.52027
2.9 0.0258437 0.0934706 0.991521 3.53916
3 0.0263469 0.0936725 0.991306 3.55806
3.1 0.0268678 0.0938748 0.99108 3.57712
3.2 0.0273887 0.0940771 0.990854 3.59617
3.3 0.0279279 0.0942798 0.990617 3.61539
3.4 0.028467 0.0944825 0.99038 3.63461
3.5 0.0290249 0.0946856 0.99013 3.65399
3.6 0.0295827 0.0948886 0.98988 3.67337
3.7 0.0301598 0.095092 0.989618 3.69291
3.8 0.0307368 0.0952953 0.989356 3.71244
3.9 0.0313336 0.0954989 0.98908 3.73214
4 0.0319304 0.0957025 0.988804 3.75183
4.1 0.0325474 0.0959063 0.988514 3.77168
4.2 0.0331644 0.0961101 0.988224 3.79152
4.3 0.0338021 0.0963141 0.98792 3.81152
4.4 0.0344399 0.0965181 0.987615 3.83152
4.5 0.0350989 0.0967221 0.987294 3.85167
4.6 0.0357579 0.0969262 0.986974 3.87182
4.7 0.0364387 0.0971303 0.986638 3.89211
4.8 0.0371195 0.0973344 0.986301 3.91241
4.9 0.0378226 0.0975386 0.985947 3.93285
5 0.0385257 0.0977427 0.985593 3.95329
5.1 0.0392516 0.0979467 0.985222 3.97386
5.2 0.0399775 0.0981508 0.98485 3.99444
5.3 0.0407268 0.0983547 0.984459 4.01515
5.4 0.0414761 0.0985586 0.984069 4.03587
5.5 0.0422492 0.0987624 0.983658 4.05671
5.6 0.0430224 0.0989662 0.983248 4.07756
5.7 0.04382 0.0991697 0.982817 4.09853
5.8 0.0446175 0.0993732 0.982386 4.1195
5.9 0.04544 0.0995764 0.981933 4.14059
6 0.0462625 0.0997797 0.98148 4.16169
6.1 0.0471105 0.0999825 0.981004 4.1829
6.2 0.0479584 0.100185 0.980528 4.20411
6.3 0.0488324 0.100388 0.980029 4.22543
6.4 0.0497063 0.10059 0.979529 4.24675
6.5 0.0506068 0.100792 0.979005 4.26817
6.6 0.0515072 0.100994 0.97848 4.28959
6.7 0.0524346 0.101196 0.977929 4.31112
6.8 0.0533621 0.101397 0.977378 4.33264
6.9 0.054317 0.101598 0.9768 4.35425
7 0.055272 0.101798 0.976221 4.37586
7.1 0.0562549 0.101999 0.975614 4.39756
7.2 0.0572379 0.102199 0.975007 4.41925
7.3 0.0582494 0.102398 0.974369 4.44102
7.4 0.0592609 0.102597 0.973732 4.46278
7.5 0.0603013 0.102796 0.973063 4.48461
7.6 0.0613418 0.102994 0.972394 4.50645
7.7 0.0624118 0.103192 0.971692 4.52833
7.8 0.0634817 0.103389 0.97099 4.55022
7.9 0.0645816 0.103586 0.970254 4.57215
8 0.0656815 0.103782 0.969517 4.59408
8.1 0.0668118 0.103978 0.968745 4.61604
8.2 0.0679421 0.104174 0.967972 4.638
8.3 0.0691032 0.104368 0.967162 4.65999
8.4 0.0702644 0.104562 0.966351 4.68197
8.5 0.0714568 0.104756 0.965502 4.70397
8.6 0.0726492 0.104949 0.964652 4.72596
8.7 0.0738734 0.105141 0.963761 4.74795
8.8 0.0750975 0.105333 0.96287 4.76993
8.9 0.0763537 0.105523 0.961936 4.7919
9 0.07761 0.105714 0.961001 4.81387
9.1 0.0788987 0.105903 0.960022 4.8358
9.2 0.0801874 0.106092 0.959043 4.85774
9.3 0.081509 0.10628 0.958018 4.87962
9.4 0.0828306 0.106467 0.956992 4.9015
9.5 0.0841854 0.106653 0.955917 4.92332
9.6 0.0855403 0.106839 0.954842 4.94514
9.7 0.0869286 0.107024 0.953716 4.96687
9.8 0.088317 0.107208 0.95259 4.9886
9.9 0.0897393 0.107391 0.951411 5.01022
10 0.0911616 0.107574 0.950233 5.03185
10.1 0.092618 0.107754 0.948998 5.05335
10.2 0.0940744 0.107935 0.947764 5.07485
10.3 0.0955653 0.108114 0.946472 5.09621
10.4 0.0970562 0.108293 0.94518 5.11757
10.5 0.0985819 0.10847 0.943829 5.13875
10.6 0.100107 0.108647 0.942477 5.15994
10.7 0.101668 0.108822 0.941063 5.18094
10.8 0.103229 0.108997 0.939649 5.20194
10.9 0.104824 0.10917 0.93817 5.22272
11 0.10642 0.109343 0.936692 5.24351
11.1 0.108051 0.109514 0.935146 5.26405
11.2 0.109682 0.109685 0.9336 5.28459
11.3 0.111349 0.109853 0.931984 5.30487
11.4 0.113015 0.110022 0.930369 5.32514
11.5 0.114717 0.110188 0.928681 5.34512
11.6 0.116419 0.110354 0.926993 5.3651
11.7 0.118157 0.110518 0.92523 5.38476
11.8 0.119895 0.110681 0.923467 5.40441
11.9 0.121669 0.110843 0.921627 5.42372
12 0.123443 0.111004 0.919786 5.44302
12.1 0.125252 0.111163 0.917866 5.46193
12.2 0.127062 0.111322 0.915945 5.48085
12.3 0.128908 0.111478 0.913942 5.49934
12.4 0.130753 0.111634 0.911938 5.51784
12.5 0.132635 0.111788 0.909849 5.53588
12.6 0.134516 0.111941 0.90776 5.55393
12.7 0.136433 0.112092 0.905582 5.57148
12.8 0.138351 0.112243 0.903405 5.58904
12.9 0.140304 0.112391 0.901136 5.60607
13 0.142257 0.112539 0.898868 5.6231
13.1 0.144246 0.112684 0.896506 5.63957
13.2 0.146235 0.112829 0.894143 5.65604
13.3 0.148259 0.112972 0.891685 5.67192
13.4 0.150283 0.113114 0.889226 5.68779
13.5 0.152343 0.113254 0.886669 5.70302
13.6 0.154403 0.113393 0.884111 5.71825
13.7 0.156499 0.113529 0.881452 5.73281
13.8 0.158594 0.113666 0.878792 5.74736
13.9 0.160724 0.113799 0.876029 5.76119
14 0.162855 0.113932 0.873266 5.77503
14.1 0.16502 0.114063 0.870396 5.7881
14.2 0.167185 0.114193 0.867526 5.80117
14.3 0.169385 0.11432 0.864548 5.81344
14.4 0.171585 0.114447 0.861569 5.82571
14.5 0.173819 0.114571 0.858479 5.83713
14.6 0.176053 0.114695 0.85539 5.84855
14.7 0.178321 0.114816 0.852187 5.85908
14.8 0.180589 0.114937 0.848984 5.86961
14.9 0.182891 0.115054 0.845666 5.87921
15 0.185193 0.115172 0.842349 5.8888
15.1 0.187528 0.115286 0.838914 5.89742
15.2 0.189863 0.1154 0.835479 5.90604
15.3 0.192231 0.115511 0.831926 5.91364
15.4 0.194599 0.115621 0.828373 5.92123
15.5 0.197 0.115729 0.824701 5.92777
15.6 0.199401 0.115836 0.821028 5.9343
15.7 0.201833 0.11594 0.817234 5.93973
15.8 0.204266 0.116045 0.813441 5.94515
15.9 0.20673 0.116145 0.809525 5.94943
16 0.209194 0.116246 0.80561 5.95371
16.1 0.211689 0.116343 0.801572 5.95679
16.2 0.214184 0.11644 0.797534 5.95988
16.3 0.21671 0.116534 0.793374 5.96174
16.4 0.219236 0.116628 0.789213 5.96359
16.5 0.221791 0.116718 0.78493 5.96418
16.6 0.224347 0.116808 0.780647 5.96477
16.7 0.226932 0.116895 0.776241 5.96405
16.8 0.229517 0.116982 0.771835 5.96333
16.9 0.232131 0.117065 0.767308 5.96128
17 0.234745 0.117148 0.76278 5.95922
17.1 0.237387 0.117228 0.758132 5.95579
17.2 0.240029 0.117308 0.753483 5.95236
17.3 0.242699 0.117384 0.748715 5.94753
17.4 0.245369 0.11746 0.743948 5.94269
17.5 0.248066 0.117533 0.739062 5.93643
17.6 0.250762 0.117605 0.734177 5.93017
17.7 0.253486 0.117675 0.729175 5.92245
17.8 0.256209 0.117744 0.724174 5.91473
17.9 0.258957 0.117809 0.71906 5.90554
18 0.261706 0.117875 0.713946 5.89635
18.1 0.264479 0.117937 0.708722 5.88566
18.2 0.267253 0.117999 0.703498 5.87497
18.3 0.270051 0.118057 0.698167 5.86278
18.4 0.272848 0.118116 0.692837 5.85059
18.5 0.27567 0.118171 0.687403 5.83688
18.6 0.278491 0.118226 0.68197 5.82317
18.7 0.281335 0.118277 0.676438 5.80793
18.8 0.284179 0.118329 0.670906 5.7927
18.9 0.287045 0.118377 0.66528 5.77595
19 0.289911 0.118424 0.659654 5.75919
19.1 0.292798 0.118469 0.65394 5.74091
19.2 0.295685 0.118513 0.648225 5.72264
19.3 0.298593 0.118554 0.642427 5.70285
19.4 0.301501 0.118595 0.636629 5.68306
19.5 0.304428 0.118633 0.630753 5.66177
19.6 0.307355 0.11867 0.624877 5.64048
19.7 0.310302 0.118704 0.61893 5.61771
19.8 0.313248 0.118738 0.612983 5.59494
19.9 0.316212 0.118768 0.606971 5.57071
20 0.319177 0.118799 0.600959 5.54648
20.1 0.322158 0.118826 0.594889 5.52082
20.2 0.32514 0.118853 0.588819 5.49516
20.3 0.328138 0.118877 0.582698 5.46809
20.4 0.331137 0.118901 0.576577 5.44103
20.5 0.334151 0.118921 0.570413 5.4126
20.6 0.337165 0.118941 0.564248 5.38417
20.7 0.340193 0.118958 0.558047 5.35442
20.8 0.343222 0.118975 0.551847 5.32467
20.9 0.346265 0.118989 0.545618 5.29365
21 0.349308 0.119002 0.539389 5.26262
21.1 0.352364 0.119012 0.533139 5.23036
21.2 0.35542 0.119023 0.52689 5.19811
21.3 0.358489 0.11903 0.520628 5.16468
21.4 0.361558 0.119037 0.514366 5.13125
21.5 0.364638 0.119041 0.5081 5.09671
21.6 0.367718 0.119044 0.501834 5.06217
21.7 0.370809 0.119045 0.495571 5.02657
21.8 0.3739 0.119045 0.489309 4.99097
21.9 0.377002 0.119043 0.483058 4.95438
22 0.380103 0.11904 0.476807 4.91779
22.1 0.383213 0.119034 0.470575 4.88027
22.2 0.386323 0.119028 0.464344 4.84276
22.3 0.389442 0.119019 0.45814 4.80439
22.4 0.392561 0.11901 0.451936 4.76602
22.5 0.395687 0.118998 0.445768 4.72687
22.6 0.398813 0.118986 0.439599 4.68771
22.7 0.401947 0.118971 0.433474 4.64785
22.8 0.40508 0.118956 0.427348 4.60798
22.9 0.408219 0.118938 0.421272 4.56748
23 0.411358 0.118919 0.415196 4.52698
23.1 0.414502 0.118898 0.409178 4.48591
23.2 0.417646 0.118877 0.403159 4.44485
23.3 0.420795 0.118853 0.397205 4.4033
23.4 0.423944 0.118829 0.39125 4.36175
23.5 0.427096 0.118801 0.385366 4.31978
23.6 0.430249 0.118774 0.379482 4.27782
23.7 0.433404 0.118744 0.373674 4.23552
23.8 0.436559 0.118714 0.367866 4.19321
23.9 0.439716 0.118681 0.362141 4.15065
24 0.442874 0.118648 0.356416 4.10808
24.1 0.446032 0.118612 0.350778 4.06533
24.2 0.449191 0.118577 0.345141 4.02257
24.3 0.45235 0.118538 0.339596 3.9797
24.4 0.45551 0.118499 0.334051 3.93682
24.5 0.458669 0.118458 0.328603 3.8939
24.6 0.461828 0.118417 0.323156 3.85097
24.7 0.464986 0.118372 0.31781 3.80807
24.8 0.468144 0.118328 0.312464 3.76516
24.9 0.471301 0.118281 0.307223 3.72234
25 0.474457 0.118235 0.301982 3.67952
25.1 0.477611 0.118185 0.29685 3.63685
25.2 0.480765 0.118135 0.291718 3.59417
25.3 0.483917 0.118083 0.286698 3.5517
25.4 0.487068 0.118031 0.281677 3.50924
25.5 0.490215 0.117976 0.276771 3.46704
25.6 0.493362 0.117921 0.271865 3.42483
25.7 0.496505 0.117864 0.267075 3.38295
25.8 0.499648 0.117807 0.262285 3.34107
25.9 0.502786 0.117747 0.257613 3.29956
26 0.505924 0.117687 0.252941 3.25804
26.1 0.509055 0.117624 0.248389 3.21695
26.2 0.512187 0.117562 0.243836 3.17586
26.3 0.515313 0.117497 0.239404 3.13523
26.4 0.518438 0.117432 0.234972 3.0946
26.5 0.521556 0.117364 0.230661 3.05448
26.6 0.524675 0.117297 0.22635 3.01435
26.7 0.527785 0.117227 0.22216 2.97477
26.8 0.530895 0.117157 0.21797 2.93519
26.9 0.533997 0.117084 0.213902 2.89619
27 0.537099 0.117012 0.209833 2.85719
27.1 0.540192 0.116937 0.205886 2.8188
27.2 0.543285 0.116863 0.201938 2.78041
27.3 0.546368 0.116786 0.198111 2.74266
27.4 0.549451 0.116709 0.194284 2.70491
27.5 0.552524 0.116629 0.190576 2.66782
27.6 0.555597 0.11655 0.186869 2.63074
27.7 0.558659 0.116468 0.183279 2.59434
27.8 0.561721 0.116386 0.17969 2.55794
27.9 0.564771 0.116302 0.176218 2.52225
28 0.567822 0.116218 0.172745 2.48656
28.1 0.57086 0.116132 0.169388 2.45159
28.2 0.573898 0.116046 0.166032 2.41662
28.3 0.576924 0.115958 0.162789 2.38239
28.4 0.57995 0.115869 0.159546 2.34816
28.5 0.582962 0.115779 0.156414 2.31468
28.6 0.585975 0.115688 0.153283 2.2812
28.7 0.588973 0.115595 0.150262 2.24848
28.8 0.591972 0.115503 0.14724 2.21575
28.9 0.594956 0.115408 0.144327 2.18379
29 0.59794 0.115313 0.141413 2.15184
29.1 0.60091 0.115216 0.138605 2.12065
29.2 0.603879 0.115119 0.135796 2.08946
29.3 0.606833 0.11502 0.133091 2.05904
29.4 0.609787 0.114921 0.130386 2.02862
29.5 0.612726 0.114819 0.127781 1.99898
29.6 0.615664 0.114718 0.125176 1.96933
29.7 0.618586 0.114615 0.12267 1.94046
29.8 0.621507 0.114512 0.120163 1.91158
29.9 0.624412 0.114407 0.117752 1.88347
30 0.627317 0.114301 0.115341 1.85536
30.1 0.630205 0.114194 0.113022 1.82802
30.2 0.633092 0.114087 0.110704 1.80068
30.3 0.635962 0.113978 0.108476 1.77409
30.4 0.638831 0.113869 0.106248 1.7475
30.5 0.641682 0.113758 0.104107 1.72166
30.6 0.644534 0.113646 0.101966 1.69583
30.7 0.647366 0.113533 0.0999108 1.67073
30.8 0.650199 0.11342 0.0978552 1.64563
30.9 0.653012 0.113305 0.0958819 1.62127
31 0.655825 0.113191 0.0939085 1.59691
31.1 0.658619 0.113074 0.0920147 1.57326
31.2 0.661413 0.112957 0.090121 1.54962
31.3 0.664186 0.112838 0.0883043 1.52669
31.4 0.66696 0.11272 0.0864875 1.50376
31.5 0.669713 0.112599 0.0847452 1.48153
31.6 0.672466 0.112479 0.0830029 1.4593
31.7 0.675198 0.112356 0.0813324 1.43775
31.8 0.67793 0.112234 0.0796619 1.41621
31.9 0.680641 0.11211 0.0780608 1.39534
32 0.683352 0.111986 0.0764596 1.37447
32.1 0.686041 0.11186 0.0749253 1.35426
32.2 0.68873 0.111734 0.073391 1.33404
32.3 0.691398 0.111607 0.071921 1.31448
32.4 0.694065 0.111479 0.0704511 1.29491
32.5 0.696709 0.11135 0.0690432 1.27598
32.6 0.699354 0.11122 0.0676353 1.25705
32.7 0.701976 0.111089 0.066287 1.23873
32.8 0.704598 0.110958 0.0649388 1.22042
32.9 0.707197 0.110826 0.063648 1.20271
33 0.709796 0.110693 0.0623571 1.18499
33.1 0.712372 0.110559 0.0611215 1.16787
33.2 0.714947 0.110424 0.0598858 1.15075
33.3 0.717499 0.110288 0.0587032 1.13419
33.4 0.720051 0.110152 0.0575206 1.11764
33.5 0.722578 0.110015 0.0563888 1.10165
33.6 0.725106 0.109877 0.0552571 1.08566
33.7 0.72761 0.109738 0.0541742 1.07021
33.8 0.730113 0.109599 0.0530914 1.05476
33.9 0.732592 0.109458 0.0520554 1.03985
34 0.73507 0.109318 0.0510195 1.02493
34.1 0.737524 0.109175 0.0500285 1.01052
34.2 0.739978 0.109033 0.0490375 0.996117
34.3 0.742407 0.108889 0.0480896 0.982212
34.4 0.744836 0.108746 0.0471417 0.968308
34.5 0.747239 0.1086 0.0462351 0.954888
34.6 0.749642 0.108455 0.0453286 0.941468
34.7 0.75202 0.108308 0.0444616 0.92852
34.8 0.754398 0.108162 0.0435946 0.915571
34.9 0.75675 0.108014 0.0427656 0.903079
35 0.759101 0.107865 0.0419365 0.890588
35.1 0.761427 0.107716 0.0411437 0.878539
35.2 0.763753 0.107566 0.0403509 0.86649
35.3 0.766052 0.107415 0.0395929 0.854871
35.4 0.768352 0.107264 0.0388349 0.843252
35.5 0.770625 0.107112 0.0381101 0.832049
35.6 0.772898 0.10696 0.0373853 0.820846
35.7 0.775144 0.106806 0.0366923 0.810045
35.8 0.777391 0.106652 0.0359993 0.799245
35.9 0.77961 0.106498 0.0353367 0.788835
36 0.78183 0.106343 0.034674 0.778425
36.1 0.784022 0.106186 0.0340405 0.768392
36.2 0.786215 0.10603 0.033407 0.758359
36.3 0.78838 0.105873 0.0328012 0.748691
36.4 0.790546 0.105715 0.0321955 0.739024
36.5 0.792684 0.105556 0.0316163 0.729709
36.6 0.794822 0.105398 0.0310371 0.720394
36.7 0.796933 0.105238 0.0304833 0.711421
36.8 0.799044 0.105078 0.0299295 0.702448
36.9 0.801127 0.104917 0.0294 0.693804
37 0.803211 0.104755 0.0288704 0.685161
37.1 0.805266 0.104593 0.028364 0.676836
37.2 0.807322 0.104431 0.0278576 0.668511
37.3 0.80935 0.104267 0.0273733 0.660494
37.4 0.811379 0.104104 0.026889 0.652478
37.5 0.813379 0.103939 0.0264259 0.644758
37.6 0.81538 0.103775 0.0259627 0.637039
37.7 0.817352 0.103609 0.0255197 0.629606
37.8 0.819325 0.103444 0.0250767 0.622173
37.9 0.82127 0.103277 0.0246529 0.615018
38 0.823215 0.103111 0.0242292 0.607862
38.1 0.825132 0.102943 0.0238238 0.600974
38.2 0.827049 0.102775 0.0234184 0.594086
38.3 0.828938 0.102607 0.0230305 0.587456
38.4 0.830827 0.102438 0.0226427 0.580826
38.5 0.832689 0.102269 0.0222716 0.574444
38.6 0.83455 0.102099 0.0219005 0.568063
38.7 0.836384 0.101929 0.0215453 0.561922
38.8 0.838217 0.101758 0.0211902 0.55578
38.9 0.840023 0.101587 0.0208502 0.54987
39 0.841828 0.101415 0.0205103 0.54396
39.1 0.843606 0.101243 0.020185 0.538273
39.2 0.845384 0.101071 0.0198596 0.532586
39.3 0.847134 0.100898 0.0195481 0.527115
39.4 0.848884 0.100725 0.0192366 0.521643
39.5 0.850606 0.100551 0.0189383 0.516378
39.6 0.852329 0.100377 0.01864 0.511114
39.7 0.854023 0.100202 0.0183544 0.506049
39.8 0.855718 0.100028 0.0180687 0.500984
39.9 0.857385 0.0998525 0.0177951 0.496112
40 0.859052 0.0996771 0.0175215 0.491239
40.1 0.860691 0.099501 0.0172594 0.486552
40.2 0.862331 0.099325 0.0169972 0.481865
40.3 0.863943 0.0991482 0.0167461 0.477357
40.4 0.865555 0.0989715 0.0164949 0.472849
40.5 0.86714 0.0987941 0.0162542 0.468512
40.6 0.868725 0.0986167 0.0160134 0.464176
40.7 0.870282 0.0984387 0.0157827 0.460005
40.8 0.87184 0.0982607 0.0155519 0.455835
40.9 0.87337 0.0980821 0.0153307 0.451824
41 0.874901 0.0979036 0.0151094 0.447813
41.1 0.876405 0.0977244 0.0148972 0.443955
41.2 0.877908 0.0975453 0.014685 0.440098
41.3 0.879385 0.0973657 0.0144815 0.436388
41.4 0.880862 0.097186 0.0142779 0.432679
41.5 0.882312 0.0970059 0.0140826 0.429112
41.6 0.883762 0.0968258 0.0138873 0.425544
41.7 0.885186 0.0966452 0.0136999 0.422114
41.8 0.88661 0.0964646 0.0135125 0.418684
41.9 0.888007 0.0962836 0.0133326 0.415386
42 0.889405 0.0961026 0.0131526 0.412088
42.1 0.890776 0.0959212 0.0129799 0.408916
42.2 0.892147 0.0957398 0.0128071 0.405745
42.3 0.893493 0.0955581 0.0126412 0.402696
42.4 0.894838 0.0953763 0.0124752 0.399647
42.5 0.896158 0.0951943 0.0123158 0.396716
42.6 0.897477 0.0950122 0.0121564 0.393784
42.7 0.898772 0.0948298 0.0120032 0.390966
42.8 0.900066 0.0946474 0.01185 0.388148
42.9 0.901335 0.0944648 0.0117027 0.385438
43 0.902604 0.0942822 0.0115554 0.382729
43.1 0.903848 0.0940993 0.0114138 0.380124
43.2 0.905092 0.0939165 0.0112722 0.377519
43.3 0.906311 0.0937334 0.011136 0.375015
43.4 0.90753 0.0935503 0.0109998 0.372511
43.5 0.908724 0.0933671 0.0108687 0.370104
43.6 0.909919 0.0931839 0.0107377 0.367697
43.7 0.911089 0.0930005 0.0106115 0.365383
43.8 0.912259 0.0928171 0.0104854 0.363069
43.9 0.913405 0.0926336 0.0103639 0.360845
44 0.914551 0.0924502 0.0102425 0.358621
44.1 0.915673 0.0922666 0.0101255 0.356483
44.2 0.916795 0.092083 0.0100085 0.354345
44.3 0.917894 0.0918994 0.00989582 0.35229
44.4 0.918993 0.0917158 0.00978312 0.350235
44.5 0.920068 0.0915322 0.00967451 0.34826
44.6 0.921144 0.0913485 0.0095659 0.346285
44.7 0.922196 0.0911649 0.00946119 0.344387
44.8 0.923248 0.0909813 0.00935647 0.342488
44.9 0.924278 0.0907977 0.00925549 0.340664
45 0.925307 0.0906141 0.0091545 0.338839
45.1 0.926315 0.0904306 0.00905707 0.337086
45.2 0.927322 0.0902471 0.00895964 0.335332
45.3 0.928307 0.0900637 0.0088656 0.333647
45.4 0.929292 0.0898803 0.00877157 0.331961
45.5 0.930255 0.089697 0.00868078 0.330342
45.6 0.931218 0.0895137 0.00858999 0.328722
45.7 0.932159 0.0893305 0.00850231 0.327165
45.8 0.933101 0.0891474 0.00841462 0.325608
45.9 0.934021 0.0889644 0.0083299 0.324112
46 0.934941 0.0887814 0.00824517 0.322616
46.1 0.93584 0.0885986 0.00816328 0.321179
46.2 0.93674 0.0884159 0.00808139 0.319741
46.3 0.937618 0.0882333 0.00800221 0.318359
46.4 0.938497 0.0880508 0.00792303 0.316978
46.5 0.939355 0.0878685 0.00784644 0.31565
46.6 0.940213 0.0876862 0.00776984 0.314322
46.7 0.941051 0.0875042 0.00769573 0.313047
46.8 0.941889 0.0873222 0.00762161 0.311771
46.9 0.942708 0.0871405 0.00754986 0.310545
47 0.943526 0.0869588 0.00747811 0.309319
47.1 0.944325 0.0867774 0.00740863 0.308141
47.2 0.945124 0.0865961 0.00733915 0.306962
47.3 0.945904 0.0864151 0.00727183 0.30583
47.4 0.946683 0.086234 0.00720452 0.304698
47.5 0.947444 0.0860534 0.00713928 0.30361
47.6 0.948205 0.0858727 0.00707404 0.302523
47.7 0.948948 0.0856925 0.00701078 0.301477
47.8 0.94969 0.0855123 0.00694753 0.300432
47.9 0.950415 0.0853324 0.00688617 0.299428
48 0.951139 0.0851526 0.00682482 0.298423
48.1 0.951845 0.0849732 0.00676529 0.297458
48.2 0.952552 0.0847938 0.00670576 0.296493
48.3 0.95324 0.0846149 0.00664797 0.295566
48.4 0.953929 0.084436 0.00659018 0.294639
48.5 0.954601 0.0842576 0.00653407 0.293748
48.6 0.955273 0.0840791 0.00647795 0.292857
48.7 0.955927 0.0839012 0.00642343 0.292001
48.8 0.956582 0.0837233 0.00636892 0.291145
48.9 0.95722 0.0835459 0.00631594 0.290323
49 0.957858 0.0833685 0.00626296 0.2895
49.1 0.95848 0.0831916 0.00621145 0.28871
49.2 0.959101 0.0830147 0.00615995 0.28792
49.3 0.959707 0.0828384 0.00610985 0.287161
49.4 0.960313 0.0826621 0.00605976 0.286401
49.5 0.960903 0.0824864 0.00601101 0.285672
49.6 0.961493 0.0823106 0.00596227 0.284943
49.7 0.962068 0.0821355 0.00591483 0.284242
49.8 0.962642 0.0819604 0.00586739 0.283541
49.9 0.963202 0.0817859 0.0058212 0.282868
50 0.963762 0.0816113 0.005775 0.282195
50.1 0.964307 0.0814374 0.00573001 0.281548
50.2 0.964851 0.0812636 0.00568501 0.280901
50.3 0.965382 0.0810903 0.00564117 0.28028
50.4 0.965912 0.0809171 0.00559732 0.279658
50.5 0.966428 0.0807445 0.00555458 0.279061
50.6 0.966945 0.0805719 0.00551184 0.278465
50.7 0.967447 0.0804 0.00547017 0.277891
50.8 0.967949 0.080228 0.00542849 0.277318
50.9 0.968438 0.0800568 0.00538783 0.276767
51 0.968927 0.0798856 0.00534718 0.276216
51.1 0.969402 0.0797151 0.0053075 0.275687
51.2 0.969878 0.0795445 0.00526783 0.275157
51.3 0.97034 0.0793747 0.0052291 0.274649
51.4 0.970803 0.0792049 0.00519037 0.274141
51.5 0.971252 0.0790358 0.00515255 0.273652
51.6 0.971702 0.0788667 0.00511473 0.273164
51.7 0.972139 0.0786984 0.00507779 0.272695
51.8 0.972577 0.07853 0.00504084 0.272226
51.9 0.973002 0.0783624 0.00500474 0.271775
52 0.973427 0.0781948 0.00496864 0.271325
52.1 0.97384 0.078028 0.00493335 0.270892
52.2 0.974254 0.0778611 0.00489806 0.270459
52.3 0.974655 0.077695 0.00486356 0.270043
52.4 0.975057 0.077529 0.00482905 0.269627
52.5 0.975447 0.0773637 0.0047953 0.269228
52.6 0.975838 0.0771984 0.00476154 0.268829
52.7 0.976217 0.0770339 0.00472852 0.268445
52.8 0.976596 0.0768694 0.00469549 0.268062
52.9 0.976965 0.0767057 0.00466317 0.267693
53 0.977333 0.076542 0.00463084 0.267325
53.1 0.977691 0.0763791 0.0045992 0.266971
53.2 0.978049 0.0762162 0.00456755 0.266617
53.3 0.978397 0.0760541 0.00453656 0.266277
53.4 0.978744 0.075892 0.00450556 0.265937
53.5 0.979082 0.0757307 0.0044752 0.265611
53.6 0.979419 0.0755695 0.00444484 0.265284
53.7 0.979747 0.075409 0.00441509 0.264971
53.8 0.980075 0.0752486 0.00438533 0.264657
53.9 0.980393 0.075089 0.00435617 0.264356
54 0.980711 0.0749294 0.00432701 0.264055
54.1 0.98102 0.0747706 0.00429842 0.263766
54.2 0.981329 0.0746119 0.00426983 0.263477
54.3 0.981629 0.074454 0.00424178 0.263199
54.4 0.981929 0.074296 0.00421374 0.262921
54.5 0.98222 0.074139 0.00418624 0.262654
54.6 0.982511 0.0739819 0.00415873 0.262388
54.7 0.982793 0.0738257 0.00413174 0.262132
54.8 0.983075 0.0736695 0.00410475 0.261875
54.9 0.983349 0.0735142 0.00407825 0.261629
55 0.983623 0.0733588 0.00405176 0.261383
55.1 0.983889 0.0732043 0.00402576 0.261147
55.2 0.984154 0.0730499 0.00399975 0.260911
55.3 0.984412 0.0728963 0.00397421 0.260684
55.4 0.98467 0.0727426 0.00394868 0.260457
55.5 0.98492 0.0725899 0.0039236 0.260239
55.6 0.985169 0.0724372 0.00389851 0.260022
55.7 0.985412 0.0722853 0.00387387 0.259812
55.8 0.985654 0.0721334 0.00384923 0.259603
55.9 0.985889 0.0719825 0.00382502 0.259402
56 0.986124 0.0718315 0.00380081 0.259202
56.1 0.986352 0.0716814 0.00377702 0.259009
56.2 0.98658 0.0715313 0.00375322 0.258816
56.3 0.986801 0.071382 0.00372983 0.258631
56.4 0.987021 0.0712328 0.00370644 0.258446
56.5 0.987236 0.0710845 0.00368344 0.258268
56.6 0.98745 0.0709361 0.00366044 0.25809
56.7 0.987657 0.0707887 0.00363782 0.257919
56.8 0.987864 0.0706412 0.00361521 0.257749
56.9 0.988066 0.0704946 0.00359296 0.257585
57 0.988267 0.0703481 0.00357071 0.257421
57.1 0.988461 0.0702024 0.00354883 0.257264
57.2 0.988656 0.0700567 0.00352694 0.257106
57.3 0.988845 0.0699119 0.00350541 0.256955
57.4 0.989034 0.0697671 0.00348387 0.256804
57.5 0.989216 0.0696232 0.00346268 0.256659
57.6 0.989399 0.0694793 0.00344148 0.256514
57.7 0.989576 0.0693362 0.00342062 0.256375
57.8 0.989753 0.0691932 0.00339976 0.256236
57.9 0.989925 0.0690511 0.00337923 0.256102
58 0.990096 0.0689089 0.00335869 0.255968
58.1 0.990263 0.0687677 0.00333847 0.25584
58.2 0.990429 0.0686264 0.00331825 0.255712
58.3 0.99059 0.068486 0.00329833 0.255589
58.4 0.99075 0.0683456 0.00327842 0.255465
58.5 0.990906 0.0682061 0.00325881 0.255347
58.6 0.991062 0.0680667 0.0032392 0.255229
58.7 0.991213 0.067928 0.00321988 0.255116
58.8 0.991363 0.0677894 0.00320056 0.255002
58.9 0.991509 0.0676517 0.00318152 0.254893
59 0.991655 0.067514 0.00316249 0.254784
59.1 0.991797 0.0673771 0.00314373 0.25468
59.2 0.991938 0.0672402 0.00312498 0.254575
59.3 0.992075 0.0671043 0.0031065 0.254475
59.4 0.992211 0.0669683 0.00308801 0.254375
59.5 0.992344 0.0668332 0.0030698 0.254279
59.6 0.992476 0.0666981 0.00305158 0.254182
59.7 0.992604 0.0665638 0.00303362 0.25409
59.8 0.992732 0.0664296 0.00301567 0.253997
59.9 0.992856 0.0662962 0.00299797 0.253909
60 0.99298 0.0661629 0.00298027 0.25382
60.1 0.9931 0.0660304 0.00296281 0.253735
60.2 0.99322 0.0658978 0.00294536 0.25365
60.3 0.993336 0.0657662 0.00292815 0.253568
60.4 0.993452 0.0656346 0.00291094 0.253487
60.5 0.993564 0.0655038 0.00289397 0.253409
60.6 0.993676 0.065373 0.002877 0.25333
60.7 0.993785 0.0652431 0.00286026 0.253255
60.8 0.993894 0.0651131 0.00284352 0.25318
60.9 0.993999 0.0649841 0.00282701 0.253108
61 0.994104 0.064855 0.0028105 0.253036
61.1 0.994205 0.0647268 0.00279421 0.252967
61.2 0.994307 0.0645985 0.00277792 0.252897
61.3 0.994405 0.0644712 0.00276185 0.252831
61.4 0.994503 0.0643438 0.00274579 0.252765
61.5 0.994598 0.0642172 0.00272993 0.252701
61.6 0.994693 0.0640907 0.00271408 0.252637
61.7 0.994785 0.063965 0.00269844 0.252576
61.8 0.994877 0.0638393 0.00268279 0.252515
61.9 0.994965 0.0637144 0.00266735 0.252457
62 0.995054 0.0635895 0.00265192 0.252398
62.1 0.99514 0.0634655 0.00263668 0.252342
62.2 0.995226 0.0633415 0.00262145 0.252286
62.3 0.995309 0.0632182 0.00260641 0.252232
62.4 0.995392 0.063095 0.00259137 0.252178
62.5 0.995472 0.0629726 0.00257653 0.252127
62.6 0.995552 0.0628502 0.00256169 0.252075
62.7 0.995629 0.0627287 0.00254704 0.252025
62.8 0.995707 0.0626071 0.00253239 0.251976
62.9 0.995782 0.0624863 0.00251793 0.251928
63 0.995857 0.0623655 0.00250346 0.251881
63.1 0.995929 0.0622456 0.00248919 0.251835
63.2 0.996001 0.0621256 0.00247491 0.25179
63.3 0.996071 0.0620065 0.00246081 0.251746
63.4 0.996141 0.0618873 0.00244671 0.251702
63.5 0.996209 0.0617689 0.00243279 0.251661
63.6 0.996277 0.0616506 0.00241887 0.251619
63.7 0.996342 0.061533 0.00240513 0.251579
63.8 0.996407 0.0614154 0.00239138 0.251538
63.9 0.99647 0.0612987 0.00237781 0.2515
64 0.996533 0.0611819 0.00236423 0.251462
64.1 0.996594 0.0610659 0.00235083 0.251425
64.2 0.996655 0.0609499 0.00233742 0.251388
64.3 0.996714 0.0608347 0.00232419 0.251352
64.4 0.996773 0.0607194 0.00231095 0.251317
64.5 0.99683 0.060605 0.00229787 0.251283
64.6 0.996887 0.0604905 0.0022848 0.251249
64.7 0.996942 0.0603769 0.00227188 0.251217
64.8 0.996997 0.0602632 0.00225897 0.251185
64.9 0.99705 0.0601503 0.00224621 0.251153
65 0.997103 0.0600374 0.00223345 0.251122
65.1 0.997154 0.0599252 0.00222085 0.251093
65.2 0.997205 0.059813 0.00220825 0.251063
65.3 0.997255 0.0597016 0.0021958 0.251034
65.4 0.997304 0.0595902 0.00218335 0.251006
65.5 0.997352 0.0594796 0.00217106 0.250978
65.6 0.9974 0.0593689 0.00215876 0.250951
65.7 0.997446 0.059259 0.00214661 0.250925
65.8 0.997492 0.0591491 0.00213446 0.250899
65.9 0.997537 0.0590399 0.00212246 0.250874
66 0.997581 0.0589307 0.00211045 0.250849
66.1 0.997624 0.0588223 0.00209859 0.250825
66.2 0.997667 0.0587138 0.00208673 0.250801
66.3 0.997709 0.0586061 0.00207502 0.250778
66.4 0.99775 0.0584984 0.0020633 0.250755
66.5 0.99779 0.0583914 0.00205172 0.250733
66.6 0.99783 0.0582844 0.00204014 0.250711
66.7 0.997869 0.0581781 0.0020287 0.25069
66.8 0.997908 0.0580718 0.00201726 0.250669
66.9 0.997945 0.0579663 0.00200595 0.250648
67 0.997983 0.0578607 0.00199465 0.250628
67.1 0.998019 0.0577558 0.00198348 0.250609
67.2 0.998055 0.057651 0.0019723 0.25059
67.3 0.99809 0.0575468 0.00196126 0.250571
67.4 0.998124 0.0574426 0.00195022 0.250553
67.5 0.998158 0.0573392 0.00193931 0.250535
67.6 0.998192 0.0572357 0.0019284 0.250517
67.7 0.998224 0.0571329 0.00191762 0.250501
67.8 0.998256 0.0570301 0.00190684 0.250484
67.9 0.998288 0.056928 0.00189618 0.250467
68 0.998319 0.0568259 0.00188553 0.250451
68.1 0.998349 0.0567245 0.00187499 0.250436
68.2 0.998379 0.0566231 0.00186446 0.25042
68.3 0.998408 0.0565223 0.00185405 0.250406
68.4 0.998438 0.0564216 0.00184364 0.250391
68.5 0.998466 0.0563215 0.00183335 0.250377
68.6 0.998494 0.0562214 0.00182306 0.250363
68.7 0.998521 0.056122 0.0018129 0.250349
68.8 0.998548 0.0560226 0.00180273 0.250336
68.9 0.998574 0.0559239 0.00179267 0.250323
69 0.9986 0.0558251 0.00178262 0.25031
69.1 0.998626 0.055727 0.00177269 0.250298
69.2 0.998651 0.0556289 0.00176275 0.250285
69.3 0.998675 0.0555314 0.00175293 0.250273
69.4 0.9987 0.055434 0.00174311 0.250262
69.5 0.998723 0.0553372 0.0017334 0.25025
69.6 0.998747 0.0552404 0.00172369 0.250239
69.7 0.998769 0.0551442 0.0017141 0.250228
69.8 0.998792 0.055048 0.0017045 0.250218
69.9 0.998814 0.0549525 0.00169502 0.250208
70 0.998836 0.0548569 0.00168553 0.250197
70.1 0.998857 0.054762 0.00167615 0.250187
70.2 0.998878 0.0546671 0.00166678 0.250178
70.3 0.998898 0.0545728 0.00165751 0.250168
70.4 0.998919 0.0544785 0.00164824 0.250159
70.5 0.998938 0.0543848 0.00163907 0.25015
70.6 0.998958 0.0542912 0.00162991 0.250141
70.7 0.998977 0.0541981 0.00162085 0.250133
70.8 0.998996 0.054105 0.00161179 0.250124
70.9 0.999014 0.0540126 0.00160283 0.250116
71 0.999032 0.0539201 0.00159387 0.250108
71.1 0.99905 0.0538282 0.00158502 0.2501
71.2 0.999067 0.0537364 0.00157617 0.250093
71.3 0.999084 0.0536451 0.00156741 0.250085
71.4 0.999101 0.0535539 0.00155866 0.250078
71.5 0.999118 0.0534632 0.00155 0.250071
71.6 0.999134 0.0533725 0.00154135 0.250064
71.7 0.99915 0.0532824 0.00153279 0.250057
71.8 0.999166 0.0531924 0.00152424 0.250051
71.9 0.999181 0.0531028 0.00151578 0.250044
72 0.999196 0.0530133 0.00150732 0.250038
72.1 0.999211 0.0529244 0.00149895 0.250032
72.2 0.999225 0.0528355 0.00149059 0.250026
72.3 0.999239 0.0527471 0.00148232 0.25002
72.4 0.999254 0.0526588 0.00147405 0.250014
72.5 0.999267 0.052571 0.00146588 0.250009
72.6 0.999281 0.0524832 0.0014577 0.250003
72.7 0.999294 0.052396 0.00144962 0.249998
72.8 0.999307 0.0523088 0.00144153 0.249993
72.9 0.99932 0.0522221 0.00143354 0.249988
73 0.999333 0.0521354 0.00142555 0.249983
73.1 0.999345 0.0520493 0.00141765 0.249979
73.2 0.999357 0.0519632 0.00140975 0.249974
73.3 0.999369 0.0518777 0.00140193 0.249969
73.4 0.999381 0.0517921 0.00139412 0.249965
73.5 0.999392 0.0517071 0.00138639 0.249961
73.6 0.999403 0.0516221 0.00137867 0.249957
73.7 0.999414 0.0515376 0.00137103 0.249953
73.8 0.999425 0.0514531 0.00136339 0.249949
73.9 0.999436 0.0513691 0.00135584 0.249945
74 0.999446 0.0512852 0.00134828 0.249941
74.1 0.999456 0.0512018 0.00134082 0.249937
74.2 0.999467 0.0511184 0.00133335 0.249934
74.3 0.999476 0.0510355 0.00132596 0.24993
74.4 0.999486 0.0509526 0.00131858 0.249927
74.5 0.999496 0.0508702 0.00131128 0.249924
74.6 0.999505 0.0507878 0.00130398 0.249921
74.7 0.999514 0.050706 0.00129676 0.249918
74.8 0.999523 0.0506241 0.00128954 0.249915
74.9 0.999532 0.0505428 0.0012824 0.249912
75 0.999541 0.0504615 0.00127526 0.249909
75.1 0.999549 0.0503806 0.0012682 0.249906
75.2 0.999558 0.0502998 0.00126114 0.249903
75.3 0.999566 0.0502195 0.00125416 0.249901
75.4 0.999574 0.0501391 0.00124718 0.249898
75.5 0.999582 0.0500593 0.00124028 0.249896
75.6 0.99959 0.0499795 0.00123338 0.249894
75.7 0.999597 0.0499001 0.00122655 0.249891
75.8 0.999605 0.0498208 0.00121973 0.249889
75.9 0.999612 0.049742 0.00121298 0.249887
76 0.999619 0.0496631 0.00120623 0.249885
76.1 0.999627 0.0495848 0.00119955 0.249883
76.2 0.999634 0.0495064 0.00119288 0.249881
76.3 0.99964 0.0494285 0.00118628 0.249879
76.4 0.999647 0.0493507 0.00117968 0.249877
76.5 0.999654 0.0492733 0.00117316 0.249875
76.6 0.99966 0.0491959 0.00116663 0.249874
76.7 0.999666 0.0491189 0.00116018 0.249872
76.8 0.999673 0.049042 0.00115372 0.24987
76.9 0.999679 0.0489656 0.00114734 0.249869
77 0.999685 0.0488891 0.00114096 0.249867
77.1 0.999691 0.0488131 0.00113465 0.249866
77.2 0.999696 0.0487371 0.00112834 0.249865
77.3 0.999702 0.0486616 0.0011221 0.249863
77.4 0.999708 0.0485861 0.00111586 0.249862
77.5 0.999713 0.048511 0.00110969 0.249861
77.6 0.999719 0.048436 0.00110352 0.24986
77.7 0.999724 0.0483614 0.00109742 0.249858
77.8 0.999729 0.0482868 0.00109132 0.249857
77.9 0.999734 0.0482126 0.00108529 0.249856
78 0.999739 0.0481384 0.00107925 0.249855
78.1 0.999744 0.0480647 0.00107328 0.249854
78.2 0.999749 0.047991 0.00106732 0.249853
78.3 0.999753 0.0479177 0.00106142 0.249852
78.4 0.999758 0.0478445 0.00105552 0.249851
78.5 0.999763 0.0477716 0.00104968 0.249851
78.6 0.999767 0.0476988 0.00104385 0.24985
78.7 0.999771 0.0476264 0.00103808 0.249849
78.8 0.999776 0.047554 0.00103231 0.249848
78.9 0.99978 0.0474821 0.0010266 0.249848
79 0.999784 0.0474101 0.00102089 0.249847
79.1 0.999788 0.0473386 0.00101525 0.249847
79.2 0.999792 0.047267 0.00100961 0.249846
79.3 0.999796 0.0471959 0.00100403 0.249845
79.4 0.9998 0.0471248 0.00099845 0.249845
79.5 0.999804 0.0470541 0.000992932 0.249844
79.6 0.999807 0.0469834 0.000987413 0.249844
79.7 0.999811 0.0469132 0.000981957 0.249843
79.8 0.999814 0.0468429 0.0009765 0.249843
79.9 0.999818 0.046773 0.000971103 0.249843
80 0.999821 0.0467032 0.000965707 0.249842
80.1 0.999825 0.0466337 0.00096037 0.249842
80.2 0.999828 0.0465643 0.000955034 0.249842
80.3 0.999831 0.0464952 0.000949757 0.249841
80.4 0.999834 0.0464262 0.000944479 0.249841
80.5 0.999838 0.0463576 0.00093926 0.249841
80.6 0.999841 0.0462889 0.000934041 0.249841
80.7 0.999844 0.0462207 0.00092888 0.249841
80.8 0.999847 0.0461524 0.000923719 0.24984
80.9 0.999849 0.0460846 0.000918616 0.24984
81 0.999852 0.0460168 0.000913512 0.24984
81.1 0.999855 0.0459493 0.000908465 0.24984
81.2 0.999858 0.0458819 0.000903417 0.24984
81.3 0.99986 0.0458148 0.000898426 0.24984
81.4 0.999863 0.0457478 0.000893435 0.24984
81.5 0.999866 0.0456811 0.000888498 0.24984
81.6 0.999868 0.0456144 0.000883562 0.24984
81.7 0.999871 0.0455481 0.000878681 0.24984
81.8 0.999873 0.0454819 0.0008738 0.24984
81.9 0.999876 0.045416 0.000868972 0.24984
82 0.999878 0.04535 0.000864145 0.24984
82.1 0.99988 0.0452845 0.000859371 0.24984
82.2 0.999882 0.045219 0.000854597 0.24984
82.3 0.999885 0.0451538 0.000849876 0.24984
82.4 0.999887 0.0450887 0.000845155 0.249841
82.5 0.999889 0.0450239 0.000840486 0.249841
82.6 0.999891 0.0449591 0.000835817 0.249841
82.7 0.999893 0.0448947 0.0008312 0.249841
82.8 0.999895 0.0448303 0.000826583 0.249841
82.9 0.999897 0.0447663 0.000822017 0.249841
83 0.999899 0.0447022 0.000817451 0.249842
83.1 0.999901 0.0446385 0.000812935 0.249842
83.2 0.999903 0.0445748 0.00080842 0.249842
83.3 0.999905 0.0445115 0.000803954 0.249842
83.4 0.999907 0.0444482 0.000799489 0.249843
83.5 0.999908 0.0443852 0.000795073 0.249843
83.6 0.99991 0.0443223 0.000790656 0.249843
83.7 0.999912 0.0442596 0.000786289 0.249843
83.8 0.999913 0.044197 0.000781922 0.249844
83.9 0.999915 0.0441348 0.000777603 0.249844
84 0.999917 0.0440725 0.000773284 0.249844
84.1 0.999918 0.0440106 0.000769013 0.249845
84.2 0.99992 0.0439487 0.000764741 0.249845
84.3 0.999921 0.0438871 0.000760517 0.249845
84.4 0.999923 0.0438255 0.000756293 0.249846
84.5 0.999924 0.0437643 0.000752116 0.249846
84.6 0.999926 0.043703 0.000747939 0.249846
84.7 0.999927 0.0436422 0.000743808 0.249847
84.8 0.999929 0.0435813 0.000739677 0.249847
84.9 0.99993 0.0435207 0.000735591 0.249848
85 0.999931 0.0434602 0.000731506 0.249848
85.1 0.999932 0.0433999 0.000727465 0.249848
85.2 0.999934 0.0433397 0.000723425 0.249849
85.3 0.999935 0.0432798 0.00071943 0.249849
85.4 0.999936 0.0432199 0.000715434 0.24985
85.5 0.999937 0.0431604 0.000711483 0.24985
85.6 0.999939 0.0431008 0.000707531 0.24985
85.7 0.99994 0.0430416 0.000703623 0.249851
85.8 0.999941 0.0429823 0.000699716 0.249851
85.9 0.999942 0.0429234 0.000695851 0.249852
86 0.999943 0.0428645 0.000691987 0.249852
86.1 0.999944 0.0428059 0.000688165 0.249853
86.2 0.999945 0.0427473 0.000684343 0.249853
86.3 0.999946 0.042689 0.000680563 0.249854
86.4 0.999947 0.0426308 0.000676784 0.249854
86.5 0.999948 0.0425728 0.000673046 0.249855
86.6 0.999949 0.0425149 0.000669308 0.249855
86.7 0.99995 0.0424572 0.000665612 0.249856
86.8 0.999951 0.0423996 0.000661915 0.249856
86.9 0.999952 0.0423422 0.000658259 0.249857
87 0.999953 0.0422849 0.000654604 0.249857
87.1 0.999954 0.0422279 0.000650989 0.249858
87.2 0.999955 0.0421708 0.000647373 0.249858
87.3 0.999956 0.0421141 0.000643798 0.249859
87.4 0.999957 0.0420574 0.000640223 0.249859
87.5 0.999957 0.042001 0.000636687 0.24986
87.6 0.999958 0.0419446 0.000633151 0.24986
87.7 0.999959 0.0418884 0.000629654 0.249861
87.8 0.99996 0.0418323 0.000626158 0.249861
87.9 0.999961 0.0417765 0.000622699 0.249862
88 0.999961 0.0417207 0.000619241 0.249862
88.1 0.999962 0.0416652 0.000615821 0.249863
88.2 0.999963 0.0416096 0.000612401 0.249863
88.3 0.999963 0.0415544 0.000609019 0.249864
88.4 0.999964 0.0414992 0.000605637 0.249864
88.5 0.999965 0.0414442 0.000602292 0.249865
88.6 0.999966 0.0413893 0.000598948 0.249865
88.7 0.999966 0.0413347 0.00059564 0.249866
88.8 0.999967 0.04128 0.000592332 0.249866
88.9 0.999967 0.0412256 0.000589061 0.249867
89 0.999968 0.0411713 0.00058579 0.249867
89.1 0.999969 0.0411172 0.000582554 0.249868
89.2 0.999969 0.0410631 0.000579319 0.249868
89.3 0.99997 0.0410093 0.00057612 0.249869
89.4 0.99997 0.0409555 0.000572921 0.24987
89.5 0.999971 0.040902 0.000569757 0.24987
89.6 0.999972 0.0408485 0.000566592 0.249871
89.7 0.999972 0.0407953 0.000563463 0.249871
89.8 0.999973 0.040742 0.000560334 0.249872
89.9 0.999973 0.0406891 0.00055724 0.249872
90 0.999974 0.0406361 0.000554145 0.249873
90.1 0.999974 0.0405834 0.000551085 0.249873
90.2 0.999975 0.0405308 0.000548024 0.249874
90.3 0.999975 0.0404783 0.000544998 0.249874
90.4 0.999976 0.0404259 0.000541971 0.249875
90.5 0.999976 0.0403738 0.000538978 0.249876
90.6 0.999977 0.0403216 0.000535985 0.249876
90.7 0.999977 0.0402698 0.000533025 0.249877
90.8 0.999977 0.0402179 0.000530065 0.249877
90.9 0.999978 0.0401663 0.000527138 0.249878
91 0.999978 0.0401147 0.00052421 0.249878
91.1 0.999979 0.0400633 0.000521315 0.249879
91.2 0.999979 0.040012 0.00051842 0.249879
91.3 0.99998 0.0399609 0.000515557 0.24988
91.4 0.99998 0.0399098 0.000512694 0.24988
91.5 0.99998 0.039859 0.000509863 0.249881
91.6 0.999981 0.0398081 0.000507031 0.249881
91.7 0.999981 0.0397576 0.000504231 0.249882
91.8 0.999981 0.039707 0.000501431 0.249883
91.9 0.999982 0.0396567 0.000498662 0.249883
92 0.999982 0.0396064 0.000495892 0.249884
92.1 0.999982 0.0395563 0.000493154 0.249884
92.2 0.999983 0.0395063 0.000490415 0.249885
92.3 0.999983 0.0394565 0.000487707 0.249885
92.4 0.999983 0.0394067 0.000484998 0.249886
92.5 0.999984 0.0393571 0.00048232 0.249886
92.6 0.999984 0.0393076 0.000479641 0.249887
92.7 0.999984 0.0392582 0.000476992 0.249887
92.8 0.999985 0.0392089 0.000474343 0.249888
92.9 0.999985 0.0391599 0.000471724 0.249888
93 0.999985 0.0391108 0.000469104 0.249889
93.1 0.999986 0.039062 0.000466513 0.249889
93.2 0.999986 0.0390132 0.000463923 0.24989
93.3 0.999986 0.0389646 0.00046136 0.249891
93.4 0.999986 0.038916 0.000458798 0.249891
93.5 0.999987 0.0388677 0.000456265 0.249892
93.6 0.999987 0.0388194 0.000453731 0.249892
93.7 0.999987 0.0387713 0.000451225 0.249893
93.8 0.999987 0.0387232 0.000448719 0.249893
93.9 0.999988 0.0386753 0.000446241 0.249894
94 0.999988 0.0386275 0.000443763 0.249894
94.1 0.999988 0.0385798 0.000441312 0.249895
94.2 0.999988 0.0385322 0.000438861 0.249895
94.3 0.999989 0.0384848 0.000436437 0.249896
94.4 0.999989 0.0384375 0.000434014 0.249896
94.5 0.999989 0.0383903 0.000431617 0.249897
94.6 0.999989 0.0383431 0.00042922 0.249897
94.7 0.999989 0.0382962 0.000426849 0.249898
94.8 0.99999 0.0382493 0.000424479 0.249898
94.9 0.99999 0.0382026 0.000422134 0.249899
95 0.99999 0.0381559 0.00041979 0.249899
95.1 0.99999 0.0381094 0.000417472 0.2499
95.2 0.99999 0.038063 0.000415153 0.2499
95.3 0.999991 0.0380167 0.00041286 0.249901
95.4 0.999991 0.0379705 0.000410568 0.249901
95.5 0.999991 0.0379245 0.0004083 0.249902
95.6 0.999991 0.0378785 0.000406033 0.249902
95.7 0.999991 0.0378327 0.00040379 0.249903
95.8 0.999991 0.0377869 0.000401548 0.249903
95.9 0.999992 0.0377413 0.00039933 0.249904
96 0.999992 0.0376957 0.000397112 0.249904
96.1 0.999992 0.0376504 0.000394919 0.249905
96.2 0.999992 0.037605 0.000392726 0.249905
96.3 0.999992 0.0375599 0.000390557 0.249906
96.4 0.999992 0.0375147 0.000388388 0.249906
96.5 0.999993 0.0374698 0.000386243 0.249907
96.6 0.999993 0.0374249 0.000384098 0.249907
96.7 0.999993 0.0373802 0.000381976 0.249907
96.8 0.999993 0.0373355 0.000379855 0.249908
96.9 0.999993 0.037291 0.000377757 0.249908
97 0.999993 0.0372465 0.000375659 0.249909
97.1 0.999993 0.0372022 0.000373584 0.249909
97.2 0.999993 0.0371579 0.00037151 0.24991
97.3 0.999994 0.0371138 0.000369458 0.24991
97.4 0.999994 0.0370698 0.000367406 0.249911
97.5 0.999994 0.0370259 0.000365377 0.249911
97.6 0.999994 0.036982 0.000363348 0.249912
97.7 0.999994 0.0369384 0.000361341 0.249912
97.8 0.999994 0.0368947 0.000359334 0.249913
97.9 0.999994 0.0368513 0.000357349 0.249913
98 0.999994 0.0368078 0.000355365 0.249913
98.1 0.999995 0.0367646 0.000353402 0.249914
98.2 0.999995 0.0367213 0.000351439 0.249914
98.3 0.999995 0.0366783 0.000349498 0.249915
98.4 0.999995 0.0366352 0.000347557 0.249915
98.5 0.999995 0.0365924 0.000345638 0.249916
98.6 0.999995 0.0365495 0.000343718 0.249916
98.7 0.999995 0.0365069 0.00034182 0.249917
98.8 0.999995 0.0364642 0.000339921 0.249917
98.9 0.999995 0.0364218 0.000338044 0.249917
99 0.999995 0.0363793 0.000336167 0.249918
99.1 0.999995 0.0363371 0.00033431 0.249918
99.2 0.999996 0.0362948 0.000332453 0.249919
99.3 0.999996 0.0362528 0.000330617 0.249919
99.4 0.999996 0.0362107 0.000328781 0.24992
99.5 0.999996 0.0361689 0.000326965 0.24992
99.6 0.999996 0.036127 0.000325149 0.24992
99.7 0.999996 0.0360854 0.000323353 0.249921
99.8 0.999996 0.0360437 0.000321557 0.249921
99.9 0.999996 0.0360022 0.000319781 0.249922
100 0.999996 0.0359607 0.000318005 0.249922
100.1 0.999996 0.0359195 0.000316249 0.249922
100.2 0.999996 0.0358782 0.000314493 0.249923
100.3 0.999996 0.0358371 0.000312756 0.249923
100.4 0.999997 0.035796 0.000311019 0.249924
100.5 0.999997 0.0357551 0.000309301 0.249924
100.6 0.999997 0.0357142 0.000307583 0.249924
100.7 0.999997 0.0356734 0.000305884 0.249925
100.8 0.999997 0.0356327 0.000304185 0.249925
100.9 0.999997 0.0355922 0.000302505 0.249926
101 0.999997 0.0355517 0.000300825 0.249926
101.1 0.999997 0.0355113 0.000299163 0.249926
101.2 0.999997 0.0354709 0.000297502 0.249927
101.3 0.999997 0.0354308 0.000295859 0.249927
101.4 0.999997 0.0353906 0.000294216 0.249928
101.5 0.999997 0.0353506 0.000292591 0.249928
101.6 0.999997 0.0353106 0.000290965 0.249928
101.7 0.999997 0.0352708 0.000289358 0.249929
101.8 0.999997 0.035231 0.000287751 0.249929
101.9 0.999997 0.0351914 0.000286162 0.24993
102 0.999997 0.0351518 0.000284573 0.24993
102.1 0.999997 0.0351123 0.000283001 0.24993
102.2 0.999998 0.0350729 0.000281429 0.249931
102.3 0.999998 0.0350336 0.000279875 0.249931
102.4 0.999998 0.0349943 0.00027832 0.249931
102.5 0.999998 0.0349552 0.000276783 0.249932
102.6 0.999998 0.0349161 0.000275246 0.249932
102.7 0.999998 0.0348772 0.000273725 0.249932
102.8 0.999998 0.0348383 0.000272205 0.249933
102.9 0.999998 0.0347995 0.000270702 0.249933
103 0.999998 0.0347608 0.000269198 0.249934
103.1 0.999998 0.0347222 0.000267711 0.249934
103.2 0.999998 0.0346836 0.000266224 0.249934
103.3 0.999998 0.0346452 0.000264754 0.249935
103.4 0.999998 0.0346068 0.000263283 0.249935
103.5 0.999998 0.0345686 0.000261829 0.249935
103.6 0.999998 0.0345303 0.000260375 0.249936
103.7 0.999998 0.0344923 0.000258937 0.249936
103.8 0.999998 0.0344542 0.000257499 0.249936
103.9 0.999998 0.0344163 0.000256076 0.249937
104 0.999998 0.0343784 0.000254654 0.249937
104.1 0.999998 0.0343406 0.000253247 0.249937
104.2 0.999998 0.0343029 0.000251841 0.249938
104.3 0.999998 0.0342653 0.00025045 0.249938
104.4 0.999998 0.0342278 0.000249059 0.249938
104.5 0.999998 0.0341904 0.000247683 0.249939
104.6 0.999998 0.034153 0.000246307 0.249939
104.7 0.999998 0.0341157 0.000244947 0.249939
104.8 0.999999 0.0340785 0.000243587 0.24994
104.9 0.999999 0.0340414 0.000242241 0.24994
105 0.999999 0.0340043 0.000240896 0.24994
105.1 0.999999 0.0339674 0.000239565 0.249941
105.2 0.999999 0.0339305 0.000238234 0.249941
105.3 0.999999 0.0338937 0.000236919 0.249941
105.4 0.999999 0.0338569 0.000235603 0.249942
105.5 0.999999 0.0338203 0.000234301 0.249942
105.6 0.999999 0.0337837 0.000233 0.249942
105.7 0.999999 0.0337473 0.000231713 0.249943
105.8 0.999999 0.0337109 0.000230426 0.249943
105.9 0.999999 0.0336746 0.000229153 0.249943
106 0.999999 0.0336383 0.00022788 0.249943
106.1 0.999999 0.0336022 0.000226622 0.249944
106.2 0.999999 0.033566 0.000225363 0.249944
106.3 0.999999 0.03353 0.000224118 0.249944
106.4 0.999999 0.0334941 0.000222873 0.249945
106.5 0.999999 0.0334582 0.000221642 0.249945
106.6 0.999999 0.0334224 0.000220411 0.249945
106.7 0.999999 0.0333868 0.000219194 0.249946
106.8 0.999999 0.0333511 0.000217976 0.249946
106.9 0.999999 0.0333156 0.000216772 0.249946
107 0.999999 0.0332801 0.000215568 0.249946
107.1 0.999999 0.0332447 0.000214377 0.249947
107.2 0.999999 0.0332093 0.000213187 0.249947
107.3 0.999999 0.0331741 0.000212009 0.249947
107.4 0.999999 0.0331389 0.000210832 0.249948
107.5 0.999999 0.0331038 0.000209667 0.249948
107.6 0.999999 0.0330688 0.000208502 0.249948
107.7 0.999999 0.0330338 0.000207351 0.249948
107.8 0.999999 0.0329989 0.000206199 0.249949
107.9 0.999999 0.0329641 0.00020506 0.249949
108 0.999999 0.0329294 0.000203921 0.249949
108.1 0.999999 0.0328947 0.000202795 0.24995
108.2 0.999999 0.0328601 0.000201668 0.24995
108.3 0.999999 0.0328256 0.000200554 0.24995
108.4 0.999999 0.0327912 0.00019944 0.24995
108.5 0.999999 0.0327568 0.000198339 0.249951
108.6 0.999999 0.0327225 0.000197237 0.249951
108.7 0.999999 0.0326883 0.000196148 0.249951
108.8 0.999999 0.0326541 0.000195058 0.249951
108.9 0.999999 0.0326201 0.000193981 0.249952
109 0.999999 0.032586 0.000192903 0.249952
109.1 0.999999 0.0325521 0.000191838 0.249952
109.2 0.999999 0.0325182 0.000190772 0.249953
109.3 0.999999 0.0324844 0.000189718 0.249953
109.4 0.999999 0.0324507 0.000188664 0.249953
109.5 0.999999 0.032417 0.000187622 0.249953
109.6 0.999999 0.0323834 0.00018658 0.249954
109.7 0.999999 0.0323499 0.00018555 0.249954
109.8 0.999999 0.0323164 0.000184519 0.249954
109.9 0.999999 0.0322831 0.0001835 0.249954
110 0.999999 0.0322497 0.00018248 0.249955
110.1 0.999999 0.0322165 0.000181472 0.249955
110.2 0.999999 0.0321833 0.000180464 0.249955
110.3 0.999999 0.0321502 0.000179468 0.249955
110.4 1 0.0321171 0.000178471 0.249956
110.5 1 0.0320842 0.000177485 0.249956
110.6 1 0.0320513 0.000176499 0.249956
110.7 1 0.0320185 0.000175524 0.249956
110.8 1 0.0319857 0.000174549 0.249957
110.9 1 0.031953 0.000173585 0.249957
111 1 0.0319203 0.000172621 0.249957
111.1 1 0.0318878 0.000171667 0.249957
111.2 1 0.0318552 0.000170714 0.249957
111.3 1 0.0318228 0.000169771 0.249958
111.4 1 0.0317904 0.000168828 0.249958
111.5 1 0.0317582 0.000167895 0.249958
111.6 1 0.0317259 0.000166963 0.249958
111.7 1 0.0316937 0.00016604 0.249959
111.8 1 0.0316616 0.000165118 0.249959
111.9 1 0.0316296 0.000164206 0.249959
112 1 0.0315976 0.000163294 0.249959
112.1 1 0.0315657 0.000162392 0.24996
112.2 1 0.0315338 0.00016149 0.24996
112.3 1 0.031502 0.000160598 0.24996
112.4 1 0.0314703 0.000159706 0.24996
112.5 1 0.0314387 0.000158823 0.24996
112.6 1 0.031407 0.000157941 0.249961
112.7 1 0.0313755 0.000157069 0.249961
112.8 1 0.031344 0.000156196 0.249961
112.9 1 0.0313126 0.000155333 0.249961
113 1 0.0312813 0.000154471 0.249961
113.1 1 0.03125 0.000153617 0.249962
113.2 1 0.0312188 0.000152764 0.249962
113.3 1 0.0311876 0.00015192 0.249962
113.4 1 0.0311565 0.000151076 0.249962
113.5 1 0.0311255 0.000150242 0.249963
113.6 1 0.0310945 0.000149407 0.249963
113.7 1 0.0310636 0.000148582 0.249963
113.8 1 0.0310328 0.000147757 0.249963
113.9 1 0.031002 0.00014694 0.249963
114 1 0.0309713 0.000146124 0.249964
114.1 1 0.0309406 0.000145317 0.249964
114.2 1 0.03091 0.00014451 0.249964
114.3 1 0.0308795 0.000143711 0.249964
114.4 1 0.030849 0.000142913 0.249964
114.5 1 0.0308186 0.000142124 0.249965
114.6 1 0.0307882 0.000141334 0.249965
114.7 1 0.0307579 0.000140554 0.249965
114.8 1 0.0307276 0.000139773 0.249965
114.9 1 0.0306975 0.000139001 0.249965
115 1 0.0306673 0.000138229 0.249966
115.1 1 0.0306373 0.000137465 0.249966
115.2 1 0.0306072 0.000136701 0.249966
115.3 1 0.0305773 0.000135946 0.249966
115.4 1 0.0305474 0.000135191 0.249966
115.5 1 0.0305176 0.000134444 0.249966
115.6 1 0.0304878 0.000133698 0.249967
115.7 1 0.0304581 0.000132959 0.249967
115.8 1 0.0304284 0.00013222 0.249967
115.9 1 0.0303989 0.00013149 0.249967
116 1 0.0303693 0.00013076 0.249967
116.1 1 0.0303398 0.000130037 0.249968
116.2 1 0.0303104 0.000129315 0.249968
116.3 1 0.030281 0.000128601 0.249968
116.4 1 0.0302517 0.000127886 0.249968
116.5 1 0.0302225 0.00012718 0.249968
116.6 1 0.0301932 0.000126473 0.249968
116.7 1 0.0301641 0.000125775 0.249969
116.8 1 0.030135 0.000125076 0.249969
116.9 1 0.030106 0.000124385 0.249969
117 1 0.030077 0.000123694 0.249969
117.1 1 0.0300481 0.000123011 0.249969
117.2 1 0.0300192 0.000122328 0.249969
117.3 1 0.0299904 0.000121652 0.24997
117.4 1 0.0299616 0.000120976 0.24997
117.5 1 0.029933 0.000120308 0.24997
117.6 1 0.0299043 0.000119639 0.24997
117.7 1 0.0298757 0.000118979 0.24997
117.8 1 0.0298472 0.000118318 0.24997
117.9 1 0.0298187 0.000117664 0.249971
118 1 0.0297903 0.00011701 0.249971
118.1 1 0.0297619 0.000116364 0.249971
118.2 1 0.0297336 0.000115718 0.249971
118.3 1 0.0297053 0.000115078 0.249971
118.4 1 0.0296771 0.000114439 0.249971
118.5 1 0.029649 0.000113807 0.249972
118.6 1 0.0296209 0.000113175 0.249972
118.7 1 0.0295928 0.00011255 0.249972
118.8 1 0.0295648 0.000111924 0.249972
118.9 1 0.0295369 0.000111306 0.249972
119 1 0.029509 0.000110688 0.249972
119.1 1 0.0294812 0.000110076 0.249973
119.2 1 0.0294533 0.000109465 0.249973
119.3 1 0.0294256 0.00010886 0.249973
119.4 1 0.0293979 0.000108255 0.249973
119.5 1 0.0293703 0.000107657 0.249973
119.6 1 0.0293427 0.000107059 0.249973
119.7 1 0.0293152 0.000106468 0.249973
119.8 1 0.0292877 0.000105877 0.249974
119.9 1 0.0292603 0.000105292 0.249974
120 1 0.0292329 0.000104707 0.249974
120.1 1 0.0292056 0.000104128 0.249974
120.2 1 0.0291783 0.00010355 0.249974
120.3 1 0.0291511 0.000102978 0.249974
120.4 1 0.0291239 0.000102406 0.249974
120.5 1 0.0290969 0.00010184 0.249975
120.6 1 0.0290698 0.000101274 0.249975
120.7 1 0.0290428 0.000100715 0.249975
120.8 1 0.0290158 0.000100156 0.249975
120.9 1 0.0289889 9.96023e-05 0.249975
121 1 0.028962 9.9049e-05 0.249975
121.1 1 0.0289352 9.85018e-05 0.249975
121.2 1 0.0289084 9.79546e-05 0.249976
121.3 1 0.0288817 9.74135e-05 0.249976
121.4 1 0.028855 9.68724e-05 0.249976
121.5 1 0.0288284 9.63372e-05 0.249976
121.6 1 0.0288018 9.58021e-05 0.249976
121.7 1 0.0287753 9.52728e-05 0.249976
121.8 1 0.0287488 9.47436e-05 0.249976
121.9 1 0.0287224 9.42202e-05 0.249976
122 1 0.028696 9.36968e-05 0.249977
122.1 1 0.0286697 9.31792e-05 0.249977
122.2 1 0.0286434 9.26616e-05 0.249977
122.3 1 0.0286172 9.21497e-05 0.249977
122.4 1 0.028591 9.16378e-05 0.249977
122.5 1 0.0285649 9.11316e-05 0.249977
122.6 1 0.0285388 9.06253e-05 0.249977
122.7 1 0.0285128 9.01247e-05 0.249977
122.8 1 0.0284868 8.96241e-05 0.249978
122.9 1 0.0284609 8.9129e-05 0.249978
123 1 0.0284349 8.86338e-05 0.249978
123.1 1 0.0284091 8.81442e-05 0.249978
123.2 1 0.0283833 8.76546e-05 0.249978
123.3 1 0.0283576 8.71703e-05 0.249978
123.4 1 0.0283318 8.66861e-05 0.249978
123.5 1 0.0283062 8.62072e-05 0.249978
123.6 1 0.0282805 8.57283e-05 0.249979
123.7 1 0.028255 8.52547e-05 0.249979
123.8 1 0.0282294 8.47811e-05 0.249979
123.9 1 0.028204 8.43128e-05 0.249979
124 1 0.0281785 8.38444e-05 0.249979
124.1 1 0.0281532 8.33812e-05 0.249979
124.2 1 0.0281278 8.2918e-05 0.249979
124.3 1 0.0281025 8.246e-05 0.249979
124.4 1 0.0280773 8.20019e-05 0.24998
124.5 1 0.0280521 8.15489e-05 0.24998
124.6 1 0.0280269 8.10959e-05 0.24998
124.7 1 0.0280018 8.06479e-05 0.24998
124.8 1 0.0279767 8.01999e-05 0.24998
124.9 1 0.0279517 7.97568e-05 0.24998
125 1 0.0279267 7.93138e-05 0.24998
125.1 1 0.0279018 7.88756e-05 0.24998
125.2 1 0.0278769 7.84375e-05 0.24998
125.3 1 0.0278521 7.80041e-05 0.249981
125.4 1 0.0278272 7.75708e-05 0.249981
125.5 1 0.0278025 7.71423e-05 0.249981
125.6 1 0.0277778 7.67138e-05 0.249981
125.7 1 0.0277531 7.629e-05 0.249981
125.8 1 0.0277285 7.58662e-05 0.249981
125.9 1 0.0277039 7.54471e-05 0.249981
126 1 0.0276794 7.50279e-05 0.249981
126.1 1 0.0276549 7.46135e-05 0.249981
126.2 1 0.0276304 7.4199e-05 0.249981
126.3 1 0.027606 7.37891e-05 0.249982
126.4 1 0.0275816 7.33792e-05 0.249982
126.5 1 0.0275573 7.29738e-05 0.249982
126.6 1 0.027533 7.25684e-05 0.249982
126.7 1 0.0275088 7.21675e-05 0.249982
126.8 1 0.0274846 7.17666e-05 0.249982
126.9 1 0.0274605 7.13701e-05 0.249982
127 1 0.0274363 7.09737e-05 0.249982
127.1 1 0.0274123 7.05816e-05 0.249982
127.2 1 0.0273883 7.01895e-05 0.249982
127.3 1 0.0273643 6.98017e-05 0.249983
127.4 1 0.0273403 6.9414e-05 0.249983
127.5 1 0.0273165 6.90305e-05 0.249983
127.6 1 0.0272926 6.8647e-05 0.249983
127.7 1 0.0272688 6.82678e-05 0.249983
127.8 1 0.027245 6.78886e-05 0.249983
127.9 1 0.0272213 6.75135e-05 0.249983
128 1 0.0271976 6.71385e-05 0.249983
128.1 1 0.0271739 6.67676e-05 0.249983
128.2 1 0.0271503 6.63967e-05 0.249983
128.3 1 0.0271268 6.60299e-05 0.249983
128.4 1 0.0271032 6.56631e-05 0.249984
128.5 1 0.0270797 6.53003e-05 0.249984
128.6 1 0.0270563 6.49376e-05 0.249984
128.7 1 0.0270329 6.45788e-05 0.249984
128.8 1 0.0270095 6.42201e-05 0.249984
128.9 1 0.0269862 6.38653e-05 0.249984
129 1 0.0269629 6.35105e-05 0.249984
129.1 1 0.0269397 6.31597e-05 0.249984
129.2 1 0.0269165 6.28088e-05 0.249984
129.3 1 0.0268933 6.24618e-05 0.249984
129.4 1 0.0268702 6.21148e-05 0.249984
129.5 1 0.0268471 6.17717e-05 0.249985
129.6 1 0.026824 6.14285e-05 0.249985
129.7 1 0.026801 6.10892e-05 0.249985
129.8 1 0.0267781 6.07498e-05 0.249985
129.9 1 0.0267552 6.04142e-05 0.249985
130 1 0.0267322 6.00786e-05 0.249985
