4001 2
 0 0
 0.025 0.0097077
 0.05 0.0188183
 0.075 0.0274314
 0.1 0.0356274
 0.125 0.043471
 0.15 0.0510148
 0.175 0.0583019
 0.2 0.0653675
 0.225 0.0722408
 0.25 0.078946
 0.275 0.0855033
 0.3 0.0919296
 0.325 0.0982393
 0.35 0.104444
 0.375 0.110555
 0.4 0.116581
 0.425 0.122529
 0.45 0.128405
 0.475 0.134216
 0.5 0.139967
 0.525 0.145662
 0.55 0.151305
 0.575 0.156899
 0.6 0.162447
 0.625 0.167952
 0.65 0.173417
 0.675 0.178844
 0.7 0.184234
 0.725 0.189589
 0.75 0.194912
 0.775 0.200203
 0.8 0.205463
 0.825 0.210695
 0.85 0.215899
 0.875 0.221077
 0.9 0.226228
 0.925 0.231355
 0.95 0.236458
 0.975 0.241538
 1 0.246595
 1.025 0.251631
 1.05 0.256645
 1.075 0.261639
 1.1 0.266612
 1.125 0.271565
 1.15 0.2765
 1.175 0.281416
 1.2 0.286313
 1.225 0.291193
 1.25 0.296054
 1.275 0.300899
 1.3 0.305727
 1.325 0.310538
 1.35 0.315333
 1.375 0.320113
 1.4 0.324876
 1.425 0.329624
 1.45 0.334357
 1.475 0.339075
 1.5 0.343778
 1.525 0.348467
 1.55 0.353142
 1.575 0.357803
 1.6 0.362449
 1.625 0.367083
 1.65 0.371703
 1.675 0.376309
 1.7 0.380903
 1.725 0.385483
 1.75 0.390051
 1.775 0.394607
 1.8 0.39915
 1.825 0.403681
 1.85 0.408199
 1.875 0.412706
 1.9 0.417202
 1.925 0.421686
 1.95 0.426159
 1.975 0.43062
 2 0.435071
 2.025 0.43951
 2.05 0.443939
 2.075 0.448358
 2.1 0.452766
 2.125 0.457163
 2.15 0.46155
 2.175 0.465927
 2.2 0.470294
 2.225 0.474651
 2.25 0.478998
 2.275 0.483335
 2.3 0.487663
 2.325 0.491981
 2.35 0.496289
 2.375 0.500589
 2.4 0.504879
 2.425 0.50916
 2.45 0.513431
 2.475 0.517694
 2.5 0.521948
 2.525 0.526193
 2.55 0.530429
 2.575 0.534657
 2.6 0.538876
 2.625 0.543087
 2.65 0.547289
 2.675 0.551483
 2.7 0.555668
 2.725 0.559846
 2.75 0.564015
 2.775 0.568176
 2.8 0.572329
 2.825 0.576475
 2.85 0.580612
 2.875 0.584742
 2.9 0.588864
 2.925 0.592979
 2.95 0.597086
 2.975 0.601185
 3 0.605278
 3.025 0.609363
 3.05 0.613441
 3.075 0.617511
 3.1 0.621575
 3.125 0.625633
 3.15 0.629683
 3.175 0.633727
 3.2 0.637764
 3.225 0.641794
 3.25 0.645818
 3.275 0.649836
 3.3 0.653847
 3.325 0.657852
 3.35 0.66185
 3.375 0.665842
 3.4 0.669828
 3.425 0.673808
 3.45 0.677782
 3.475 0.68175
 3.5 0.685712
 3.525 0.689667
 3.55 0.693617
 3.575 0.697562
 3.6 0.7015
 3.625 0.705433
 3.65 0.70936
 3.675 0.713282
 3.7 0.717198
 3.725 0.721108
 3.75 0.725013
 3.775 0.728913
 3.8 0.732807
 3.825 0.736696
 3.85 0.740579
 3.875 0.744458
 3.9 0.748331
 3.925 0.752199
 3.95 0.756062
 3.975 0.75992
 4 0.763773
 4.025 0.767621
 4.05 0.771464
 4.075 0.775302
 4.1 0.779135
 4.125 0.782963
 4.15 0.786787
 4.175 0.790606
 4.2 0.79442
 4.225 0.79823
 4.25 0.802035
 4.275 0.805835
 4.3 0.809631
 4.325 0.813423
 4.35 0.81721
 4.375 0.820994
 4.4 0.824773
 4.425 0.828548
 4.45 0.832319
 4.475 0.836086
 4.5 0.839849
 4.525 0.843609
 4.55 0.847364
 4.575 0.851115
 4.6 0.854863
 4.625 0.858606
 4.65 0.862346
 4.675 0.866082
 4.7 0.869814
 4.725 0.873543
 4.75 0.877268
 4.775 0.880989
 4.8 0.884707
 4.825 0.888421
 4.85 0.892132
 4.875 0.895839
 4.9 0.899543
 4.925 0.903243
 4.95 0.90694
 4.975 0.910634
 5 0.914324
 5.025 0.918011
 5.05 0.921695
 5.075 0.925375
 5.1 0.929052
 5.125 0.932726
 5.15 0.936397
 5.175 0.940065
 5.2 0.94373
 5.225 0.947391
 5.25 0.95105
 5.275 0.954705
 5.3 0.958357
 5.325 0.962007
 5.35 0.965653
 5.375 0.969297
 5.4 0.972938
 5.425 0.976575
 5.45 0.98021
 5.475 0.983842
 5.5 0.987472
 5.525 0.991098
 5.55 0.994722
 5.575 0.998343
 5.6 1.00196
 5.625 1.00558
 5.65 1.00919
 5.675 1.0128
 5.7 1.01641
 5.725 1.02002
 5.75 1.02362
 5.775 1.02722
 5.8 1.03082
 5.825 1.03442
 5.85 1.03801
 5.875 1.0416
 5.9 1.04519
 5.925 1.04878
 5.95 1.05237
 5.975 1.05595
 6 1.05953
 6.025 1.06311
 6.05 1.06669
 6.075 1.07027
 6.1 1.07384
 6.125 1.07741
 6.15 1.08098
 6.175 1.08455
 6.2 1.08812
 6.225 1.09168
 6.25 1.09524
 6.275 1.0988
 6.3 1.10236
 6.325 1.10592
 6.35 1.10947
 6.375 1.11302
 6.4 1.11657
 6.425 1.12012
 6.45 1.12367
 6.475 1.12722
 6.5 1.13076
 6.525 1.1343
 6.55 1.13784
 6.575 1.14138
 6.6 1.14492
 6.625 1.14845
 6.65 1.15199
 6.675 1.15552
 6.7 1.15905
 6.725 1.16258
 6.75 1.16611
 6.775 1.16964
 6.8 1.17316
 6.825 1.17668
 6.85 1.1802
 6.875 1.18373
 6.9 1.18724
 6.925 1.19076
 6.95 1.19428
 6.975 1.19779
 7 1.2013
 7.025 1.20482
 7.05 1.20833
 7.075 1.21184
 7.1 1.21535
 7.125 1.21885
 7.15 1.22236
 7.175 1.22586
 7.2 1.22937
 7.225 1.23287
 7.25 1.23637
 7.275 1.23987
 7.3 1.24338
 7.325 1.24687
 7.35 1.25037
 7.375 1.25387
 7.4 1.25737
 7.425 1.26086
 7.45 1.26436
 7.475 1.26785
 7.5 1.27134
 7.525 1.27484
 7.55 1.27833
 7.575 1.28182
 7.6 1.28531
 7.625 1.2888
 7.65 1.29228
 7.675 1.29577
 7.7 1.29926
 7.725 1.30274
 7.75 1.30623
 7.775 1.30971
 7.8 1.3132
 7.825 1.31668
 7.85 1.32016
 7.875 1.32364
 7.9 1.32712
 7.925 1.3306
 7.95 1.33408
 7.975 1.33756
 8 1.34104
 8.025 1.34452
 8.05 1.34799
 8.075 1.35147
 8.1 1.35495
 8.125 1.35842
 8.15 1.3619
 8.175 1.36537
 8.2 1.36884
 8.225 1.37232
 8.25 1.37579
 8.275 1.37926
 8.3 1.38273
 8.325 1.3862
 8.35 1.38967
 8.375 1.39314
 8.4 1.39661
 8.425 1.40008
 8.45 1.40355
 8.475 1.40702
 8.5 1.41049
 8.525 1.41396
 8.55 1.41742
 8.575 1.42089
 8.6 1.42436
 8.625 1.42783
 8.65 1.43129
 8.675 1.43476
 8.7 1.43823
 8.725 1.4417
 8.75 1.44516
 8.775 1.44863
 8.8 1.4521
 8.825 1.45556
 8.85 1.45903
 8.875 1.4625
 8.9 1.46596
 8.925 1.46943
 8.95 1.4729
 8.975 1.47636
 9 1.47983
 9.025 1.4833
 9.05 1.48676
 9.075 1.49023
 9.1 1.4937
 9.125 1.49716
 9.15 1.50063
 9.175 1.5041
 9.2 1.50757
 9.225 1.51103
 9.25 1.5145
 9.275 1.51797
 9.3 1.52143
 9.325 1.5249
 9.35 1.52837
 9.375 1.53184
 9.4 1.53531
 9.425 1.53877
 9.45 1.54224
 9.475 1.54571
 9.5 1.54918
 9.525 1.55265
 9.55 1.55612
 9.575 1.55959
 9.6 1.56305
 9.625 1.56652
 9.65 1.56999
 9.675 1.57346
 9.7 1.57693
 9.725 1.5804
 9.75 1.58387
 9.775 1.58735
 9.8 1.59082
 9.825 1.59429
 9.85 1.59776
 9.875 1.60123
 9.9 1.6047
 9.925 1.60818
 9.95 1.61165
 9.975 1.61512
 10 1.6186
 10.025 1.62207
 10.05 1.62555
 10.075 1.62902
 10.1 1.6325
 10.125 1.63598
 10.15 1.63945
 10.175 1.64293
 10.2 1.64641
 10.225 1.64989
 10.25 1.65337
 10.275 1.65685
 10.3 1.66033
 10.325 1.66382
 10.35 1.6673
 10.375 1.67078
 10.4 1.67427
 10.425 1.67775
 10.45 1.68124
 10.475 1.68472
 10.5 1.68821
 10.525 1.6917
 10.55 1.69518
 10.575 1.69867
 10.6 1.70216
 10.625 1.70565
 10.65 1.70914
 10.675 1.71264
 10.7 1.71613
 10.725 1.71962
 10.75 1.72312
 10.775 1.72661
 10.8 1.73011
 10.825 1.7336
 10.85 1.7371
 10.875 1.7406
 10.9 1.7441
 10.925 1.74759
 10.95 1.75109
 10.975 1.7546
 11 1.7581
 11.025 1.7616
 11.05 1.7651
 11.075 1.76861
 11.1 1.77211
 11.125 1.77562
 11.15 1.77912
 11.175 1.78263
 11.2 1.78614
 11.225 1.78965
 11.25 1.79316
 11.275 1.79667
 11.3 1.80018
 11.325 1.80369
 11.35 1.80721
 11.375 1.81072
 11.4 1.81424
 11.425 1.81776
 11.45 1.82127
 11.475 1.82479
 11.5 1.82831
 11.525 1.83183
 11.55 1.83536
 11.575 1.83888
 11.6 1.84241
 11.625 1.84593
 11.65 1.84946
 11.675 1.85299
 11.7 1.85652
 11.725 1.86005
 11.75 1.86358
 11.775 1.86712
 11.8 1.87065
 11.825 1.87419
 11.85 1.87773
 11.875 1.88127
 11.9 1.88481
 11.925 1.88835
 11.95 1.89189
 11.975 1.89543
 12 1.89898
 12.025 1.90252
 12.05 1.90607
 12.075 1.90962
 12.1 1.91317
 12.125 1.91672
 12.15 1.92028
 12.175 1.92383
 12.2 1.92738
 12.225 1.93094
 12.25 1.9345
 12.275 1.93806
 12.3 1.94162
 12.325 1.94518
 12.35 1.94875
 12.375 1.95231
 12.4 1.95588
 12.425 1.95944
 12.45 1.96301
 12.475 1.96658
 12.5 1.97015
 12.525 1.97373
 12.55 1.9773
 12.575 1.98088
 12.6 1.98445
 12.625 1.98803
 12.65 1.99161
 12.675 1.99519
 12.7 1.99878
 12.725 2.00236
 12.75 2.00594
 12.775 2.00953
 12.8 2.01312
 12.825 2.01671
 12.85 2.0203
 12.875 2.0239
 12.9 2.02749
 12.925 2.03109
 12.95 2.03469
 12.975 2.03829
 13 2.04189
 13.025 2.0455
 13.05 2.0491
 13.075 2.05271
 13.1 2.05632
 13.125 2.05993
 13.15 2.06355
 13.175 2.06716
 13.2 2.07078
 13.225 2.0744
 13.25 2.07802
 13.275 2.08164
 13.3 2.08527
 13.325 2.08889
 13.35 2.09252
 13.375 2.09615
 13.4 2.09978
 13.425 2.10341
 13.45 2.10705
 13.475 2.11068
 13.5 2.11432
 13.525 2.11796
 13.55 2.12161
 13.575 2.12525
 13.6 2.1289
 13.625 2.13254
 13.65 2.13619
 13.675 2.13985
 13.7 2.1435
 13.725 2.14715
 13.75 2.15081
 13.775 2.15447
 13.8 2.15813
 13.825 2.1618
 13.85 2.16546
 13.875 2.16913
 13.9 2.1728
 13.925 2.17647
 13.95 2.18014
 13.975 2.18381
 14 2.18749
 14.025 2.19117
 14.05 2.19485
 14.075 2.19853
 14.1 2.20222
 14.125 2.2059
 14.15 2.20959
 14.175 2.21328
 14.2 2.21697
 14.225 2.22067
 14.25 2.22437
 14.275 2.22807
 14.3 2.23177
 14.325 2.23547
 14.35 2.23918
 14.375 2.24289
 14.4 2.2466
 14.425 2.25031
 14.45 2.25403
 14.475 2.25775
 14.5 2.26147
 14.525 2.26519
 14.55 2.26892
 14.575 2.27265
 14.6 2.27638
 14.625 2.28011
 14.65 2.28385
 14.675 2.28758
 14.7 2.29132
 14.725 2.29506
 14.75 2.29881
 14.775 2.30256
 14.8 2.30631
 14.825 2.31006
 14.85 2.31381
 14.875 2.31757
 14.9 2.32133
 14.925 2.32509
 14.95 2.32885
 14.975 2.33262
 15 2.33639
 15.025 2.34016
 15.05 2.34393
 15.075 2.34771
 15.1 2.35149
 15.125 2.35527
 15.15 2.35905
 15.175 2.36284
 15.2 2.36663
 15.225 2.37042
 15.25 2.37421
 15.275 2.37801
 15.3 2.3818
 15.325 2.38561
 15.35 2.38941
 15.375 2.39321
 15.4 2.39702
 15.425 2.40083
 15.45 2.40465
 15.475 2.40846
 15.5 2.41228
 15.525 2.4161
 15.55 2.41993
 15.575 2.42376
 15.6 2.42759
 15.625 2.43142
 15.65 2.43526
 15.675 2.4391
 15.7 2.44294
 15.725 2.44679
 15.75 2.45064
 15.775 2.45449
 15.8 2.45834
 15.825 2.4622
 15.85 2.46606
 15.875 2.46992
 15.9 2.47379
 15.925 2.47766
 15.95 2.48153
 15.975 2.48541
 16 2.48929
 16.025 2.49317
 16.05 2.49705
 16.075 2.50094
 16.1 2.50483
 16.125 2.50872
 16.15 2.51262
 16.175 2.51652
 16.2 2.52042
 16.225 2.52433
 16.25 2.52823
 16.275 2.53215
 16.3 2.53606
 16.325 2.53998
 16.35 2.5439
 16.375 2.54782
 16.4 2.55175
 16.425 2.55568
 16.45 2.55961
 16.475 2.56355
 16.5 2.56749
 16.525 2.57143
 16.55 2.57538
 16.575 2.57933
 16.6 2.58328
 16.625 2.58724
 16.65 2.5912
 16.675 2.59516
 16.7 2.59912
 16.725 2.60309
 16.75 2.60706
 16.775 2.61104
 16.8 2.61501
 16.825 2.619
 16.85 2.62298
 16.875 2.62697
 16.9 2.63096
 16.925 2.63496
 16.95 2.63896
 16.975 2.64297
 17 2.64697
 17.025 2.65098
 17.05 2.655
 17.075 2.65902
 17.1 2.66304
 17.125 2.66707
 17.15 2.6711
 17.175 2.67513
 17.2 2.67917
 17.225 2.68321
 17.25 2.68725
 17.275 2.6913
 17.3 2.69535
 17.325 2.69941
 17.35 2.70347
 17.375 2.70753
 17.4 2.7116
 17.425 2.71567
 17.45 2.71974
 17.475 2.72382
 17.5 2.7279
 17.525 2.73199
 17.55 2.73608
 17.575 2.74017
 17.6 2.74427
 17.625 2.74837
 17.65 2.75247
 17.675 2.75658
 17.7 2.76069
 17.725 2.76481
 17.75 2.76893
 17.775 2.77305
 17.8 2.77718
 17.825 2.78131
 17.85 2.78545
 17.875 2.78959
 17.9 2.79373
 17.925 2.79788
 17.95 2.80203
 17.975 2.80619
 18 2.81035
 18.025 2.81451
 18.05 2.81868
 18.075 2.82285
 18.1 2.82703
 18.125 2.83121
 18.15 2.8354
 18.175 2.83959
 18.2 2.84378
 18.225 2.84798
 18.25 2.85219
 18.275 2.8564
 18.3 2.86061
 18.325 2.86483
 18.35 2.86905
 18.375 2.87328
 18.4 2.87751
 18.425 2.88174
 18.45 2.88598
 18.475 2.89023
 18.5 2.89448
 18.525 2.89873
 18.55 2.90299
 18.575 2.90725
 18.6 2.91152
 18.625 2.91579
 18.65 2.92007
 18.675 2.92435
 18.7 2.92864
 18.725 2.93293
 18.75 2.93722
 18.775 2.94152
 18.8 2.94583
 18.825 2.95014
 18.85 2.95445
 18.875 2.95877
 18.9 2.96309
 18.925 2.96742
 18.95 2.97175
 18.975 2.97609
 19 2.98043
 19.025 2.98478
 19.05 2.98913
 19.075 2.99349
 19.1 2.99785
 19.125 3.00222
 19.15 3.00659
 19.175 3.01096
 19.2 3.01535
 19.225 3.01973
 19.25 3.02412
 19.275 3.02852
 19.3 3.03293
 19.325 3.03733
 19.35 3.04175
 19.375 3.04617
 19.4 3.05059
 19.425 3.05502
 19.45 3.05946
 19.475 3.0639
 19.5 3.06835
 19.525 3.0728
 19.55 3.07726
 19.575 3.08172
 19.6 3.08619
 19.625 3.09067
 19.65 3.09515
 19.675 3.09963
 19.7 3.10412
 19.725 3.10862
 19.75 3.11312
 19.775 3.11763
 19.8 3.12214
 19.825 3.12666
 19.85 3.13118
 19.875 3.13571
 19.9 3.14025
 19.925 3.14479
 19.95 3.14934
 19.975 3.15389
 20 3.15845
 20.025 3.16301
 20.05 3.16758
 20.075 3.17216
 20.1 3.17674
 20.125 3.18133
 20.15 3.18592
 20.175 3.19052
 20.2 3.19512
 20.225 3.19973
 20.25 3.20435
 20.275 3.20897
 20.3 3.2136
 20.325 3.21824
 20.35 3.22288
 20.375 3.22753
 20.4 3.23218
 20.425 3.23684
 20.45 3.24151
 20.475 3.24619
 20.5 3.25087
 20.525 3.25556
 20.55 3.26025
 20.575 3.26495
 20.6 3.26966
 20.625 3.27437
 20.65 3.27909
 20.675 3.28382
 20.7 3.28856
 20.725 3.2933
 20.75 3.29805
 20.775 3.3028
 20.8 3.30756
 20.825 3.31233
 20.85 3.3171
 20.875 3.32188
 20.9 3.32667
 20.925 3.33147
 20.95 3.33627
 20.975 3.34108
 21 3.34589
 21.025 3.35071
 21.05 3.35554
 21.075 3.36038
 21.1 3.36522
 21.125 3.37007
 21.15 3.37493
 21.175 3.37979
 21.2 3.38466
 21.225 3.38954
 21.25 3.39443
 21.275 3.39932
 21.3 3.40422
 21.325 3.40912
 21.35 3.41404
 21.375 3.41896
 21.4 3.42389
 21.425 3.42883
 21.45 3.43377
 21.475 3.43873
 21.5 3.44369
 21.525 3.44866
 21.55 3.45364
 21.575 3.45862
 21.6 3.46361
 21.625 3.46862
 21.65 3.47363
 21.675 3.47864
 21.7 3.48367
 21.725 3.4887
 21.75 3.49374
 21.775 3.49879
 21.8 3.50385
 21.825 3.50892
 21.85 3.51399
 21.875 3.51907
 21.9 3.52416
 21.925 3.52926
 21.95 3.53437
 21.975 3.53948
 22 3.54461
 22.025 3.54974
 22.05 3.55488
 22.075 3.56002
 22.1 3.56518
 22.125 3.57035
 22.15 3.57552
 22.175 3.5807
 22.2 3.58589
 22.225 3.59109
 22.25 3.5963
 22.275 3.60151
 22.3 3.60674
 22.325 3.61197
 22.35 3.61722
 22.375 3.62247
 22.4 3.62773
 22.425 3.633
 22.45 3.63828
 22.475 3.64357
 22.5 3.64887
 22.525 3.65418
 22.55 3.6595
 22.575 3.66483
 22.6 3.67017
 22.625 3.67552
 22.65 3.68087
 22.675 3.68624
 22.7 3.69162
 22.725 3.69701
 22.75 3.7024
 22.775 3.70781
 22.8 3.71323
 22.825 3.71865
 22.85 3.72409
 22.875 3.72953
 22.9 3.73499
 22.925 3.74045
 22.95 3.74593
 22.975 3.75142
 23 3.75691
 23.025 3.76242
 23.05 3.76793
 23.075 3.77346
 23.1 3.779
 23.125 3.78454
 23.15 3.7901
 23.175 3.79567
 23.2 3.80124
 23.225 3.80683
 23.25 3.81243
 23.275 3.81804
 23.3 3.82366
 23.325 3.82929
 23.35 3.83494
 23.375 3.84059
 23.4 3.84626
 23.425 3.85194
 23.45 3.85763
 23.475 3.86333
 23.5 3.86904
 23.525 3.87477
 23.55 3.88051
 23.575 3.88625
 23.6 3.89201
 23.625 3.89779
 23.65 3.90357
 23.675 3.90937
 23.7 3.91517
 23.725 3.92099
 23.75 3.92682
 23.775 3.93266
 23.8 3.93852
 23.825 3.94439
 23.85 3.95026
 23.875 3.95615
 23.9 3.96206
 23.925 3.96797
 23.95 3.9739
 23.975 3.97984
 24 3.98579
 24.025 3.99176
 24.05 3.99773
 24.075 4.00372
 24.1 4.00972
 24.125 4.01574
 24.15 4.02177
 24.175 4.02781
 24.2 4.03387
 24.225 4.03994
 24.25 4.04602
 24.275 4.05212
 24.3 4.05823
 24.325 4.06436
 24.35 4.0705
 24.375 4.07665
 24.4 4.08282
 24.425 4.089
 24.45 4.0952
 24.475 4.10141
 24.5 4.10763
 24.525 4.11387
 24.55 4.12012
 24.575 4.12639
 24.6 4.13267
 24.625 4.13897
 24.65 4.14528
 24.675 4.1516
 24.7 4.15794
 24.725 4.16429
 24.75 4.17066
 24.775 4.17704
 24.8 4.18344
 24.825 4.18986
 24.85 4.19628
 24.875 4.20273
 24.9 4.20919
 24.925 4.21566
 24.95 4.22215
 24.975 4.22866
 25 4.23518
 25.025 4.24172
 25.05 4.24828
 25.075 4.25485
 25.1 4.26144
 25.125 4.26805
 25.15 4.27467
 25.175 4.28131
 25.2 4.28797
 25.225 4.29464
 25.25 4.30133
 25.275 4.30804
 25.3 4.31477
 25.325 4.32151
 25.35 4.32827
 25.375 4.33505
 25.4 4.34184
 25.425 4.34866
 25.45 4.35549
 25.475 4.36233
 25.5 4.3692
 25.525 4.37608
 25.55 4.38298
 25.575 4.3899
 25.6 4.39683
 25.625 4.40379
 25.65 4.41076
 25.675 4.41775
 25.7 4.42476
 25.725 4.4318
 25.75 4.43885
 25.775 4.44592
 25.8 4.45301
 25.825 4.46012
 25.85 4.46725
 25.875 4.4744
 25.9 4.48157
 25.925 4.48877
 25.95 4.49598
 25.975 4.50321
 26 4.51047
 26.025 4.51774
 26.05 4.52504
 26.075 4.53235
 26.1 4.53969
 26.125 4.54705
 26.15 4.55443
 26.175 4.56183
 26.2 4.56925
 26.225 4.57669
 26.25 4.58416
 26.275 4.59164
 26.3 4.59915
 26.325 4.60668
 26.35 4.61423
 26.375 4.6218
 26.4 4.6294
 26.425 4.63702
 26.45 4.64467
 26.475 4.65234
 26.5 4.66003
 26.525 4.66775
 26.55 4.67549
 26.575 4.68326
 26.6 4.69105
 26.625 4.69887
 26.65 4.70671
 26.675 4.71458
 26.7 4.72247
 26.725 4.73038
 26.75 4.73832
 26.775 4.74629
 26.8 4.75428
 26.825 4.7623
 26.85 4.77034
 26.875 4.77841
 26.9 4.7865
 26.925 4.79462
 26.95 4.80277
 26.975 4.81094
 27 4.81914
 27.025 4.82737
 27.05 4.83562
 27.075 4.84391
 27.1 4.85222
 27.125 4.86056
 27.15 4.86893
 27.175 4.87733
 27.2 4.88576
 27.225 4.89422
 27.25 4.90271
 27.275 4.91123
 27.3 4.91978
 27.325 4.92836
 27.35 4.93697
 27.375 4.94561
 27.4 4.95428
 27.425 4.96298
 27.45 4.97171
 27.475 4.98047
 27.5 4.98927
 27.525 4.99809
 27.55 5.00695
 27.575 5.01584
 27.6 5.02476
 27.625 5.03371
 27.65 5.0427
 27.675 5.05172
 27.7 5.06078
 27.725 5.06987
 27.75 5.079
 27.775 5.08817
 27.8 5.09737
 27.825 5.1066
 27.85 5.11587
 27.875 5.12518
 27.9 5.13452
 27.925 5.1439
 27.95 5.15332
 27.975 5.16277
 28 5.17226
 28.025 5.18179
 28.05 5.19135
 28.075 5.20096
 28.1 5.21059
 28.125 5.22027
 28.15 5.22999
 28.175 5.23975
 28.2 5.24955
 28.225 5.25939
 28.25 5.26928
 28.275 5.2792
 28.3 5.28917
 28.325 5.29918
 28.35 5.30923
 28.375 5.31933
 28.4 5.32947
 28.425 5.33966
 28.45 5.34988
 28.475 5.36016
 28.5 5.37047
 28.525 5.38083
 28.55 5.39124
 28.575 5.40169
 28.6 5.41218
 28.625 5.42273
 28.65 5.43332
 28.675 5.44396
 28.7 5.45464
 28.725 5.46538
 28.75 5.47617
 28.775 5.48701
 28.8 5.4979
 28.825 5.50884
 28.85 5.51984
 28.875 5.53088
 28.9 5.54198
 28.925 5.55313
 28.95 5.56433
 28.975 5.57559
 29 5.5869
 29.025 5.59827
 29.05 5.60968
 29.075 5.62116
 29.1 5.63269
 29.125 5.64428
 29.15 5.65593
 29.175 5.66763
 29.2 5.6794
 29.225 5.69123
 29.25 5.70312
 29.275 5.71507
 29.3 5.72708
 29.325 5.73916
 29.35 5.7513
 29.375 5.7635
 29.4 5.77577
 29.425 5.7881
 29.45 5.80049
 29.475 5.81295
 29.5 5.82548
 29.525 5.83807
 29.55 5.85074
 29.575 5.86347
 29.6 5.87628
 29.625 5.88916
 29.65 5.90211
 29.675 5.91514
 29.7 5.92824
 29.725 5.94142
 29.75 5.95467
 29.775 5.96799
 29.8 5.9814
 29.825 5.99488
 29.85 6.00843
 29.875 6.02207
 29.9 6.03579
 29.925 6.04959
 29.95 6.06347
 29.975 6.07744
 30 6.0915
 30.025 6.10564
 30.05 6.11987
 30.075 6.13419
 30.1 6.1486
 30.125 6.1631
 30.15 6.17769
 30.175 6.19238
 30.2 6.20715
 30.225 6.22202
 30.25 6.23699
 30.275 6.25205
 30.3 6.26722
 30.325 6.28249
 30.35 6.29786
 30.375 6.31333
 30.4 6.32891
 30.425 6.34459
 30.45 6.36039
 30.475 6.37629
 30.5 6.3923
 30.525 6.40842
 30.55 6.42465
 30.575 6.441
 30.6 6.45747
 30.625 6.47406
 30.65 6.49076
 30.675 6.5076
 30.7 6.52455
 30.725 6.54163
 30.75 6.55884
 30.775 6.57618
 30.8 6.59365
 30.825 6.61125
 30.85 6.62898
 30.875 6.64685
 30.9 6.66486
 30.925 6.68302
 30.95 6.70132
 30.975 6.71977
 31 6.73836
 31.025 6.75711
 31.05 6.77601
 31.075 6.79506
 31.1 6.81427
 31.125 6.83364
 31.15 6.85318
 31.175 6.87288
 31.2 6.89275
 31.225 6.9128
 31.25 6.93302
 31.275 6.95342
 31.3 6.974
 31.325 6.99476
 31.35 7.01571
 31.375 7.03684
 31.4 7.05817
 31.425 7.0797
 31.45 7.10144
 31.475 7.12337
 31.5 7.14552
 31.525 7.16788
 31.55 7.19046
 31.575 7.21325
 31.6 7.23626
 31.625 7.25951
 31.65 7.28299
 31.675 7.30671
 31.7 7.33067
 31.725 7.35488
 31.75 7.37934
 31.775 7.40406
 31.8 7.42903
 31.825 7.45428
 31.85 7.4798
 31.875 7.5056
 31.9 7.53169
 31.925 7.55806
 31.95 7.58474
 31.975 7.61172
 32 7.639
 32.025 7.6666
 32.05 7.69453
 32.075 7.72279
 32.1 7.75139
 32.125 7.78034
 32.15 7.80964
 32.175 7.8393
 32.2 7.86934
 32.225 7.89975
 32.25 7.93056
 32.275 7.96177
 32.3 7.99339
 32.325 8.02542
 32.35 8.05788
 32.375 8.09079
 32.4 8.12415
 32.425 8.15797
 32.45 8.19227
 32.475 8.22706
 32.5 8.26235
 32.525 8.29815
 32.55 8.33449
 32.575 8.37138
 32.6 8.40882
 32.625 8.44684
 32.65 8.48545
 32.675 8.52467
 32.7 8.56452
 32.725 8.60502
 32.75 8.64618
 32.775 8.68804
 32.8 8.7306
 32.825 8.7739
 32.85 8.81795
 32.875 8.86277
 32.9 8.90841
 32.925 8.95488
 32.95 9.00221
 32.975 9.05043
 33 9.09957
 33.025 9.14967
 33.05 9.20075
 33.075 9.25286
 33.1 9.30603
 33.125 9.36031
 33.15 9.41573
 33.175 9.47234
 33.2 9.53019
 33.225 9.58932
 33.25 9.6498
 33.275 9.71166
 33.3 9.77499
 33.325 9.83983
 33.35 9.90625
 33.375 9.97433
 33.4 10.0441
 33.425 10.1158
 33.45 10.1893
 33.475 10.2648
 33.5 10.3423
 33.525 10.4221
 33.55 10.5042
 33.575 10.5887
 33.6 10.6757
 33.625 10.7654
 33.65 10.858
 33.675 10.9536
 33.7 11.0523
 33.725 11.1544
 33.75 11.2601
 33.775 11.3696
 33.8 11.4831
 33.825 11.6009
 33.85 11.7233
 33.875 11.8506
 33.9 11.9832
 33.925 12.1214
 33.95 12.2657
 33.975 12.4165
 34 12.5744
 34.025 12.74
 34.05 12.9138
 34.075 13.0967
 34.1 13.2894
 34.125 13.4929
 34.15 13.7082
 34.175 13.9366
 34.2 14.1792
 34.225 14.4378
 34.25 14.7141
 34.275 15.0102
 34.3 15.3285
 34.325 15.6718
 34.35 16.0434
 34.375 16.4472
 34.4 16.888
 34.425 17.3713
 34.45 17.9038
 34.475 18.4939
 34.5 19.1514
 34.525 19.8886
 34.55 20.721
 34.575 21.6672
 34.6 22.751
 34.625 24.0017
 34.65 25.4554
 34.675 27.1559
 34.7 29.1546
 34.725 31.5065
 34.75 34.2614
 34.775 37.4435
 34.8 41.0201
 34.825 44.8766
 34.85 48.8286
 34.875 52.673
 34.9 56.2365
 34.925 59.4021
 34.95 62.1116
 34.975 64.3543
 35 66.1497
 35.025 67.5326
 35.05 68.5432
 35.075 69.2211
 35.1 69.6035
 35.125 69.7249
 35.15 69.6166
 35.175 69.3075
 35.2 68.8244
 35.225 68.1918
 35.25 67.4327
 35.275 66.5681
 35.3 65.6173
 35.325 64.5981
 35.35 63.5267
 35.375 62.418
 35.4 61.2853
 35.425 60.1407
 35.45 58.995
 35.475 57.8574
 35.5 56.736
 35.525 55.6373
 35.55 54.5665
 35.575 53.5276
 35.6 52.5232
 35.625 51.5549
 35.65 50.6234
 35.675 49.7284
 35.7 48.8693
 35.725 48.0449
 35.75 47.2536
 35.775 46.4938
 35.8 45.7634
 35.825 45.0604
 35.85 44.3826
 35.875 43.7279
 35.9 43.0945
 35.925 42.4802
 35.95 41.8833
 35.975 41.3022
 36 40.7355
 36.025 40.1819
 36.05 39.6403
 36.075 39.1099
 36.1 38.5897
 36.125 38.079
 36.15 37.5774
 36.175 37.0842
 36.2 36.5991
 36.225 36.1218
 36.25 35.6519
 36.275 35.1893
 36.3 34.7337
 36.325 34.285
 36.35 33.843
 36.375 33.4077
 36.4 32.9789
 36.425 32.5567
 36.45 32.1408
 36.475 31.7312
 36.5 31.3279
 36.525 30.9309
 36.55 30.5399
 36.575 30.1551
 36.6 29.7763
 36.625 29.4034
 36.65 29.0364
 36.675 28.6752
 36.7 28.3197
 36.725 27.9699
 36.75 27.6257
 36.775 27.287
 36.8 26.9537
 36.825 26.6257
 36.85 26.3031
 36.875 25.9856
 36.9 25.6732
 36.925 25.3659
 36.95 25.0635
 36.975 24.7661
 37 24.4734
 37.025 24.1855
 37.05 23.9022
 37.075 23.6235
 37.1 23.3494
 37.125 23.0798
 37.15 22.8145
 37.175 22.5537
 37.2 22.2971
 37.225 22.0448
 37.25 21.7966
 37.275 21.5526
 37.3 21.3127
 37.325 21.0769
 37.35 20.845
 37.375 20.6171
 37.4 20.3932
 37.425 20.1731
 37.45 19.9568
 37.475 19.7444
 37.5 19.5357
 37.525 19.3308
 37.55 19.1296
 37.575 18.932
 37.6 18.7381
 37.625 18.5477
 37.65 18.3609
 37.675 18.1777
 37.7 17.998
 37.725 17.8217
 37.75 17.6489
 37.775 17.4794
 37.8 17.3134
 37.825 17.1506
 37.85 16.9912
 37.875 16.8351
 37.9 16.6822
 37.925 16.5325
 37.95 16.3859
 37.975 16.2426
 38 16.1023
 38.025 15.9651
 38.05 15.8309
 38.075 15.6997
 38.1 15.5715
 38.125 15.4462
 38.15 15.3238
 38.175 15.2042
 38.2 15.0875
 38.225 14.9736
 38.25 14.8624
 38.275 14.754
 38.3 14.6482
 38.325 14.5451
 38.35 14.4445
 38.375 14.3466
 38.4 14.2512
 38.425 14.1584
 38.45 14.068
 38.475 13.98
 38.5 13.8945
 38.525 13.8114
 38.55 13.7306
 38.575 13.6522
 38.6 13.5761
 38.625 13.5023
 38.65 13.4307
 38.675 13.3613
 38.7 13.2941
 38.725 13.2291
 38.75 13.1663
 38.775 13.1056
 38.8 13.0471
 38.825 12.9906
 38.85 12.9362
 38.875 12.8838
 38.9 12.8335
 38.925 12.7853
 38.95 12.7391
 38.975 12.6948
 39 12.6526
 39.025 12.6123
 39.05 12.5741
 39.075 12.5378
 39.1 12.5034
 39.125 12.4711
 39.15 12.4407
 39.175 12.4122
 39.2 12.3857
 39.225 12.3612
 39.25 12.3386
 39.275 12.318
 39.3 12.2994
 39.325 12.2827
 39.35 12.268
 39.375 12.2553
 39.4 12.2446
 39.425 12.236
 39.45 12.2293
 39.475 12.2247
 39.5 12.2222
 39.525 12.2218
 39.55 12.2234
 39.575 12.2272
 39.6 12.2331
 39.625 12.2412
 39.65 12.2515
 39.675 12.264
 39.7 12.2788
 39.725 12.2959
 39.75 12.3153
 39.775 12.3371
 39.8 12.3613
 39.825 12.3879
 39.85 12.417
 39.875 12.4487
 39.9 12.4829
 39.925 12.5198
 39.95 12.5594
 39.975 12.6017
 40 12.6469
 40.025 12.6949
 40.05 12.7459
 40.075 12.7998
 40.1 12.8569
 40.125 12.9172
 40.15 12.9808
 40.175 13.0477
 40.2 13.1181
 40.225 13.192
 40.25 13.2697
 40.275 13.3511
 40.3 13.4365
 40.325 13.526
 40.35 13.6197
 40.375 13.7178
 40.4 13.8204
 40.425 13.9278
 40.45 14.0401
 40.475 14.1576
 40.5 14.2805
 40.525 14.409
 40.55 14.5433
 40.575 14.6839
 40.6 14.831
 40.625 14.9849
 40.65 15.146
 40.675 15.3147
 40.7 15.4916
 40.725 15.6769
 40.75 15.8714
 40.775 16.0755
 40.8 16.2899
 40.825 16.5153
 40.85 16.7526
 40.875 17.0025
 40.9 17.2661
 40.925 17.5444
 40.95 17.8386
 40.975 18.1502
 41 18.4806
 41.025 18.8314
 41.05 19.2047
 41.075 19.6026
 41.1 20.0275
 41.125 20.4821
 41.15 20.9696
 41.175 21.4935
 41.2 22.0577
 41.225 22.6668
 41.25 23.3257
 41.275 24.04
 41.3 24.816
 41.325 25.6603
 41.35 26.5803
 41.375 27.5832
 41.4 28.6766
 41.425 29.8669
 41.45 31.1588
 41.475 32.5541
 41.5 34.0493
 41.525 35.6339
 41.55 37.2882
 41.575 38.9821
 41.6 40.6764
 41.625 42.3255
 41.65 43.8831
 41.675 45.3074
 41.7 46.5649
 41.725 47.6331
 41.75 48.4998
 41.775 49.162
 41.8 49.6242
 41.825 49.8963
 41.85 49.9915
 41.875 49.9252
 41.9 49.7135
 41.925 49.3729
 41.95 48.9197
 41.975 48.3692
 42 47.7362
 42.025 47.0344
 42.05 46.2765
 42.075 45.4743
 42.1 44.6384
 42.125 43.7787
 42.15 42.9036
 42.175 42.021
 42.2 41.1375
 42.225 40.2589
 42.25 39.39
 42.275 38.5349
 42.3 37.6966
 42.325 36.8779
 42.35 36.0804
 42.375 35.3057
 42.4 34.5545
 42.425 33.8272
 42.45 33.1242
 42.475 32.4453
 42.5 31.7902
 42.525 31.1584
 42.55 30.5494
 42.575 29.9626
 42.6 29.3974
 42.625 28.853
 42.65 28.3287
 42.675 27.8238
 42.7 27.3376
 42.725 26.8695
 42.75 26.4187
 42.775 25.9847
 42.8 25.5669
 42.825 25.1647
 42.85 24.7776
 42.875 24.405
 42.9 24.0464
 42.925 23.7015
 42.95 23.3696
 42.975 23.0506
 43 22.7439
 43.025 22.4492
 43.05 22.1661
 43.075 21.8943
 43.1 21.6335
 43.125 21.3833
 43.15 21.1436
 43.175 20.914
 43.2 20.6943
 43.225 20.4842
 43.25 20.2835
 43.275 20.092
 43.3 19.9094
 43.325 19.7355
 43.35 19.5702
 43.375 19.4133
 43.4 19.2645
 43.425 19.1237
 43.45 18.9908
 43.475 18.8656
 43.5 18.7479
 43.525 18.6376
 43.55 18.5346
 43.575 18.4387
 43.6 18.3498
 43.625 18.2677
 43.65 18.1924
 43.675 18.1238
 43.7 18.0617
 43.725 18.0061
 43.75 17.9568
 43.775 17.9138
 43.8 17.877
 43.825 17.8463
 43.85 17.8217
 43.875 17.803
 43.9 17.7903
 43.925 17.7834
 43.95 17.7823
 43.975 17.787
 44 17.7974
 44.025 17.8136
 44.05 17.8354
 44.075 17.8629
 44.1 17.8961
 44.125 17.9349
 44.15 17.9794
 44.175 18.0295
 44.2 18.0853
 44.225 18.1469
 44.25 18.2141
 44.275 18.2872
 44.3 18.3661
 44.325 18.4509
 44.35 18.5417
 44.375 18.6386
 44.4 18.7416
 44.425 18.8508
 44.45 18.9665
 44.475 19.0886
 44.5 19.2174
 44.525 19.353
 44.55 19.4956
 44.575 19.6454
 44.6 19.8026
 44.625 19.9675
 44.65 20.1402
 44.675 20.3211
 44.7 20.5104
 44.725 20.7086
 44.75 20.9158
 44.775 21.1326
 44.8 21.3592
 44.825 21.5962
 44.85 21.8441
 44.875 22.1032
 44.9 22.3741
 44.925 22.6574
 44.95 22.9537
 44.975 23.2636
 45 23.5877
 45.025 23.9268
 45.05 24.2815
 45.075 24.6525
 45.1 25.0405
 45.125 25.4463
 45.15 25.8705
 45.175 26.3138
 45.2 26.7767
 45.225 27.2598
 45.25 27.7632
 45.275 28.2872
 45.3 28.8315
 45.325 29.3959
 45.35 29.9795
 45.375 30.5809
 45.4 31.1984
 45.425 31.8295
 45.45 32.4711
 45.475 33.1192
 45.5 33.7693
 45.525 34.416
 45.55 35.0532
 45.575 35.6743
 45.6 36.2725
 45.625 36.8407
 45.65 37.3721
 45.675 37.8603
 45.7 38.2997
 45.725 38.6854
 45.75 39.0138
 45.775 39.2824
 45.8 39.4898
 45.825 39.6359
 45.85 39.7214
 45.875 39.7482
 45.9 39.7188
 45.925 39.6363
 45.95 39.5042
 45.975 39.3266
 46 39.1075
 46.025 38.8511
 46.05 38.5615
 46.075 38.2428
 46.1 37.899
 46.125 37.5337
 46.15 37.1505
 46.175 36.7525
 46.2 36.3428
 46.225 35.9241
 46.25 35.4989
 46.275 35.0693
 46.3 34.6372
 46.325 34.2045
 46.35 33.7726
 46.375 33.3428
 46.4 32.9163
 46.425 32.4941
 46.45 32.0768
 46.475 31.6654
 46.5 31.2602
 46.525 30.8619
 46.55 30.4707
 46.575 30.087
 46.6 29.711
 46.625 29.3429
 46.65 28.9829
 46.675 28.6309
 46.7 28.2872
 46.725 27.9516
 46.75 27.6242
 46.775 27.3049
 46.8 26.9938
 46.825 26.6907
 46.85 26.3955
 46.875 26.1083
 46.9 25.8288
 46.925 25.557
 46.95 25.2928
 46.975 25.036
 47 24.7866
 47.025 24.5445
 47.05 24.3096
 47.075 24.0816
 47.1 23.8606
 47.125 23.6464
 47.15 23.439
 47.175 23.2381
 47.2 23.0438
 47.225 22.8559
 47.25 22.6743
 47.275 22.499
 47.3 22.3297
 47.325 22.1665
 47.35 22.0092
 47.375 21.8578
 47.4 21.7121
 47.425 21.5721
 47.45 21.4376
 47.475 21.3087
 47.5 21.1851
 47.525 21.0669
 47.55 20.954
 47.575 20.8462
 47.6 20.7435
 47.625 20.6458
 47.65 20.5531
 47.675 20.4653
 47.7 20.3822
 47.725 20.304
 47.75 20.2304
 47.775 20.1615
 47.8 20.0972
 47.825 20.0374
 47.85 19.9821
 47.875 19.9312
 47.9 19.8847
 47.925 19.8425
 47.95 19.8047
 47.975 19.7712
 48 19.7419
 48.025 19.7168
 48.05 19.6959
 48.075 19.6791
 48.1 19.6666
 48.125 19.6582
 48.15 19.6539
 48.175 19.6537
 48.2 19.6577
 48.225 19.6658
 48.25 19.6781
 48.275 19.6945
 48.3 19.7151
 48.325 19.74
 48.35 19.769
 48.375 19.8023
 48.4 19.84
 48.425 19.882
 48.45 19.9284
 48.475 19.9793
 48.5 20.0348
 48.525 20.0949
 48.55 20.1597
 48.575 20.2293
 48.6 20.3039
 48.625 20.3834
 48.65 20.4682
 48.675 20.5582
 48.7 20.6536
 48.725 20.7547
 48.75 20.8615
 48.775 20.9743
 48.8 21.0932
 48.825 21.2184
 48.85 21.3502
 48.875 21.4889
 48.9 21.6347
 48.925 21.7878
 48.95 21.9486
 48.975 22.1174
 49 22.2945
 49.025 22.4803
 49.05 22.6751
 49.075 22.8795
 49.1 23.0938
 49.125 23.3184
 49.15 23.5539
 49.175 23.8007
 49.2 24.0594
 49.225 24.3304
 49.25 24.6145
 49.275 24.9121
 49.3 25.2238
 49.325 25.5502
 49.35 25.8919
 49.375 26.2493
 49.4 26.6231
 49.425 27.0137
 49.45 27.4214
 49.475 27.8466
 49.5 28.2894
 49.525 28.7497
 49.55 29.2273
 49.575 29.7217
 49.6 30.2321
 49.625 30.7573
 49.65 31.2956
 49.675 31.845
 49.7 32.4028
 49.725 32.9658
 49.75 33.5304
 49.775 34.0923
 49.8 34.6467
 49.825 35.1885
 49.85 35.7122
 49.875 36.2125
 49.9 36.6837
 49.925 37.1207
 49.95 37.5187
 49.975 37.8736
 50 38.1819
 50.025 38.4411
 50.05 38.6493
 50.075 38.8058
 50.1 38.9105
 50.125 38.9641
 50.15 38.968
 50.175 38.9243
 50.2 38.8352
 50.225 38.7037
 50.25 38.5327
 50.275 38.3256
 50.3 38.0856
 50.325 37.816
 50.35 37.5201
 50.375 37.2011
 50.4 36.8621
 50.425 36.5058
 50.45 36.1351
 50.475 35.7524
 50.5 35.3601
 50.525 34.9603
 50.55 34.5549
 50.575 34.1456
 50.6 33.734
 50.625 33.3214
 50.65 32.909
 50.675 32.498
 50.7 32.0891
 50.725 31.6833
 50.75 31.2811
 50.775 30.8832
 50.8 30.4901
 50.825 30.1021
 50.85 29.7196
 50.875 29.3429
 50.9 28.9721
 50.925 28.6076
 50.95 28.2494
 50.975 27.8976
 51 27.5523
 51.025 27.2135
 51.05 26.8813
 51.075 26.5556
 51.1 26.2365
 51.125 25.924
 51.15 25.618
 51.175 25.3184
 51.2 25.0253
 51.225 24.7386
 51.25 24.4582
 51.275 24.184
 51.3 23.9161
 51.325 23.6543
 51.35 23.3986
 51.375 23.1489
 51.4 22.9052
 51.425 22.6674
 51.45 22.4353
 51.475 22.209
 51.5 21.9884
 51.525 21.7735
 51.55 21.5641
 51.575 21.3601
 51.6 21.1617
 51.625 20.9686
 51.65 20.7807
 51.675 20.5982
 51.7 20.4208
 51.725 20.2485
 51.75 20.0813
 51.775 19.9191
 51.8 19.7619
 51.825 19.6095
 51.85 19.462
 51.875 19.3192
 51.9 19.1812
 51.925 19.0478
 51.95 18.919
 51.975 18.7947
 52 18.675
 52.025 18.5596
 52.05 18.4487
 52.075 18.3421
 52.1 18.2397
 52.125 18.1416
 52.15 18.0477
 52.175 17.9579
 52.2 17.8722
 52.225 17.7905
 52.25 17.7128
 52.275 17.6391
 52.3 17.5692
 52.325 17.5032
 52.35 17.4411
 52.375 17.3827
 52.4 17.3281
 52.425 17.2772
 52.45 17.23
 52.475 17.1864
 52.5 17.1465
 52.525 17.1101
 52.55 17.0774
 52.575 17.0482
 52.6 17.0225
 52.625 17.0003
 52.65 16.9817
 52.675 16.9665
 52.7 16.9548
 52.725 16.9466
 52.75 16.9419
 52.775 16.9407
 52.8 16.9429
 52.825 16.9487
 52.85 16.958
 52.875 16.9707
 52.9 16.9871
 52.925 17.0069
 52.95 17.0304
 52.975 17.0576
 53 17.0884
 53.025 17.1229
 53.05 17.1612
 53.075 17.2034
 53.1 17.2494
 53.125 17.2995
 53.15 17.3535
 53.175 17.4118
 53.2 17.4742
 53.225 17.541
 53.25 17.6122
 53.275 17.688
 53.3 17.7686
 53.325 17.854
 53.35 17.9444
 53.375 18.04
 53.4 18.141
 53.425 18.2476
 53.45 18.3601
 53.475 18.4786
 53.5 18.6034
 53.525 18.7349
 53.55 18.8732
 53.575 19.0189
 53.6 19.1721
 53.625 19.3334
 53.65 19.5032
 53.675 19.6819
 53.7 19.8701
 53.725 20.0682
 53.75 20.277
 53.775 20.4971
 53.8 20.7292
 53.825 20.9741
 53.85 21.2326
 53.875 21.5057
 53.9 21.7943
 53.925 22.0997
 53.95 22.423
 53.975 22.7654
 54 23.1284
 54.025 23.5135
 54.05 23.9224
 54.075 24.3567
 54.1 24.8183
 54.125 25.3091
 54.15 25.831
 54.175 26.3862
 54.2 26.9766
 54.225 27.6041
 54.25 28.2705
 54.275 28.9771
 54.3 29.7247
 54.325 30.5137
 54.35 31.3431
 54.375 32.2109
 54.4 33.1133
 54.425 34.0446
 54.45 34.9971
 54.475 35.9607
 54.5 36.9231
 54.525 37.8701
 54.55 38.7864
 54.575 39.6563
 54.6 40.465
 54.625 41.1989
 54.65 41.8469
 54.675 42.4005
 54.7 42.8545
 54.725 43.2062
 54.75 43.4557
 54.775 43.6051
 54.8 43.6586
 54.825 43.6215
 54.85 43.5001
 54.875 43.3014
 54.9 43.0327
 54.925 42.7015
 54.95 42.315
 54.975 41.8806
 55 41.4052
 55.025 40.8952
 55.05 40.3568
 55.075 39.7957
 55.1 39.2169
 55.125 38.6253
 55.15 38.0248
 55.175 37.4194
 55.2 36.8121
 55.225 36.2057
 55.25 35.6026
 55.275 35.0049
 55.3 34.414
 55.325 33.8315
 55.35 33.2583
 55.375 32.6953
 55.4 32.1431
 55.425 31.6022
 55.45 31.0729
 55.475 30.5554
 55.5 30.0497
 55.525 29.5558
 55.55 29.0738
 55.575 28.6034
 55.6 28.1445
 55.625 27.697
 55.65 27.2605
 55.675 26.8349
 55.7 26.4199
 55.725 26.0154
 55.75 25.6209
 55.775 25.2363
 55.8 24.8614
 55.825 24.4958
 55.85 24.1394
 55.875 23.7919
 55.9 23.4531
 55.925 23.1228
 55.95 22.8008
 55.975 22.4869
 56 22.1809
 56.025 21.8826
 56.05 21.5919
 56.075 21.3086
 56.1 21.0324
 56.125 20.7634
 56.15 20.5013
 56.175 20.246
 56.2 19.9973
 56.225 19.7552
 56.25 19.5195
 56.275 19.29
 56.3 19.0668
 56.325 18.8496
 56.35 18.6384
 56.375 18.433
 56.4 18.2333
 56.425 18.0393
 56.45 17.8508
 56.475 17.6678
 56.5 17.4901
 56.525 17.3177
 56.55 17.1504
 56.575 16.9882
 56.6 16.831
 56.625 16.6787
 56.65 16.5312
 56.675 16.3884
 56.7 16.2502
 56.725 16.1166
 56.75 15.9874
 56.775 15.8626
 56.8 15.7421
 56.825 15.6259
 56.85 15.5138
 56.875 15.4057
 56.9 15.3016
 56.925 15.2015
 56.95 15.1052
 56.975 15.0126
 57 14.9238
 57.025 14.8385
 57.05 14.7569
 57.075 14.6787
 57.1 14.6039
 57.125 14.5325
 57.15 14.4644
 57.175 14.3996
 57.2 14.3379
 57.225 14.2793
 57.25 14.2239
 57.275 14.1714
 57.3 14.1219
 57.325 14.0753
 57.35 14.0315
 57.375 13.9906
 57.4 13.9524
 57.425 13.917
 57.45 13.8842
 57.475 13.8541
 57.5 13.8266
 57.525 13.8017
 57.55 13.7793
 57.575 13.7594
 57.6 13.742
 57.625 13.727
 57.65 13.7144
 57.675 13.7043
 57.7 13.6965
 57.725 13.691
 57.75 13.6879
 57.775 13.6871
 57.8 13.6885
 57.825 13.6923
 57.85 13.6983
 57.875 13.7066
 57.9 13.7171
 57.925 13.7299
 57.95 13.745
 57.975 13.7622
 58 13.7818
 58.025 13.8035
 58.05 13.8276
 58.075 13.8539
 58.1 13.8824
 58.125 13.9133
 58.15 13.9465
 58.175 13.982
 58.2 14.0199
 58.225 14.0602
 58.25 14.1029
 58.275 14.148
 58.3 14.1956
 58.325 14.2458
 58.35 14.2985
 58.375 14.3539
 58.4 14.4119
 58.425 14.4727
 58.45 14.5363
 58.475 14.6028
 58.5 14.6723
 58.525 14.7448
 58.55 14.8204
 58.575 14.8993
 58.6 14.9815
 58.625 15.0672
 58.65 15.1565
 58.675 15.2495
 58.7 15.3464
 58.725 15.4474
 58.75 15.5525
 58.775 15.6621
 58.8 15.7763
 58.825 15.8953
 58.85 16.0193
 58.875 16.1487
 58.9 16.2838
 58.925 16.4247
 58.95 16.5719
 58.975 16.7258
 59 16.8867
 59.025 17.0551
 59.05 17.2315
 59.075 17.4164
 59.1 17.6104
 59.125 17.8141
 59.15 18.0283
 59.175 18.2537
 59.2 18.4912
 59.225 18.7418
 59.25 19.0065
 59.275 19.2865
 59.3 19.5831
 59.325 19.8978
 59.35 20.2323
 59.375 20.5883
 59.4 20.9678
 59.425 21.3732
 59.45 21.807
 59.475 22.2721
 59.5 22.7715
 59.525 23.3088
 59.55 23.8879
 59.575 24.513
 59.6 25.1888
 59.625 25.9204
 59.65 26.7129
 59.675 27.5718
 59.7 28.5023
 59.725 29.5092
 59.75 30.5963
 59.775 31.7653
 59.8 33.0153
 59.825 34.3411
 59.85 35.7322
 59.875 37.1714
 59.9 38.6349
 59.925 40.0928
 59.95 41.5115
 59.975 42.8568
 60 44.0974
 60.025 45.2072
 60.05 46.1676
 60.075 46.9669
 60.1 47.6005
 60.125 48.0691
 60.15 48.378
 60.175 48.5353
 60.2 48.5514
 60.225 48.4378
 60.25 48.2065
 60.275 47.87
 60.3 47.4403
 60.325 46.9294
 60.35 46.3486
 60.375 45.7087
 60.4 45.0199
 60.425 44.2917
 60.45 43.5329
 60.475 42.7515
 60.5 41.9547
 60.525 41.1492
 60.55 40.3405
 60.575 39.5338
 60.6 38.7332
 60.625 37.9423
 60.65 37.1641
 60.675 36.4009
 60.7 35.6545
 60.725 34.9261
 60.75 34.2169
 60.775 33.5272
 60.8 32.8575
 60.825 32.2078
 60.85 31.578
 60.875 30.9677
 60.9 30.3766
 60.925 29.8042
 60.95 29.2499
 60.975 28.7131
 61 28.1933
 61.025 27.6897
 61.05 27.2017
 61.075 26.7288
 61.1 26.2702
 61.125 25.8254
 61.15 25.3937
 61.175 24.9747
 61.2 24.5678
 61.225 24.1724
 61.25 23.7881
 61.275 23.4144
 61.3 23.0509
 61.325 22.6971
 61.35 22.3527
 61.375 22.0173
 61.4 21.6905
 61.425 21.372
 61.45 21.0616
 61.475 20.7588
 61.5 20.4635
 61.525 20.1754
 61.55 19.8943
 61.575 19.6198
 61.6 19.3518
 61.625 19.0901
 61.65 18.8345
 61.675 18.5848
 61.7 18.3408
 61.725 18.1024
 61.75 17.8694
 61.775 17.6416
 61.8 17.419
 61.825 17.2012
 61.85 16.9884
 61.875 16.7802
 61.9 16.5766
 61.925 16.3774
 61.95 16.1826
 61.975 15.992
 62 15.8055
 62.025 15.6231
 62.05 15.4445
 62.075 15.2698
 62.1 15.0988
 62.125 14.9314
 62.15 14.7676
 62.175 14.6072
 62.2 14.4502
 62.225 14.2964
 62.25 14.1459
 62.275 13.9985
 62.3 13.8541
 62.325 13.7127
 62.35 13.5742
 62.375 13.4386
 62.4 13.3057
 62.425 13.1754
 62.45 13.0479
 62.475 12.9228
 62.5 12.8003
 62.525 12.6802
 62.55 12.5625
 62.575 12.4471
 62.6 12.334
 62.625 12.2232
 62.65 12.1144
 62.675 12.0079
 62.7 11.9033
 62.725 11.8008
 62.75 11.7003
 62.775 11.6017
 62.8 11.505
 62.825 11.4101
 62.85 11.3171
 62.875 11.2258
 62.9 11.1363
 62.925 11.0484
 62.95 10.9622
 62.975 10.8777
 63 10.7947
 63.025 10.7133
 63.05 10.6334
 63.075 10.5551
 63.1 10.4782
 63.125 10.4028
 63.15 10.3288
 63.175 10.2561
 63.2 10.1849
 63.225 10.115
 63.25 10.0464
 63.275 9.97912
 63.3 9.91312
 63.325 9.84838
 63.35 9.78488
 63.375 9.72259
 63.4 9.6615
 63.425 9.60159
 63.45 9.54284
 63.475 9.48524
 63.5 9.42876
 63.525 9.37339
 63.55 9.31912
 63.575 9.26592
 63.6 9.21379
 63.625 9.16271
 63.65 9.11265
 63.675 9.06362
 63.7 9.0156
 63.725 8.96856
 63.75 8.9225
 63.775 8.87741
 63.8 8.83328
 63.825 8.79008
 63.85 8.74782
 63.875 8.70647
 63.9 8.66603
 63.925 8.62648
 63.95 8.58782
 63.975 8.55003
 64 8.5131
 64.025 8.47703
 64.05 8.4418
 64.075 8.4074
 64.1 8.37382
 64.125 8.34106
 64.15 8.3091
 64.175 8.27793
 64.2 8.24755
 64.225 8.21795
 64.25 8.18911
 64.275 8.16104
 64.3 8.13371
 64.325 8.10712
 64.35 8.08127
 64.375 8.05615
 64.4 8.03174
 64.425 8.00805
 64.45 7.98505
 64.475 7.96275
 64.5 7.94114
 64.525 7.92021
 64.55 7.89995
 64.575 7.88035
 64.6 7.86142
 64.625 7.84314
 64.65 7.8255
 64.675 7.8085
 64.7 7.79212
 64.725 7.77638
 64.75 7.76125
 64.775 7.74673
 64.8 7.73282
 64.825 7.71951
 64.85 7.7068
 64.875 7.69467
 64.9 7.68313
 64.925 7.67216
 64.95 7.66176
 64.975 7.65193
 65 7.64265
 65.025 7.63393
 65.05 7.62575
 65.075 7.61812
 65.1 7.61103
 65.125 7.60447
 65.15 7.59843
 65.175 7.59292
 65.2 7.58792
 65.225 7.58344
 65.25 7.57946
 65.275 7.57599
 65.3 7.57302
 65.325 7.57055
 65.35 7.56856
 65.375 7.56706
 65.4 7.56605
 65.425 7.56551
 65.45 7.56545
 65.475 7.56585
 65.5 7.56672
 65.525 7.56806
 65.55 7.56985
 65.575 7.5721
 65.6 7.57479
 65.625 7.57794
 65.65 7.58153
 65.675 7.58556
 65.7 7.59003
 65.725 7.59493
 65.75 7.60027
 65.775 7.60603
 65.8 7.61222
 65.825 7.61883
 65.85 7.62586
 65.875 7.63331
 65.9 7.64118
 65.925 7.64946
 65.95 7.65815
 65.975 7.66725
 66 7.67675
 66.025 7.68667
 66.05 7.69698
 66.075 7.7077
 66.1 7.71881
 66.125 7.73032
 66.15 7.74222
 66.175 7.75452
 66.2 7.76721
 66.225 7.78029
 66.25 7.79376
 66.275 7.80761
 66.3 7.82185
 66.325 7.83648
 66.35 7.8515
 66.375 7.8669
 66.4 7.88268
 66.425 7.89885
 66.45 7.91541
 66.475 7.93235
 66.5 7.94967
 66.525 7.96738
 66.55 7.98547
 66.575 8.00394
 66.6 8.0228
 66.625 8.04204
 66.65 8.06166
 66.675 8.08168
 66.7 8.10208
 66.725 8.12287
 66.75 8.14406
 66.775 8.16563
 66.8 8.1876
 66.825 8.20996
 66.85 8.23272
 66.875 8.25587
 66.9 8.27943
 66.925 8.3034
 66.95 8.32777
 66.975 8.35255
 67 8.37775
 67.025 8.40336
 67.05 8.42938
 67.075 8.45583
 67.1 8.48271
 67.125 8.51003
 67.15 8.53778
 67.175 8.56597
 67.2 8.5946
 67.225 8.62369
 67.25 8.65323
 67.275 8.68324
 67.3 8.71372
 67.325 8.74467
 67.35 8.77611
 67.375 8.80803
 67.4 8.84045
 67.425 8.87338
 67.45 8.90682
 67.475 8.94079
 67.5 8.97529
 67.525 9.01032
 67.55 9.04591
 67.575 9.08207
 67.6 9.1188
 67.625 9.15611
 67.65 9.19402
 67.675 9.23255
 67.7 9.27169
 67.725 9.31148
 67.75 9.35192
 67.775 9.39304
 67.8 9.43483
 67.825 9.47733
 67.85 9.52056
 67.875 9.56453
 67.9 9.60925
 67.925 9.65476
 67.95 9.70107
 67.975 9.74822
 68 9.79621
 68.025 9.84508
 68.05 9.89486
 68.075 9.94557
 68.1 9.99725
 68.125 10.0499
 68.15 10.1036
 68.175 10.1584
 68.2 10.2143
 68.225 10.2713
 68.25 10.3295
 68.275 10.3889
 68.3 10.4496
 68.325 10.5116
 68.35 10.575
 68.375 10.6399
 68.4 10.7062
 68.425 10.7741
 68.45 10.8436
 68.475 10.9148
 68.5 10.9877
 68.525 11.0625
 68.55 11.1393
 68.575 11.2181
 68.6 11.2989
 68.625 11.3821
 68.65 11.4675
 68.675 11.5555
 68.7 11.646
 68.725 11.7393
 68.75 11.8354
 68.775 11.9347
 68.8 12.0371
 68.825 12.1429
 68.85 12.2524
 68.875 12.3658
 68.9 12.4832
 68.925 12.605
 68.95 12.7314
 68.975 12.8628
 69 12.9995
 69.025 13.142
 69.05 13.2905
 69.075 13.4457
 69.1 13.6079
 69.125 13.7779
 69.15 13.9561
 69.175 14.1434
 69.2 14.3406
 69.225 14.5484
 69.25 14.768
 69.275 15.0004
 69.3 15.247
 69.325 15.5093
 69.35 15.7888
 69.375 16.0875
 69.4 16.4077
 69.425 16.752
 69.45 17.1232
 69.475 17.5249
 69.5 17.9613
 69.525 18.437
 69.55 18.958
 69.575 19.5309
 69.6 20.164
 69.625 20.8671
 69.65 21.6519
 69.675 22.5327
 69.7 23.5265
 69.725 24.6539
 69.75 25.9391
 69.775 27.4099
 69.8 29.0975
 69.825 31.0337
 69.85 33.2458
 69.875 35.7473
 69.9 38.5232
 69.925 41.5154
 69.95 44.6188
 69.975 47.699
 70 50.622
 70.025 53.2798
 70.05 55.6035
 70.075 57.5608
 70.1 59.1492
 70.125 60.3858
 70.15 61.2976
 70.175 61.9156
 70.2 62.2699
 70.225 62.3885
 70.25 62.2968
 70.275 62.0177
 70.3 61.5725
 70.325 60.9808
 70.35 60.2606
 70.375 59.429
 70.4 58.5018
 70.425 57.4936
 70.45 56.4181
 70.475 55.2877
 70.5 54.1139
 70.525 52.9071
 70.55 51.6768
 70.575 50.4317
 70.6 49.18
 70.625 47.9299
 70.65 46.6892
 70.675 45.4647
 70.7 44.2624
 70.725 43.0874
 70.75 41.9439
 70.775 40.8352
 70.8 39.7642
 70.825 38.7326
 70.85 37.742
 70.875 36.793
 70.9 35.8859
 70.925 35.0208
 70.95 34.197
 70.975 33.4138
 71 32.6703
 71.025 31.9651
 71.05 31.2968
 71.075 30.6638
 71.1 30.0642
 71.125 29.4962
 71.15 28.9579
 71.175 28.4471
 71.2 27.9619
 71.225 27.5003
 71.25 27.0603
 71.275 26.64
 71.3 26.2376
 71.325 25.8514
 71.35 25.4798
 71.375 25.1213
 71.4 24.7747
 71.425 24.4386
 71.45 24.1119
 71.475 23.7936
 71.5 23.4829
 71.525 23.1789
 71.55 22.8809
 71.575 22.5883
 71.6 22.3006
 71.625 22.0173
 71.65 21.7379
 71.675 21.4622
 71.7 21.1898
 71.725 20.9204
 71.75 20.6539
 71.775 20.39
 71.8 20.1286
 71.825 19.8695
 71.85 19.6126
 71.875 19.3578
 71.9 19.1051
 71.925 18.8542
 71.95 18.6053
 71.975 18.3582
 72 18.1129
 72.025 17.8694
 72.05 17.6276
 72.075 17.3876
 72.1 17.1492
 72.125 16.9125
 72.15 16.6776
 72.175 16.4442
 72.2 16.2126
 72.225 15.9827
 72.25 15.7544
 72.275 15.5278
 72.3 15.3029
 72.325 15.0797
 72.35 14.8582
 72.375 14.6384
 72.4 14.4203
 72.425 14.204
 72.45 13.9895
 72.475 13.7767
 72.5 13.5656
 72.525 13.3564
 72.55 13.149
 72.575 12.9433
 72.6 12.7395
 72.625 12.5375
 72.65 12.3374
 72.675 12.1391
 72.7 11.9427
 72.725 11.7481
 72.75 11.5555
 72.775 11.3647
 72.8 11.1758
 72.825 10.9888
 72.85 10.8036
 72.875 10.6204
 72.9 10.4391
 72.925 10.2598
 72.95 10.0823
 72.975 9.90672
 73 9.73307
 73.025 9.56132
 73.05 9.39147
 73.075 9.22353
 73.1 9.05748
 73.125 8.89332
 73.15 8.73106
 73.175 8.57067
 73.2 8.41215
 73.225 8.2555
 73.25 8.10071
 73.275 7.94776
 73.3 7.79665
 73.325 7.64737
 73.35 7.49991
 73.375 7.35425
 73.4 7.21039
 73.425 7.06831
 73.45 6.928
 73.475 6.78945
 73.5 6.65264
 73.525 6.51757
 73.55 6.38421
 73.575 6.25255
 73.6 6.12259
 73.625 5.9943
 73.65 5.86767
 73.675 5.74269
 73.7 5.61934
 73.725 5.4976
 73.75 5.37747
 73.775 5.25892
 73.8 5.14195
 73.825 5.02653
 73.85 4.91265
 73.875 4.8003
 73.9 4.68945
 73.925 4.5801
 73.95 4.47223
 73.975 4.36583
 74 4.26087
 74.025 4.15735
 74.05 4.05524
 74.075 3.95454
 74.1 3.85522
 74.125 3.75728
 74.15 3.66069
 74.175 3.56545
 74.2 3.47153
 74.225 3.37892
 74.25 3.28762
 74.275 3.19759
 74.3 3.10884
 74.325 3.02134
 74.35 2.93507
 74.375 2.85004
 74.4 2.76621
 74.425 2.68358
 74.45 2.60213
 74.475 2.52185
 74.5 2.44272
 74.525 2.36473
 74.55 2.28787
 74.575 2.21212
 74.6 2.13747
 74.625 2.06391
 74.65 1.99141
 74.675 1.91998
 74.7 1.84959
 74.725 1.78023
 74.75 1.7119
 74.775 1.64457
 74.8 1.57823
 74.825 1.51287
 74.85 1.44848
 74.875 1.38505
 74.9 1.32256
 74.925 1.261
 74.95 1.20036
 74.975 1.14063
 75 1.08179
 75.025 1.02383
 75.05 0.966743
 75.075 0.910514
 75.1 0.855133
 75.125 0.800587
 75.15 0.746866
 75.175 0.693957
 75.2 0.64185
 75.225 0.590533
 75.25 0.539995
 75.275 0.490227
 75.3 0.441216
 75.325 0.392952
 75.35 0.345424
 75.375 0.298622
 75.4 0.252536
 75.425 0.207155
 75.45 0.162469
 75.475 0.118468
 75.5 0.0751421
 75.525 0.0324814
 75.55 -0.00952402
 75.575 -0.0508839
 75.6 -0.0916075
 75.625 -0.131704
 75.65 -0.171184
 75.675 -0.210055
 75.7 -0.248328
 75.725 -0.28601
 75.75 -0.323112
 75.775 -0.359641
 75.8 -0.395607
 75.825 -0.431018
 75.85 -0.465883
 75.875 -0.50021
 75.9 -0.534007
 75.925 -0.567283
 75.95 -0.600045
 75.975 -0.632303
 76 -0.664063
 76.025 -0.695334
 76.05 -0.726123
 76.075 -0.756438
 76.1 -0.786286
 76.125 -0.815675
 76.15 -0.844613
 76.175 -0.873105
 76.2 -0.901161
 76.225 -0.928785
 76.25 -0.955987
 76.275 -0.982772
 76.3 -1.00915
 76.325 -1.03512
 76.35 -1.06069
 76.375 -1.08588
 76.4 -1.11068
 76.425 -1.13511
 76.45 -1.15916
 76.475 -1.18285
 76.5 -1.20618
 76.525 -1.22916
 76.55 -1.25179
 76.575 -1.27408
 76.6 -1.29603
 76.625 -1.31766
 76.65 -1.33896
 76.675 -1.35994
 76.7 -1.38061
 76.725 -1.40097
 76.75 -1.42103
 76.775 -1.44079
 76.8 -1.46026
 76.825 -1.47944
 76.85 -1.49834
 76.875 -1.51696
 76.9 -1.53531
 76.925 -1.55339
 76.95 -1.57121
 76.975 -1.58877
 77 -1.60608
 77.025 -1.62313
 77.05 -1.63995
 77.075 -1.65652
 77.1 -1.67285
 77.125 -1.68895
 77.15 -1.70483
 77.175 -1.72048
 77.2 -1.73591
 77.225 -1.75112
 77.25 -1.76612
 77.275 -1.78091
 77.3 -1.7955
 77.325 -1.80989
 77.35 -1.82408
 77.375 -1.83808
 77.4 -1.85188
 77.425 -1.8655
 77.45 -1.87894
 77.475 -1.8922
 77.5 -1.90528
 77.525 -1.91819
 77.55 -1.93092
 77.575 -1.94349
 77.6 -1.9559
 77.625 -1.96815
 77.65 -1.98024
 77.675 -1.99217
 77.7 -2.00396
 77.725 -2.01559
 77.75 -2.02708
 77.775 -2.03843
 77.8 -2.04963
 77.825 -2.0607
 77.85 -2.07163
 77.875 -2.08243
 77.9 -2.0931
 77.925 -2.10365
 77.95 -2.11406
 77.975 -2.12436
 78 -2.13454
 78.025 -2.1446
 78.05 -2.15454
 78.075 -2.16437
 78.1 -2.17409
 78.125 -2.1837
 78.15 -2.19321
 78.175 -2.20261
 78.2 -2.21191
 78.225 -2.22111
 78.25 -2.23021
 78.275 -2.23922
 78.3 -2.24813
 78.325 -2.25695
 78.35 -2.26568
 78.375 -2.27432
 78.4 -2.28288
 78.425 -2.29135
 78.45 -2.29974
 78.475 -2.30804
 78.5 -2.31627
 78.525 -2.32442
 78.55 -2.3325
 78.575 -2.34049
 78.6 -2.34842
 78.625 -2.35628
 78.65 -2.36406
 78.675 -2.37178
 78.7 -2.37943
 78.725 -2.38702
 78.75 -2.39454
 78.775 -2.402
 78.8 -2.40939
 78.825 -2.41673
 78.85 -2.42401
 78.875 -2.43123
 78.9 -2.4384
 78.925 -2.44551
 78.95 -2.45256
 78.975 -2.45957
 79 -2.46652
 79.025 -2.47343
 79.05 -2.48028
 79.075 -2.48709
 79.1 -2.49385
 79.125 -2.50056
 79.15 -2.50723
 79.175 -2.51386
 79.2 -2.52045
 79.225 -2.52699
 79.25 -2.53349
 79.275 -2.53996
 79.3 -2.54638
 79.325 -2.55277
 79.35 -2.55912
 79.375 -2.56544
 79.4 -2.57172
 79.425 -2.57797
 79.45 -2.58418
 79.475 -2.59036
 79.5 -2.59651
 79.525 -2.60263
 79.55 -2.60873
 79.575 -2.61479
 79.6 -2.62082
 79.625 -2.62683
 79.65 -2.63281
 79.675 -2.63876
 79.7 -2.64469
 79.725 -2.65059
 79.75 -2.65647
 79.775 -2.66233
 79.8 -2.66817
 79.825 -2.67398
 79.85 -2.67977
 79.875 -2.68554
 79.9 -2.69129
 79.925 -2.69702
 79.95 -2.70274
 79.975 -2.70843
 80 -2.71411
 80.025 -2.71977
 80.05 -2.72541
 80.075 -2.73104
 80.1 -2.73665
 80.125 -2.74225
 80.15 -2.74783
 80.175 -2.7534
 80.2 -2.75895
 80.225 -2.7645
 80.25 -2.77003
 80.275 -2.77554
 80.3 -2.78105
 80.325 -2.78654
 80.35 -2.79203
 80.375 -2.7975
 80.4 -2.80296
 80.425 -2.80842
 80.45 -2.81386
 80.475 -2.81929
 80.5 -2.82472
 80.525 -2.83014
 80.55 -2.83555
 80.575 -2.84095
 80.6 -2.84634
 80.625 -2.85173
 80.65 -2.85711
 80.675 -2.86249
 80.7 -2.86786
 80.725 -2.87322
 80.75 -2.87858
 80.775 -2.88393
 80.8 -2.88927
 80.825 -2.89462
 80.85 -2.89995
 80.875 -2.90529
 80.9 -2.91061
 80.925 -2.91594
 80.95 -2.92126
 80.975 -2.92658
 81 -2.93189
 81.025 -2.93721
 81.05 -2.94251
 81.075 -2.94782
 81.1 -2.95313
 81.125 -2.95843
 81.15 -2.96373
 81.175 -2.96902
 81.2 -2.97432
 81.225 -2.97961
 81.25 -2.98491
 81.275 -2.9902
 81.3 -2.99549
 81.325 -3.00078
 81.35 -3.00607
 81.375 -3.01135
 81.4 -3.01664
 81.425 -3.02192
 81.45 -3.02721
 81.475 -3.03249
 81.5 -3.03778
 81.525 -3.04306
 81.55 -3.04835
 81.575 -3.05363
 81.6 -3.05892
 81.625 -3.0642
 81.65 -3.06949
 81.675 -3.07477
 81.7 -3.08006
 81.725 -3.08534
 81.75 -3.09063
 81.775 -3.09592
 81.8 -3.10121
 81.825 -3.1065
 81.85 -3.11179
 81.875 -3.11708
 81.9 -3.12237
 81.925 -3.12766
 81.95 -3.13296
 81.975 -3.13825
 82 -3.14355
 82.025 -3.14885
 82.05 -3.15415
 82.075 -3.15945
 82.1 -3.16475
 82.125 -3.17006
 82.15 -3.17536
 82.175 -3.18067
 82.2 -3.18598
 82.225 -3.19129
 82.25 -3.1966
 82.275 -3.20192
 82.3 -3.20723
 82.325 -3.21255
 82.35 -3.21787
 82.375 -3.22319
 82.4 -3.22852
 82.425 -3.23384
 82.45 -3.23917
 82.475 -3.2445
 82.5 -3.24983
 82.525 -3.25516
 82.55 -3.26049
 82.575 -3.26583
 82.6 -3.27117
 82.625 -3.27651
 82.65 -3.28185
 82.675 -3.28719
 82.7 -3.29254
 82.725 -3.29789
 82.75 -3.30324
 82.775 -3.30859
 82.8 -3.31394
 82.825 -3.3193
 82.85 -3.32466
 82.875 -3.33002
 82.9 -3.33538
 82.925 -3.34074
 82.95 -3.34611
 82.975 -3.35147
 83 -3.35684
 83.025 -3.36221
 83.05 -3.36758
 83.075 -3.37296
 83.1 -3.37833
 83.125 -3.38371
 83.15 -3.38909
 83.175 -3.39447
 83.2 -3.39986
 83.225 -3.40524
 83.25 -3.41063
 83.275 -3.41602
 83.3 -3.4214
 83.325 -3.4268
 83.35 -3.43219
 83.375 -3.43758
 83.4 -3.44298
 83.425 -3.44837
 83.45 -3.45377
 83.475 -3.45917
 83.5 -3.46457
 83.525 -3.46997
 83.55 -3.47538
 83.575 -3.48078
 83.6 -3.48618
 83.625 -3.49159
 83.65 -3.497
 83.675 -3.50241
 83.7 -3.50782
 83.725 -3.51323
 83.75 -3.51864
 83.775 -3.52405
 83.8 -3.52946
 83.825 -3.53488
 83.85 -3.54029
 83.875 -3.54571
 83.9 -3.55113
 83.925 -3.55654
 83.95 -3.56196
 83.975 -3.56738
 84 -3.5728
 84.025 -3.57822
 84.05 -3.58364
 84.075 -3.58906
 84.1 -3.59448
 84.125 -3.5999
 84.15 -3.60532
 84.175 -3.61074
 84.2 -3.61616
 84.225 -3.62158
 84.25 -3.627
 84.275 -3.63243
 84.3 -3.63785
 84.325 -3.64327
 84.35 -3.64869
 84.375 -3.65411
 84.4 -3.65953
 84.425 -3.66495
 84.45 -3.67037
 84.475 -3.67579
 84.5 -3.68121
 84.525 -3.68663
 84.55 -3.69205
 84.575 -3.69746
 84.6 -3.70288
 84.625 -3.7083
 84.65 -3.71371
 84.675 -3.71913
 84.7 -3.72454
 84.725 -3.72995
 84.75 -3.73536
 84.775 -3.74077
 84.8 -3.74618
 84.825 -3.75159
 84.85 -3.757
 84.875 -3.7624
 84.9 -3.76781
 84.925 -3.77321
 84.95 -3.77861
 84.975 -3.78401
 85 -3.78941
 85.025 -3.79481
 85.05 -3.8002
 85.075 -3.8056
 85.1 -3.81099
 85.125 -3.81638
 85.15 -3.82177
 85.175 -3.82715
 85.2 -3.83254
 85.225 -3.83792
 85.25 -3.8433
 85.275 -3.84868
 85.3 -3.85405
 85.325 -3.85943
 85.35 -3.8648
 85.375 -3.87017
 85.4 -3.87553
 85.425 -3.8809
 85.45 -3.88626
 85.475 -3.89162
 85.5 -3.89697
 85.525 -3.90233
 85.55 -3.90768
 85.575 -3.91302
 85.6 -3.91837
 85.625 -3.92371
 85.65 -3.92905
 85.675 -3.93439
 85.7 -3.93972
 85.725 -3.94505
 85.75 -3.95038
 85.775 -3.9557
 85.8 -3.96102
 85.825 -3.96634
 85.85 -3.97165
 85.875 -3.97696
 85.9 -3.98227
 85.925 -3.98758
 85.95 -3.99288
 85.975 -3.99818
 86 -4.00347
 86.025 -4.00876
 86.05 -4.01405
 86.075 -4.01933
 86.1 -4.02461
 86.125 -4.02988
 86.15 -4.03515
 86.175 -4.04042
 86.2 -4.04569
 86.225 -4.05095
 86.25 -4.0562
 86.275 -4.06145
 86.3 -4.0667
 86.325 -4.07195
 86.35 -4.07719
 86.375 -4.08242
 86.4 -4.08765
 86.425 -4.09288
 86.45 -4.0981
 86.475 -4.10332
 86.5 -4.10853
 86.525 -4.11374
 86.55 -4.11895
 86.575 -4.12415
 86.6 -4.12935
 86.625 -4.13454
 86.65 -4.13972
 86.675 -4.14491
 86.7 -4.15009
 86.725 -4.15526
 86.75 -4.16043
 86.775 -4.16559
 86.8 -4.17075
 86.825 -4.17591
 86.85 -4.18105
 86.875 -4.1862
 86.9 -4.19134
 86.925 -4.19647
 86.95 -4.2016
 86.975 -4.20673
 87 -4.21185
 87.025 -4.21696
 87.05 -4.22207
 87.075 -4.22718
 87.1 -4.23228
 87.125 -4.23737
 87.15 -4.24246
 87.175 -4.24755
 87.2 -4.25262
 87.225 -4.2577
 87.25 -4.26276
 87.275 -4.26783
 87.3 -4.27288
 87.325 -4.27794
 87.35 -4.28298
 87.375 -4.28802
 87.4 -4.29306
 87.425 -4.29809
 87.45 -4.30311
 87.475 -4.30813
 87.5 -4.31314
 87.525 -4.31815
 87.55 -4.32315
 87.575 -4.32815
 87.6 -4.33314
 87.625 -4.33813
 87.65 -4.3431
 87.675 -4.34808
 87.7 -4.35305
 87.725 -4.35801
 87.75 -4.36296
 87.775 -4.36791
 87.8 -4.37286
 87.825 -4.3778
 87.85 -4.38273
 87.875 -4.38765
 87.9 -4.39257
 87.925 -4.39749
 87.95 -4.4024
 87.975 -4.4073
 88 -4.4122
 88.025 -4.41709
 88.05 -4.42197
 88.075 -4.42685
 88.1 -4.43172
 88.125 -4.43659
 88.15 -4.44145
 88.175 -4.4463
 88.2 -4.45115
 88.225 -4.45599
 88.25 -4.46082
 88.275 -4.46565
 88.3 -4.47047
 88.325 -4.47529
 88.35 -4.4801
 88.375 -4.4849
 88.4 -4.4897
 88.425 -4.49449
 88.45 -4.49928
 88.475 -4.50405
 88.5 -4.50882
 88.525 -4.51359
 88.55 -4.51835
 88.575 -4.5231
 88.6 -4.52785
 88.625 -4.53258
 88.65 -4.53732
 88.675 -4.54204
 88.7 -4.54676
 88.725 -4.55148
 88.75 -4.55618
 88.775 -4.56088
 88.8 -4.56558
 88.825 -4.57026
 88.85 -4.57494
 88.875 -4.57962
 88.9 -4.58428
 88.925 -4.58894
 88.95 -4.5936
 88.975 -4.59825
 89 -4.60289
 89.025 -4.60752
 89.05 -4.61215
 89.075 -4.61677
 89.1 -4.62138
 89.125 -4.62599
 89.15 -4.63059
 89.175 -4.63518
 89.2 -4.63977
 89.225 -4.64435
 89.25 -4.64892
 89.275 -4.65349
 89.3 -4.65805
 89.325 -4.6626
 89.35 -4.66715
 89.375 -4.67168
 89.4 -4.67622
 89.425 -4.68074
 89.45 -4.68526
 89.475 -4.68977
 89.5 -4.69428
 89.525 -4.69877
 89.55 -4.70327
 89.575 -4.70775
 89.6 -4.71223
 89.625 -4.7167
 89.65 -4.72116
 89.675 -4.72562
 89.7 -4.73007
 89.725 -4.73451
 89.75 -4.73895
 89.775 -4.74337
 89.8 -4.7478
 89.825 -4.75221
 89.85 -4.75662
 89.875 -4.76102
 89.9 -4.76542
 89.925 -4.7698
 89.95 -4.77418
 89.975 -4.77856
 90 -4.78292
 90.025 -4.78728
 90.05 -4.79163
 90.075 -4.79598
 90.1 -4.80032
 90.125 -4.80465
 90.15 -4.80897
 90.175 -4.81329
 90.2 -4.8176
 90.225 -4.82191
 90.25 -4.8262
 90.275 -4.83049
 90.3 -4.83477
 90.325 -4.83905
 90.35 -4.84332
 90.375 -4.84758
 90.4 -4.85183
 90.425 -4.85608
 90.45 -4.86032
 90.475 -4.86455
 90.5 -4.86878
 90.525 -4.873
 90.55 -4.87721
 90.575 -4.88142
 90.6 -4.88561
 90.625 -4.8898
 90.65 -4.89399
 90.675 -4.89817
 90.7 -4.90234
 90.725 -4.9065
 90.75 -4.91065
 90.775 -4.9148
 90.8 -4.91894
 90.825 -4.92308
 90.85 -4.92721
 90.875 -4.93133
 90.9 -4.93544
 90.925 -4.93955
 90.95 -4.94365
 90.975 -4.94774
 91 -4.95183
 91.025 -4.9559
 91.05 -4.95997
 91.075 -4.96404
 91.1 -4.9681
 91.125 -4.97215
 91.15 -4.97619
 91.175 -4.98023
 91.2 -4.98426
 91.225 -4.98828
 91.25 -4.99229
 91.275 -4.9963
 91.3 -5.0003
 91.325 -5.0043
 91.35 -5.00828
 91.375 -5.01227
 91.4 -5.01624
 91.425 -5.0202
 91.45 -5.02416
 91.475 -5.02812
 91.5 -5.03206
 91.525 -5.036
 91.55 -5.03993
 91.575 -5.04386
 91.6 -5.04777
 91.625 -5.05168
 91.65 -5.05559
 91.675 -5.05948
 91.7 -5.06337
 91.725 -5.06725
 91.75 -5.07113
 91.775 -5.075
 91.8 -5.07886
 91.825 -5.08271
 91.85 -5.08656
 91.875 -5.0904
 91.9 -5.09424
 91.925 -5.09806
 91.95 -5.10188
 91.975 -5.1057
 92 -5.1095
 92.025 -5.1133
 92.05 -5.11709
 92.075 -5.12088
 92.1 -5.12466
 92.125 -5.12843
 92.15 -5.13219
 92.175 -5.13595
 92.2 -5.1397
 92.225 -5.14345
 92.25 -5.14719
 92.275 -5.15092
 92.3 -5.15464
 92.325 -5.15836
 92.35 -5.16207
 92.375 -5.16577
 92.4 -5.16947
 92.425 -5.17315
 92.45 -5.17684
 92.475 -5.18051
 92.5 -5.18418
 92.525 -5.18784
 92.55 -5.1915
 92.575 -5.19515
 92.6 -5.19879
 92.625 -5.20243
 92.65 -5.20605
 92.675 -5.20968
 92.7 -5.21329
 92.725 -5.2169
 92.75 -5.2205
 92.775 -5.2241
 92.8 -5.22768
 92.825 -5.23126
 92.85 -5.23484
 92.875 -5.23841
 92.9 -5.24197
 92.925 -5.24552
 92.95 -5.24907
 92.975 -5.25261
 93 -5.25614
 93.025 -5.25967
 93.05 -5.26319
 93.075 -5.26671
 93.1 -5.27022
 93.125 -5.27372
 93.15 -5.27721
 93.175 -5.2807
 93.2 -5.28418
 93.225 -5.28765
 93.25 -5.29112
 93.275 -5.29458
 93.3 -5.29804
 93.325 -5.30149
 93.35 -5.30493
 93.375 -5.30836
 93.4 -5.31179
 93.425 -5.31521
 93.45 -5.31863
 93.475 -5.32204
 93.5 -5.32544
 93.525 -5.32884
 93.55 -5.33223
 93.575 -5.33561
 93.6 -5.33898
 93.625 -5.34235
 93.65 -5.34572
 93.675 -5.34908
 93.7 -5.35243
 93.725 -5.35577
 93.75 -5.35911
 93.775 -5.36244
 93.8 -5.36576
 93.825 -5.36908
 93.85 -5.37239
 93.875 -5.3757
 93.9 -5.379
 93.925 -5.38229
 93.95 -5.38558
 93.975 -5.38886
 94 -5.39213
 94.025 -5.3954
 94.05 -5.39866
 94.075 -5.40191
 94.1 -5.40516
 94.125 -5.40841
 94.15 -5.41164
 94.175 -5.41487
 94.2 -5.41809
 94.225 -5.42131
 94.25 -5.42452
 94.275 -5.42773
 94.3 -5.43092
 94.325 -5.43412
 94.35 -5.4373
 94.375 -5.44048
 94.4 -5.44365
 94.425 -5.44682
 94.45 -5.44998
 94.475 -5.45314
 94.5 -5.45628
 94.525 -5.45943
 94.55 -5.46256
 94.575 -5.46569
 94.6 -5.46882
 94.625 -5.47193
 94.65 -5.47504
 94.675 -5.47815
 94.7 -5.48125
 94.725 -5.48434
 94.75 -5.48743
 94.775 -5.49051
 94.8 -5.49358
 94.825 -5.49665
 94.85 -5.49972
 94.875 -5.50277
 94.9 -5.50582
 94.925 -5.50887
 94.95 -5.51191
 94.975 -5.51494
 95 -5.51797
 95.025 -5.52099
 95.05 -5.524
 95.075 -5.52701
 95.1 -5.53001
 95.125 -5.53301
 95.15 -5.536
 95.175 -5.53898
 95.2 -5.54196
 95.225 -5.54494
 95.25 -5.5479
 95.275 -5.55086
 95.3 -5.55382
 95.325 -5.55677
 95.35 -5.55971
 95.375 -5.56265
 95.4 -5.56558
 95.425 -5.56851
 95.45 -5.57143
 95.475 -5.57434
 95.5 -5.57725
 95.525 -5.58015
 95.55 -5.58305
 95.575 -5.58594
 95.6 -5.58883
 95.625 -5.59171
 95.65 -5.59458
 95.675 -5.59745
 95.7 -5.60031
 95.725 -5.60317
 95.75 -5.60602
 95.775 -5.60887
 95.8 -5.6117
 95.825 -5.61454
 95.85 -5.61737
 95.875 -5.62019
 95.9 -5.62301
 95.925 -5.62582
 95.95 -5.62862
 95.975 -5.63142
 96 -5.63422
 96.025 -5.63701
 96.05 -5.63979
 96.075 -5.64257
 96.1 -5.64534
 96.125 -5.6481
 96.15 -5.65086
 96.175 -5.65362
 96.2 -5.65637
 96.225 -5.65911
 96.25 -5.66185
 96.275 -5.66459
 96.3 -5.66731
 96.325 -5.67003
 96.35 -5.67275
 96.375 -5.67546
 96.4 -5.67817
 96.425 -5.68087
 96.45 -5.68356
 96.475 -5.68625
 96.5 -5.68894
 96.525 -5.69161
 96.55 -5.69429
 96.575 -5.69695
 96.6 -5.69962
 96.625 -5.70227
 96.65 -5.70492
 96.675 -5.70757
 96.7 -5.71021
 96.725 -5.71285
 96.75 -5.71548
 96.775 -5.7181
 96.8 -5.72072
 96.825 -5.72333
 96.85 -5.72594
 96.875 -5.72855
 96.9 -5.73114
 96.925 -5.73374
 96.95 -5.73632
 96.975 -5.73891
 97 -5.74148
 97.025 -5.74406
 97.05 -5.74662
 97.075 -5.74918
 97.1 -5.75174
 97.125 -5.75429
 97.15 -5.75684
 97.175 -5.75938
 97.2 -5.76191
 97.225 -5.76444
 97.25 -5.76697
 97.275 -5.76949
 97.3 -5.772
 97.325 -5.77451
 97.35 -5.77702
 97.375 -5.77952
 97.4 -5.78201
 97.425 -5.7845
 97.45 -5.78699
 97.475 -5.78947
 97.5 -5.79194
 97.525 -5.79441
 97.55 -5.79687
 97.575 -5.79933
 97.6 -5.80179
 97.625 -5.80424
 97.65 -5.80668
 97.675 -5.80912
 97.7 -5.81155
 97.725 -5.81398
 97.75 -5.81641
 97.775 -5.81882
 97.8 -5.82124
 97.825 -5.82365
 97.85 -5.82605
 97.875 -5.82845
 97.9 -5.83085
 97.925 -5.83324
 97.95 -5.83562
 97.975 -5.838
 98 -5.84038
 98.025 -5.84275
 98.05 -5.84511
 98.075 -5.84747
 98.1 -5.84983
 98.125 -5.85218
 98.15 -5.85452
 98.175 -5.85687
 98.2 -5.8592
 98.225 -5.86153
 98.25 -5.86386
 98.275 -5.86618
 98.3 -5.8685
 98.325 -5.87081
 98.35 -5.87312
 98.375 -5.87542
 98.4 -5.87772
 98.425 -5.88001
 98.45 -5.8823
 98.475 -5.88459
 98.5 -5.88687
 98.525 -5.88914
 98.55 -5.89141
 98.575 -5.89368
 98.6 -5.89594
 98.625 -5.89819
 98.65 -5.90044
 98.675 -5.90269
 98.7 -5.90493
 98.725 -5.90717
 98.75 -5.9094
 98.775 -5.91163
 98.8 -5.91386
 98.825 -5.91608
 98.85 -5.91829
 98.875 -5.9205
 98.9 -5.92271
 98.925 -5.92491
 98.95 -5.9271
 98.975 -5.9293
 99 -5.93148
 99.025 -5.93367
 99.05 -5.93584
 99.075 -5.93802
 99.1 -5.94019
 99.125 -5.94235
 99.15 -5.94451
 99.175 -5.94667
 99.2 -5.94882
 99.225 -5.95097
 99.25 -5.95311
 99.275 -5.95525
 99.3 -5.95738
 99.325 -5.95951
 99.35 -5.96164
 99.375 -5.96376
 99.4 -5.96588
 99.425 -5.96799
 99.45 -5.9701
 99.475 -5.9722
 99.5 -5.9743
 99.525 -5.97639
 99.55 -5.97848
 99.575 -5.98057
 99.6 -5.98265
 99.625 -5.98473
 99.65 -5.9868
 99.675 -5.98887
 99.7 -5.99094
 99.725 -5.993
 99.75 -5.99505
 99.775 -5.9971
 99.8 -5.99915
 99.825 -6.00119
 99.85 -6.00323
 99.875 -6.00527
 99.9 -6.0073
 99.925 -6.00933
 99.95 -6.01135
 99.975 -6.01337
 100 -6.01538
