4001 2
 0 0
 0.025 0.0613962
 0.05 0.117054
 0.075 0.168037
 0.1 0.215178
 0.125 0.259135
 0.15 0.300429
 0.175 0.339476
 0.2 0.376608
 0.225 0.412095
 0.25 0.446155
 0.275 0.478967
 0.3 0.51068
 0.325 0.541416
 0.35 0.571278
 0.375 0.600351
 0.4 0.62871
 0.425 0.656418
 0.45 0.683528
 0.475 0.710088
 0.5 0.73614
 0.525 0.761718
 0.55 0.786855
 0.575 0.811579
 0.6 0.835916
 0.625 0.859888
 0.65 0.883516
 0.675 0.90682
 0.7 0.929815
 0.725 0.952517
 0.75 0.97494
 0.775 0.997097
 0.8 1.019
 0.825 1.04066
 0.85 1.06209
 0.875 1.0833
 0.9 1.10429
 0.925 1.12508
 0.95 1.14567
 0.975 1.16607
 1 1.18629
 1.025 1.20633
 1.05 1.2262
 1.075 1.24591
 1.1 1.26545
 1.125 1.28485
 1.15 1.30409
 1.175 1.32319
 1.2 1.34215
 1.225 1.36098
 1.25 1.37967
 1.275 1.39823
 1.3 1.41667
 1.325 1.43499
 1.35 1.4532
 1.375 1.47128
 1.4 1.48926
 1.425 1.50713
 1.45 1.52489
 1.475 1.54256
 1.5 1.56012
 1.525 1.57758
 1.55 1.59495
 1.575 1.61223
 1.6 1.62941
 1.625 1.64651
 1.65 1.66352
 1.675 1.68044
 1.7 1.69729
 1.725 1.71405
 1.75 1.73074
 1.775 1.74735
 1.8 1.76389
 1.825 1.78035
 1.85 1.79674
 1.875 1.81305
 1.9 1.8293
 1.925 1.84549
 1.95 1.8616
 1.975 1.87766
 2 1.89365
 2.025 1.90958
 2.05 1.92545
 2.075 1.94126
 2.1 1.95701
 2.125 1.9727
 2.15 1.98834
 2.175 2.00393
 2.2 2.01946
 2.225 2.03494
 2.25 2.05036
 2.275 2.06574
 2.3 2.08107
 2.325 2.09635
 2.35 2.11159
 2.375 2.12677
 2.4 2.14192
 2.425 2.15702
 2.45 2.17207
 2.475 2.18708
 2.5 2.20205
 2.525 2.21698
 2.55 2.23187
 2.575 2.24671
 2.6 2.26152
 2.625 2.2763
 2.65 2.29103
 2.675 2.30573
 2.7 2.3204
 2.725 2.33503
 2.75 2.34962
 2.775 2.36418
 2.8 2.37871
 2.825 2.39321
 2.85 2.40767
 2.875 2.4221
 2.9 2.43651
 2.925 2.45088
 2.95 2.46522
 2.975 2.47954
 3 2.49383
 3.025 2.50809
 3.05 2.52233
 3.075 2.53654
 3.1 2.55072
 3.125 2.56488
 3.15 2.57901
 3.175 2.59312
 3.2 2.60721
 3.225 2.62127
 3.25 2.63531
 3.275 2.64933
 3.3 2.66333
 3.325 2.67731
 3.35 2.69127
 3.375 2.70521
 3.4 2.71913
 3.425 2.73303
 3.45 2.74691
 3.475 2.76078
 3.5 2.77463
 3.525 2.78846
 3.55 2.80227
 3.575 2.81607
 3.6 2.82985
 3.625 2.84361
 3.65 2.85736
 3.675 2.8711
 3.7 2.88483
 3.725 2.89854
 3.75 2.91224
 3.775 2.92593
 3.8 2.9396
 3.825 2.95326
 3.85 2.96692
 3.875 2.98056
 3.9 2.99419
 3.925 3.0078
 3.95 3.02141
 3.975 3.03501
 4 3.0486
 4.025 3.06219
 4.05 3.07576
 4.075 3.08933
 4.1 3.10289
 4.125 3.11645
 4.15 3.12999
 4.175 3.14354
 4.2 3.15707
 4.225 3.1706
 4.25 3.18413
 4.275 3.19765
 4.3 3.21116
 4.325 3.22467
 4.35 3.23818
 4.375 3.25169
 4.4 3.26519
 4.425 3.27869
 4.45 3.29219
 4.475 3.30568
 4.5 3.31918
 4.525 3.33268
 4.55 3.34617
 4.575 3.35966
 4.6 3.37316
 4.625 3.38665
 4.65 3.40015
 4.675 3.41364
 4.7 3.42714
 4.725 3.44063
 4.75 3.45413
 4.775 3.46764
 4.8 3.48114
 4.825 3.49465
 4.85 3.50817
 4.875 3.52169
 4.9 3.53521
 4.925 3.54874
 4.95 3.56227
 4.975 3.5758
 5 3.58935
 5.025 3.60289
 5.05 3.61645
 5.075 3.63001
 5.1 3.64357
 5.125 3.65715
 5.15 3.67073
 5.175 3.68432
 5.2 3.69792
 5.225 3.71153
 5.25 3.72515
 5.275 3.73878
 5.3 3.75242
 5.325 3.76607
 5.35 3.77973
 5.375 3.7934
 5.4 3.80708
 5.425 3.82077
 5.45 3.83447
 5.475 3.84819
 5.5 3.86191
 5.525 3.87566
 5.55 3.88941
 5.575 3.90318
 5.6 3.91697
 5.625 3.93077
 5.65 3.94458
 5.675 3.95841
 5.7 3.97226
 5.725 3.98612
 5.75 3.99999
 5.775 4.01389
 5.8 4.02779
 5.825 4.04172
 5.85 4.05567
 5.875 4.06963
 5.9 4.08361
 5.925 4.09762
 5.95 4.11164
 5.975 4.12568
 6 4.13975
 6.025 4.15383
 6.05 4.16793
 6.075 4.18206
 6.1 4.19621
 6.125 4.21037
 6.15 4.22456
 6.175 4.23878
 6.2 4.25301
 6.225 4.26728
 6.25 4.28156
 6.275 4.29588
 6.3 4.31021
 6.325 4.32458
 6.35 4.33897
 6.375 4.35338
 6.4 4.36782
 6.425 4.38229
 6.45 4.39679
 6.475 4.41131
 6.5 4.42587
 6.525 4.44045
 6.55 4.45506
 6.575 4.4697
 6.6 4.48437
 6.625 4.49908
 6.65 4.51382
 6.675 4.52859
 6.7 4.54339
 6.725 4.55822
 6.75 4.57309
 6.775 4.58799
 6.8 4.60292
 6.825 4.61789
 6.85 4.6329
 6.875 4.64794
 6.9 4.66301
 6.925 4.67813
 6.95 4.69328
 6.975 4.70848
 7 4.72371
 7.025 4.73898
 7.05 4.75429
 7.075 4.76964
 7.1 4.78503
 7.125 4.80046
 7.15 4.81593
 7.175 4.83145
 7.2 4.84701
 7.225 4.86261
 7.25 4.87826
 7.275 4.89396
 7.3 4.9097
 7.325 4.92548
 7.35 4.94132
 7.375 4.9572
 7.4 4.97313
 7.425 4.98911
 7.45 5.00514
 7.475 5.02122
 7.5 5.03734
 7.525 5.05353
 7.55 5.06976
 7.575 5.08605
 7.6 5.10239
 7.625 5.11879
 7.65 5.13524
 7.675 5.15175
 7.7 5.16832
 7.725 5.18495
 7.75 5.20163
 7.775 5.21837
 7.8 5.23517
 7.825 5.25203
 7.85 5.26895
 7.875 5.28594
 7.9 5.30299
 7.925 5.32011
 7.95 5.33729
 7.975 5.35454
 8 5.37186
 8.025 5.38925
 8.05 5.4067
 8.075 5.42422
 8.1 5.44181
 8.125 5.45948
 8.15 5.47722
 8.175 5.49503
 8.2 5.51292
 8.225 5.53089
 8.25 5.54893
 8.275 5.56706
 8.3 5.58526
 8.325 5.60354
 8.35 5.6219
 8.375 5.64035
 8.4 5.65888
 8.425 5.67749
 8.45 5.6962
 8.475 5.71499
 8.5 5.73387
 8.525 5.75285
 8.55 5.77191
 8.575 5.79107
 8.6 5.81032
 8.625 5.82967
 8.65 5.84911
 8.675 5.86865
 8.7 5.8883
 8.725 5.90805
 8.75 5.9279
 8.775 5.94786
 8.8 5.96792
 8.825 5.98809
 8.85 6.00837
 8.875 6.02876
 8.9 6.04927
 8.925 6.06989
 8.95 6.09063
 8.975 6.11149
 9 6.13247
 9.025 6.15357
 9.05 6.1748
 9.075 6.19615
 9.1 6.21763
 9.125 6.23924
 9.15 6.26098
 9.175 6.28286
 9.2 6.30488
 9.225 6.32704
 9.25 6.34934
 9.275 6.37179
 9.3 6.39438
 9.325 6.41712
 9.35 6.44001
 9.375 6.46306
 9.4 6.48626
 9.425 6.50962
 9.45 6.53315
 9.475 6.55685
 9.5 6.58071
 9.525 6.60474
 9.55 6.62894
 9.575 6.65333
 9.6 6.67789
 9.625 6.70264
 9.65 6.72758
 9.675 6.75271
 9.7 6.77804
 9.725 6.80356
 9.75 6.82928
 9.775 6.85521
 9.8 6.88135
 9.825 6.90771
 9.85 6.93428
 9.875 6.96108
 9.9 6.9881
 9.925 7.01535
 9.95 7.04284
 9.975 7.07057
 10 7.09855
 10.025 7.12678
 10.05 7.15527
 10.075 7.18401
 10.1 7.21303
 10.125 7.24231
 10.15 7.27187
 10.175 7.30172
 10.2 7.33186
 10.225 7.3623
 10.25 7.39305
 10.275 7.4241
 10.3 7.45547
 10.325 7.48716
 10.35 7.51919
 10.375 7.55156
 10.4 7.58428
 10.425 7.61735
 10.45 7.65079
 10.475 7.6846
 10.5 7.7188
 10.525 7.75339
 10.55 7.78839
 10.575 7.82379
 10.6 7.85962
 10.625 7.89588
 10.65 7.93259
 10.675 7.96976
 10.7 8.0074
 10.725 8.04551
 10.75 8.08412
 10.775 8.12325
 10.8 8.16289
 10.825 8.20308
 10.85 8.24381
 10.875 8.28511
 10.9 8.327
 10.925 8.3695
 10.95 8.41262
 10.975 8.45637
 11 8.50078
 11.025 8.54588
 11.05 8.59168
 11.075 8.6382
 11.1 8.68546
 11.125 8.7335
 11.15 8.78234
 11.175 8.832
 11.2 8.88252
 11.225 8.93391
 11.25 8.98623
 11.275 9.03948
 11.3 9.09371
 11.325 9.14897
 11.35 9.20527
 11.375 9.26267
 11.4 9.3212
 11.425 9.38092
 11.45 9.44186
 11.475 9.50408
 11.5 9.56763
 11.525 9.63257
 11.55 9.69895
 11.575 9.76683
 11.6 9.83629
 11.625 9.90739
 11.65 9.98022
 11.675 10.0548
 11.7 10.1313
 11.725 10.2098
 11.75 10.2904
 11.775 10.3731
 11.8 10.4581
 11.825 10.5455
 11.85 10.6355
 11.875 10.7281
 11.9 10.8236
 11.925 10.9221
 11.95 11.0237
 11.975 11.1287
 12 11.2372
 12.025 11.3495
 12.05 11.4659
 12.075 11.5865
 12.1 11.7117
 12.125 11.8418
 12.15 11.9772
 12.175 12.1182
 12.2 12.2653
 12.225 12.4189
 12.25 12.5796
 12.275 12.7479
 12.3 12.9246
 12.325 13.1103
 12.35 13.3058
 12.375 13.5121
 12.4 13.7303
 12.425 13.9615
 12.45 14.2071
 12.475 14.4686
 12.5 14.748
 12.525 15.0472
 12.55 15.3687
 12.575 15.7153
 12.6 16.0904
 12.625 16.4979
 12.65 16.9426
 12.675 17.4302
 12.7 17.9674
 12.725 18.5625
 12.75 19.2257
 12.775 19.9694
 12.8 20.8091
 12.825 21.764
 12.85 22.8578
 12.875 24.1202
 12.9 25.5879
 12.925 27.3048
 12.95 29.3223
 12.975 31.6952
 13 34.4715
 13.025 37.6718
 13.05 41.2579
 13.075 45.1092
 13.1 49.0388
 13.125 52.8453
 13.15 56.3605
 13.175 59.4736
 13.2 62.1325
 13.225 64.3315
 13.25 66.093
 13.275 67.4527
 13.3 68.4503
 13.325 69.1241
 13.35 69.5097
 13.375 69.6395
 13.4 69.5432
 13.425 69.2482
 13.45 68.78
 13.475 68.1623
 13.5 67.4171
 13.525 66.5648
 13.55 65.6243
 13.575 64.613
 13.6 63.5467
 13.625 62.4401
 13.65 61.3063
 13.675 60.1573
 13.7 59.0038
 13.725 57.8555
 13.75 56.7208
 13.775 55.607
 13.8 54.52
 13.825 53.4649
 13.85 52.4451
 13.875 51.4632
 13.9 50.5204
 13.925 49.6173
 13.95 48.7535
 13.975 47.9281
 14 47.1398
 14.025 46.3866
 14.05 45.6664
 14.075 44.9769
 14.1 44.3156
 14.125 43.6801
 14.15 43.0678
 14.175 42.4765
 14.2 41.904
 14.225 41.3483
 14.25 40.8076
 14.275 40.2804
 14.3 39.7653
 14.325 39.261
 14.35 38.7665
 14.375 38.2809
 14.4 37.8035
 14.425 37.3336
 14.45 36.8708
 14.475 36.4146
 14.5 35.9647
 14.525 35.5209
 14.55 35.0829
 14.575 34.6506
 14.6 34.2239
 14.625 33.8027
 14.65 33.3871
 14.675 32.9768
 14.7 32.572
 14.725 32.1726
 14.75 31.7786
 14.775 31.3901
 14.8 31.0069
 14.825 30.6292
 14.85 30.2569
 14.875 29.8899
 14.9 29.5284
 14.925 29.1722
 14.95 28.8213
 14.975 28.4757
 15 28.1354
 15.025 27.8003
 15.05 27.4704
 15.075 27.1456
 15.1 26.8259
 15.125 26.5112
 15.15 26.2015
 15.175 25.8968
 15.2 25.5968
 15.225 25.3017
 15.25 25.0113
 15.275 24.7256
 15.3 24.4446
 15.325 24.168
 15.35 23.8961
 15.375 23.6285
 15.4 23.3654
 15.425 23.1065
 15.45 22.852
 15.475 22.6017
 15.5 22.3556
 15.525 22.1137
 15.55 21.8758
 15.575 21.642
 15.6 21.4121
 15.625 21.1863
 15.65 20.9643
 15.675 20.7462
 15.7 20.5319
 15.725 20.3215
 15.75 20.1147
 15.775 19.9117
 15.8 19.7124
 15.825 19.5167
 15.85 19.3246
 15.875 19.1361
 15.9 18.9511
 15.925 18.7697
 15.95 18.5916
 15.975 18.4171
 16 18.2459
 16.025 18.0781
 16.05 17.9136
 16.075 17.7524
 16.1 17.5945
 16.125 17.4398
 16.15 17.2883
 16.175 17.1399
 16.2 16.9947
 16.225 16.8525
 16.25 16.7134
 16.275 16.5774
 16.3 16.4443
 16.325 16.3141
 16.35 16.1869
 16.375 16.0625
 16.4 15.941
 16.425 15.8223
 16.45 15.7064
 16.475 15.5932
 16.5 15.4826
 16.525 15.3748
 16.55 15.2695
 16.575 15.1669
 16.6 15.0668
 16.625 14.9693
 16.65 14.8742
 16.675 14.7816
 16.7 14.6914
 16.725 14.6036
 16.75 14.5181
 16.775 14.435
 16.8 14.3542
 16.825 14.2756
 16.85 14.1993
 16.875 14.1252
 16.9 14.0532
 16.925 13.9835
 16.95 13.9158
 16.975 13.8503
 17 13.7868
 17.025 13.7254
 17.05 13.666
 17.075 13.6087
 17.1 13.5533
 17.125 13.4999
 17.15 13.4485
 17.175 13.399
 17.2 13.3514
 17.225 13.3058
 17.25 13.262
 17.275 13.2201
 17.3 13.1801
 17.325 13.142
 17.35 13.1057
 17.375 13.0712
 17.4 13.0386
 17.425 13.0078
 17.45 12.9789
 17.475 12.9518
 17.5 12.9265
 17.525 12.903
 17.55 12.8813
 17.575 12.8615
 17.6 12.8435
 17.625 12.8274
 17.65 12.813
 17.675 12.8006
 17.7 12.79
 17.725 12.7812
 17.75 12.7744
 17.775 12.7694
 17.8 12.7664
 17.825 12.7653
 17.85 12.7661
 17.875 12.7689
 17.9 12.7737
 17.925 12.7805
 17.95 12.7894
 17.975 12.8003
 18 12.8133
 18.025 12.8284
 18.05 12.8458
 18.075 12.8653
 18.1 12.887
 18.125 12.9111
 18.15 12.9374
 18.175 12.9662
 18.2 12.9973
 18.225 13.031
 18.25 13.0671
 18.275 13.1059
 18.3 13.1473
 18.325 13.1914
 18.35 13.2383
 18.375 13.2881
 18.4 13.3408
 18.425 13.3966
 18.45 13.4554
 18.475 13.5175
 18.5 13.5829
 18.525 13.6517
 18.55 13.724
 18.575 13.8
 18.6 13.8798
 18.625 13.9635
 18.65 14.0513
 18.675 14.1433
 18.7 14.2397
 18.725 14.3407
 18.75 14.4464
 18.775 14.5571
 18.8 14.6731
 18.825 14.7945
 18.85 14.9216
 18.875 15.0547
 18.9 15.1942
 18.925 15.3403
 18.95 15.4934
 18.975 15.654
 19 15.8224
 19.025 15.9992
 19.05 16.1848
 19.075 16.3799
 19.1 16.5851
 19.125 16.8011
 19.15 17.0286
 19.175 17.2686
 19.2 17.522
 19.225 17.7898
 19.25 18.0732
 19.275 18.3736
 19.3 18.6924
 19.325 19.0313
 19.35 19.3921
 19.375 19.7769
 19.4 20.1881
 19.425 20.6283
 19.45 21.1004
 19.475 21.608
 19.5 22.1547
 19.525 22.7448
 19.55 23.383
 19.575 24.0748
 19.6 24.8259
 19.625 25.6427
 19.65 26.5321
 19.675 27.501
 19.7 28.5565
 19.725 29.7047
 19.75 30.9506
 19.775 32.296
 19.8 33.7385
 19.825 35.2694
 19.85 36.8716
 19.875 38.5184
 19.9 40.1743
 19.925 41.797
 19.95 43.3423
 19.975 44.7687
 20 46.0424
 20.025 47.1388
 20.05 48.0437
 20.075 48.7518
 20.1 49.2655
 20.125 49.5927
 20.15 49.745
 20.175 49.7365
 20.2 49.5824
 20.225 49.2984
 20.25 48.8999
 20.275 48.402
 20.3 47.8189
 20.325 47.1643
 20.35 46.4507
 20.375 45.6897
 20.4 44.8921
 20.425 44.0675
 20.45 43.2248
 20.475 42.3718
 20.5 41.5153
 20.525 40.6612
 20.55 39.8147
 20.575 38.9799
 20.6 38.1604
 20.625 37.3589
 20.65 36.5775
 20.675 35.8177
 20.7 35.0807
 20.725 34.367
 20.75 33.677
 20.775 33.0108
 20.8 32.3681
 20.825 31.7486
 20.85 31.1519
 20.875 30.5773
 20.9 30.0243
 20.925 29.4921
 20.95 28.9801
 20.975 28.4876
 21 28.0137
 21.025 27.5579
 21.05 27.1195
 21.075 26.6978
 21.1 26.2921
 21.125 25.9019
 21.15 25.5265
 21.175 25.1655
 21.2 24.8183
 21.225 24.4843
 21.25 24.1632
 21.275 23.8545
 21.3 23.5577
 21.325 23.2725
 21.35 22.9985
 21.375 22.7354
 21.4 22.4829
 21.425 22.2405
 21.45 22.0081
 21.475 21.7855
 21.5 21.5722
 21.525 21.3682
 21.55 21.1731
 21.575 20.9868
 21.6 20.809
 21.625 20.6396
 21.65 20.4783
 21.675 20.3251
 21.7 20.1797
 21.725 20.0419
 21.75 19.9116
 21.775 19.7886
 21.8 19.6729
 21.825 19.5642
 21.85 19.4624
 21.875 19.3675
 21.9 19.2792
 21.925 19.1975
 21.95 19.1222
 21.975 19.0533
 22 18.9907
 22.025 18.9342
 22.05 18.8838
 22.075 18.8394
 22.1 18.801
 22.125 18.7684
 22.15 18.7417
 22.175 18.7207
 22.2 18.7054
 22.225 18.6958
 22.25 18.6919
 22.275 18.6936
 22.3 18.7009
 22.325 18.7138
 22.35 18.7322
 22.375 18.7563
 22.4 18.7859
 22.425 18.8212
 22.45 18.8621
 22.475 18.9086
 22.5 18.9609
 22.525 19.0189
 22.55 19.0828
 22.575 19.1525
 22.6 19.2282
 22.625 19.3099
 22.65 19.3977
 22.675 19.4919
 22.7 19.5923
 22.725 19.6993
 22.75 19.813
 22.775 19.9334
 22.8 20.0608
 22.825 20.1954
 22.85 20.3374
 22.875 20.487
 22.9 20.6443
 22.925 20.8098
 22.95 20.9836
 22.975 21.1661
 23 21.3576
 23.025 21.5583
 23.05 21.7687
 23.075 21.9892
 23.1 22.2202
 23.125 22.462
 23.15 22.7151
 23.175 22.9801
 23.2 23.2575
 23.225 23.5476
 23.25 23.8512
 23.275 24.1687
 23.3 24.5007
 23.325 24.8479
 23.35 25.2106
 23.375 25.5896
 23.4 25.9853
 23.425 26.3982
 23.45 26.8287
 23.475 27.2771
 23.5 27.7436
 23.525 28.2282
 23.55 28.7308
 23.575 29.2507
 23.6 29.7874
 23.625 30.3397
 23.65 30.9059
 23.675 31.4841
 23.7 32.0717
 23.725 32.6655
 23.75 33.2618
 23.775 33.8562
 23.8 34.4438
 23.825 35.0193
 23.85 35.5771
 23.875 36.1113
 23.9 36.616
 23.925 37.0859
 23.95 37.5156
 23.975 37.9008
 24 38.2376
 24.025 38.5233
 24.05 38.7558
 24.075 38.9343
 24.1 39.0588
 24.125 39.1299
 24.15 39.1493
 24.175 39.1191
 24.2 39.0419
 24.225 38.9209
 24.25 38.7593
 24.275 38.5607
 24.3 38.3286
 24.325 38.0666
 24.35 37.7782
 24.375 37.4668
 24.4 37.1358
 24.425 36.788
 24.45 36.4266
 24.475 36.054
 24.5 35.6727
 24.525 35.2849
 24.55 34.8927
 24.575 34.4978
 24.6 34.1019
 24.625 33.7063
 24.65 33.3122
 24.675 32.9208
 24.7 32.533
 24.725 32.1497
 24.75 31.7714
 24.775 31.3987
 24.8 31.0322
 24.825 30.6723
 24.85 30.3193
 24.875 29.9735
 24.9 29.635
 24.925 29.3041
 24.95 28.9808
 24.975 28.6652
 25 28.3575
 25.025 28.0575
 25.05 27.7654
 25.075 27.481
 25.1 27.2045
 25.125 26.9356
 25.15 26.6744
 25.175 26.4207
 25.2 26.1746
 25.225 25.9359
 25.25 25.7044
 25.275 25.4803
 25.3 25.2632
 25.325 25.0532
 25.35 24.8501
 25.375 24.6538
 25.4 24.4642
 25.425 24.2813
 25.45 24.1048
 25.475 23.9348
 25.5 23.771
 25.525 23.6135
 25.55 23.462
 25.575 23.3165
 25.6 23.177
 25.625 23.0432
 25.65 22.9152
 25.675 22.7927
 25.7 22.6758
 25.725 22.5643
 25.75 22.4582
 25.775 22.3573
 25.8 22.2617
 25.825 22.1712
 25.85 22.0857
 25.875 22.0053
 25.9 21.9298
 25.925 21.8592
 25.95 21.7934
 25.975 21.7324
 26 21.6762
 26.025 21.6247
 26.05 21.5778
 26.075 21.5356
 26.1 21.498
 26.125 21.4649
 26.15 21.4364
 26.175 21.4125
 26.2 21.393
 26.225 21.378
 26.25 21.3675
 26.275 21.3614
 26.3 21.3598
 26.325 21.3627
 26.35 21.37
 26.375 21.3818
 26.4 21.398
 26.425 21.4188
 26.45 21.4441
 26.475 21.474
 26.5 21.5084
 26.525 21.5475
 26.55 21.5912
 26.575 21.6396
 26.6 21.6928
 26.625 21.7509
 26.65 21.8139
 26.675 21.8818
 26.7 21.9548
 26.725 22.033
 26.75 22.1164
 26.775 22.2051
 26.8 22.2994
 26.825 22.3992
 26.85 22.5047
 26.875 22.6161
 26.9 22.7335
 26.925 22.8571
 26.95 22.987
 26.975 23.1234
 27 23.2665
 27.025 23.4164
 27.05 23.5734
 27.075 23.7378
 27.1 23.9096
 27.125 24.0892
 27.15 24.2767
 27.175 24.4724
 27.2 24.6766
 27.225 24.8895
 27.25 25.1112
 27.275 25.3422
 27.3 25.5826
 27.325 25.8326
 27.35 26.0924
 27.375 26.3622
 27.4 26.6423
 27.425 26.9326
 27.45 27.2333
 27.475 27.5444
 27.5 27.8658
 27.525 28.1974
 27.55 28.539
 27.575 28.8903
 27.6 29.2508
 27.625 29.6199
 27.65 29.9968
 27.675 30.3805
 27.7 30.77
 27.725 31.1638
 27.75 31.5605
 27.775 31.9582
 27.8 32.355
 27.825 32.7487
 27.85 33.1368
 27.875 33.5168
 27.9 33.8862
 27.925 34.2421
 27.95 34.5819
 27.975 34.9028
 28 35.2023
 28.025 35.478
 28.05 35.7278
 28.075 35.9496
 28.1 36.1421
 28.125 36.3038
 28.15 36.4341
 28.175 36.5325
 28.2 36.5987
 28.225 36.6332
 28.25 36.6363
 28.275 36.6091
 28.3 36.5526
 28.325 36.4681
 28.35 36.3571
 28.375 36.2213
 28.4 36.0623
 28.425 35.882
 28.45 35.682
 28.475 35.4643
 28.5 35.2307
 28.525 34.9827
 28.55 34.7222
 28.575 34.4506
 28.6 34.1696
 28.625 33.8806
 28.65 33.5848
 28.675 33.2836
 28.7 32.9781
 28.725 32.6694
 28.75 32.3583
 28.775 32.0459
 28.8 31.7328
 28.825 31.4199
 28.85 31.1078
 28.875 30.7969
 28.9 30.488
 28.925 30.1813
 28.95 29.8774
 28.975 29.5766
 29 29.2792
 29.025 28.9854
 29.05 28.6956
 29.075 28.4098
 29.1 28.1284
 29.125 27.8514
 29.15 27.579
 29.175 27.3112
 29.2 27.0482
 29.225 26.7901
 29.25 26.5369
 29.275 26.2886
 29.3 26.0453
 29.325 25.807
 29.35 25.5737
 29.375 25.3454
 29.4 25.1222
 29.425 24.9041
 29.45 24.6909
 29.475 24.4828
 29.5 24.2796
 29.525 24.0814
 29.55 23.8882
 29.575 23.6999
 29.6 23.5165
 29.625 23.338
 29.65 23.1643
 29.675 22.9954
 29.7 22.8313
 29.725 22.6719
 29.75 22.5172
 29.775 22.3672
 29.8 22.2218
 29.825 22.081
 29.85 21.9448
 29.875 21.8132
 29.9 21.686
 29.925 21.5632
 29.95 21.445
 29.975 21.331
 30 21.2215
 30.025 21.1163
 30.05 21.0154
 30.075 20.9187
 30.1 20.8263
 30.125 20.7382
 30.15 20.6542
 30.175 20.5743
 30.2 20.4986
 30.225 20.4271
 30.25 20.3596
 30.275 20.2962
 30.3 20.2369
 30.325 20.1816
 30.35 20.1304
 30.375 20.0832
 30.4 20.04
 30.425 20.0009
 30.45 19.9658
 30.475 19.9347
 30.5 19.9076
 30.525 19.8845
 30.55 19.8655
 30.575 19.8505
 30.6 19.8396
 30.625 19.8328
 30.65 19.8301
 30.675 19.8316
 30.7 19.8372
 30.725 19.8471
 30.75 19.8612
 30.775 19.8796
 30.8 19.9024
 30.825 19.9296
 30.85 19.9612
 30.875 19.9975
 30.9 20.0383
 30.925 20.0839
 30.95 20.1343
 30.975 20.1897
 31 20.25
 31.025 20.3155
 31.05 20.3863
 31.075 20.4625
 31.1 20.5443
 31.125 20.6319
 31.15 20.7253
 31.175 20.8249
 31.2 20.9308
 31.225 21.0433
 31.25 21.1625
 31.275 21.2887
 31.3 21.4223
 31.325 21.5634
 31.35 21.7125
 31.375 21.8699
 31.4 22.0358
 31.425 22.2108
 31.45 22.3952
 31.475 22.5894
 31.5 22.794
 31.525 23.0094
 31.55 23.2362
 31.575 23.4749
 31.6 23.726
 31.625 23.9904
 31.65 24.2684
 31.675 24.561
 31.7 24.8687
 31.725 25.1922
 31.75 25.5323
 31.775 25.8897
 31.8 26.2652
 31.825 26.6593
 31.85 27.0727
 31.875 27.506
 31.9 27.9595
 31.925 28.4337
 31.95 28.9284
 31.975 29.4436
 32 29.9788
 32.025 30.5331
 32.05 31.1051
 32.075 31.6929
 32.1 32.2941
 32.125 32.9055
 32.15 33.5231
 32.175 34.1426
 32.2 34.7585
 32.225 35.3651
 32.25 35.9562
 32.275 36.525
 32.3 37.0652
 32.325 37.5701
 32.35 38.034
 32.375 38.4515
 32.4 38.8181
 32.425 39.1306
 32.45 39.3864
 32.475 39.5842
 32.5 39.7238
 32.525 39.8058
 32.55 39.8316
 32.575 39.8034
 32.6 39.724
 32.625 39.5965
 32.65 39.4244
 32.675 39.2113
 32.7 38.9611
 32.725 38.6776
 32.75 38.3645
 32.775 38.0255
 32.8 37.664
 32.825 37.2834
 32.85 36.8868
 32.875 36.4771
 32.9 36.057
 32.925 35.6287
 32.95 35.1946
 32.975 34.7566
 33 34.3164
 33.025 33.8755
 33.05 33.4354
 33.075 32.9972
 33.1 32.5619
 33.125 32.1303
 33.15 31.7032
 33.175 31.2812
 33.2 30.8649
 33.225 30.4545
 33.25 30.0506
 33.275 29.6533
 33.3 29.2629
 33.325 28.8795
 33.35 28.5032
 33.375 28.1342
 33.4 27.7723
 33.425 27.4178
 33.45 27.0705
 33.475 26.7304
 33.5 26.3975
 33.525 26.0718
 33.55 25.7532
 33.575 25.4415
 33.6 25.1368
 33.625 24.8389
 33.65 24.5478
 33.675 24.2634
 33.7 23.9856
 33.725 23.7143
 33.75 23.4494
 33.775 23.1909
 33.8 22.9386
 33.825 22.6925
 33.85 22.4525
 33.875 22.2184
 33.9 21.9903
 33.925 21.768
 33.95 21.5515
 33.975 21.3406
 34 21.1354
 34.025 20.9357
 34.05 20.7414
 34.075 20.5526
 34.1 20.369
 34.125 20.1907
 34.15 20.0176
 34.175 19.8495
 34.2 19.6866
 34.225 19.5286
 34.25 19.3755
 34.275 19.2272
 34.3 19.0837
 34.325 18.945
 34.35 18.8109
 34.375 18.6814
 34.4 18.5564
 34.425 18.4359
 34.45 18.3199
 34.475 18.2082
 34.5 18.1008
 34.525 17.9976
 34.55 17.8986
 34.575 17.8038
 34.6 17.713
 34.625 17.6263
 34.65 17.5436
 34.675 17.4648
 34.7 17.3898
 34.725 17.3188
 34.75 17.2515
 34.775 17.1879
 34.8 17.1281
 34.825 17.0719
 34.85 17.0193
 34.875 16.9704
 34.9 16.9249
 34.925 16.883
 34.95 16.8446
 34.975 16.8097
 35 16.7782
 35.025 16.7501
 35.05 16.7254
 35.075 16.704
 35.1 16.6861
 35.125 16.6714
 35.15 16.6601
 35.175 16.6521
 35.2 16.6474
 35.225 16.6461
 35.25 16.648
 35.275 16.6533
 35.3 16.6619
 35.325 16.6739
 35.35 16.6892
 35.375 16.7079
 35.4 16.7301
 35.425 16.7556
 35.45 16.7847
 35.475 16.8173
 35.5 16.8534
 35.525 16.8932
 35.55 16.9367
 35.575 16.9838
 35.6 17.0348
 35.625 17.0897
 35.65 17.1486
 35.675 17.2116
 35.7 17.2787
 35.725 17.3501
 35.75 17.426
 35.775 17.5063
 35.8 17.5914
 35.825 17.6813
 35.85 17.7763
 35.875 17.8764
 35.9 17.982
 35.925 18.0932
 35.95 18.2103
 35.975 18.3335
 36 18.4631
 36.025 18.5995
 36.05 18.7428
 36.075 18.8936
 36.1 19.0522
 36.125 19.219
 36.15 19.3945
 36.175 19.5792
 36.2 19.7737
 36.225 19.9785
 36.25 20.1943
 36.275 20.4218
 36.3 20.6618
 36.325 20.9151
 36.35 21.1827
 36.375 21.4656
 36.4 21.7649
 36.425 22.0818
 36.45 22.4175
 36.475 22.7736
 36.5 23.1515
 36.525 23.553
 36.55 23.9798
 36.575 24.4338
 36.6 24.9171
 36.625 25.4318
 36.65 25.9801
 36.675 26.5642
 36.7 27.1865
 36.725 27.8489
 36.75 28.5534
 36.775 29.3013
 36.8 30.0937
 36.825 30.9303
 36.85 31.81
 36.875 32.73
 36.9 33.6855
 36.925 34.6696
 36.95 35.6727
 36.975 36.6827
 37 37.6853
 37.025 38.6645
 37.05 39.6034
 37.075 40.4854
 37.1 41.295
 37.125 42.0194
 37.15 42.6483
 37.175 43.1747
 37.2 43.5947
 37.225 43.9075
 37.25 44.1147
 37.275 44.2198
 37.3 44.228
 37.325 44.1457
 37.35 43.9798
 37.375 43.7381
 37.4 43.428
 37.425 43.0575
 37.45 42.634
 37.475 42.1649
 37.5 41.6572
 37.525 41.1173
 37.55 40.5516
 37.575 39.9655
 37.6 39.3641
 37.625 38.7521
 37.65 38.1336
 37.675 37.5121
 37.7 36.8908
 37.725 36.2723
 37.75 35.6589
 37.775 35.0525
 37.8 34.4546
 37.825 33.8665
 37.85 33.289
 37.875 32.723
 37.9 32.169
 37.925 31.6273
 37.95 31.0981
 37.975 30.5816
 38 30.0776
 38.025 29.5863
 38.05 29.1074
 38.075 28.6407
 38.1 28.1859
 38.125 27.743
 38.15 27.3115
 38.175 26.8912
 38.2 26.4817
 38.225 26.0829
 38.25 25.6943
 38.275 25.3158
 38.3 24.9469
 38.325 24.5875
 38.35 24.2372
 38.375 23.8958
 38.4 23.5631
 38.425 23.2387
 38.45 22.9225
 38.475 22.6142
 38.5 22.3137
 38.525 22.0206
 38.55 21.7349
 38.575 21.4563
 38.6 21.1846
 38.625 20.9197
 38.65 20.6614
 38.675 20.4096
 38.7 20.1641
 38.725 19.9247
 38.75 19.6914
 38.775 19.464
 38.8 19.2423
 38.825 19.0263
 38.85 18.8157
 38.875 18.6106
 38.9 18.4108
 38.925 18.2161
 38.95 18.0265
 38.975 17.8419
 39 17.6621
 39.025 17.4872
 39.05 17.3168
 39.075 17.1511
 39.1 16.9898
 39.125 16.8329
 39.15 16.6803
 39.175 16.5319
 39.2 16.3876
 39.225 16.2474
 39.25 16.1111
 39.275 15.9786
 39.3 15.85
 39.325 15.725
 39.35 15.6036
 39.375 15.4858
 39.4 15.3715
 39.425 15.2605
 39.45 15.1529
 39.475 15.0484
 39.5 14.9472
 39.525 14.849
 39.55 14.7539
 39.575 14.6617
 39.6 14.5724
 39.625 14.4859
 39.65 14.4022
 39.675 14.3212
 39.7 14.2428
 39.725 14.167
 39.75 14.0936
 39.775 14.0228
 39.8 13.9543
 39.825 13.8882
 39.85 13.8244
 39.875 13.7628
 39.9 13.7034
 39.925 13.6461
 39.95 13.5909
 39.975 13.5378
 40 13.4866
 40.025 13.4374
 40.05 13.3901
 40.075 13.3447
 40.1 13.3011
 40.125 13.2593
 40.15 13.2193
 40.175 13.181
 40.2 13.1443
 40.225 13.1093
 40.25 13.0759
 40.275 13.0441
 40.3 13.0139
 40.325 12.9852
 40.35 12.9579
 40.375 12.9322
 40.4 12.9079
 40.425 12.885
 40.45 12.8635
 40.475 12.8434
 40.5 12.8246
 40.525 12.8072
 40.55 12.7911
 40.575 12.7762
 40.6 12.7627
 40.625 12.7504
 40.65 12.7394
 40.675 12.7296
 40.7 12.721
 40.725 12.7136
 40.75 12.7074
 40.775 12.7024
 40.8 12.6986
 40.825 12.696
 40.85 12.6945
 40.875 12.6942
 40.9 12.695
 40.925 12.6969
 40.95 12.7
 40.975 12.7043
 41 12.7097
 41.025 12.7162
 41.05 12.7238
 41.075 12.7326
 41.1 12.7425
 41.125 12.7536
 41.15 12.7658
 41.175 12.7792
 41.2 12.7937
 41.225 12.8093
 41.25 12.8262
 41.275 12.8442
 41.3 12.8635
 41.325 12.8839
 41.35 12.9056
 41.375 12.9285
 41.4 12.9527
 41.425 12.9781
 41.45 13.0048
 41.475 13.0328
 41.5 13.0622
 41.525 13.0929
 41.55 13.125
 41.575 13.1585
 41.6 13.1935
 41.625 13.2299
 41.65 13.2678
 41.675 13.3073
 41.7 13.3484
 41.725 13.391
 41.75 13.4354
 41.775 13.4814
 41.8 13.5292
 41.825 13.5789
 41.85 13.6304
 41.875 13.6838
 41.9 13.7392
 41.925 13.7967
 41.95 13.8564
 41.975 13.9182
 42 13.9824
 42.025 14.0489
 42.05 14.1179
 42.075 14.1895
 42.1 14.2638
 42.125 14.3409
 42.15 14.421
 42.175 14.5041
 42.2 14.5904
 42.225 14.6801
 42.25 14.7734
 42.275 14.8703
 42.3 14.9712
 42.325 15.0762
 42.35 15.1856
 42.375 15.2995
 42.4 15.4183
 42.425 15.5423
 42.45 15.6717
 42.475 15.807
 42.5 15.9485
 42.525 16.0966
 42.55 16.2517
 42.575 16.4144
 42.6 16.5853
 42.625 16.7648
 42.65 16.9537
 42.675 17.1527
 42.7 17.3627
 42.725 17.5845
 42.75 17.8191
 42.775 18.0677
 42.8 18.3316
 42.825 18.6122
 42.85 18.911
 42.875 19.2299
 42.9 19.5708
 42.925 19.9362
 42.95 20.3285
 42.975 20.7508
 43 21.2064
 43.025 21.6991
 43.05 22.2333
 43.075 22.8139
 43.1 23.4466
 43.125 24.1375
 43.15 24.8939
 43.175 25.7234
 43.2 26.6347
 43.225 27.6366
 43.25 28.7384
 43.275 29.9484
 43.3 31.2738
 43.325 32.7179
 43.35 34.2789
 43.375 35.9467
 43.4 37.7004
 43.425 39.5068
 43.45 41.3218
 43.475 43.0947
 43.5 44.7743
 43.525 46.3156
 43.55 47.6843
 43.575 48.8582
 43.6 49.8267
 43.625 50.5889
 43.65 51.1515
 43.675 51.5257
 43.7 51.7252
 43.725 51.7641
 43.75 51.6569
 43.775 51.4176
 43.8 51.0595
 43.825 50.5953
 43.85 50.0371
 43.875 49.3964
 43.9 48.6849
 43.925 47.9139
 43.95 47.0938
 43.975 46.2347
 44 45.3458
 44.025 44.4357
 44.05 43.5123
 44.075 42.5827
 44.1 41.6532
 44.125 40.7293
 44.15 39.816
 44.175 38.9171
 44.2 38.036
 44.225 37.1754
 44.25 36.3373
 44.275 35.5232
 44.3 34.734
 44.325 33.9705
 44.35 33.2329
 44.375 32.5212
 44.4 31.8354
 44.425 31.175
 44.45 30.5396
 44.475 29.9287
 44.5 29.3416
 44.525 28.7778
 44.55 28.2367
 44.575 27.7175
 44.6 27.2196
 44.625 26.7424
 44.65 26.2853
 44.675 25.8477
 44.7 25.4288
 44.725 25.0282
 44.75 24.6452
 44.775 24.2792
 44.8 23.9296
 44.825 23.5957
 44.85 23.277
 44.875 22.9727
 44.9 22.6822
 44.925 22.4049
 44.95 22.1401
 44.975 21.8871
 45 21.6453
 45.025 21.414
 45.05 21.1926
 45.075 20.9805
 45.1 20.777
 45.125 20.5815
 45.15 20.3935
 45.175 20.2125
 45.2 20.0379
 45.225 19.8692
 45.25 19.7061
 45.275 19.5481
 45.3 19.3947
 45.325 19.2456
 45.35 19.1005
 45.375 18.959
 45.4 18.8209
 45.425 18.6858
 45.45 18.5536
 45.475 18.424
 45.5 18.2968
 45.525 18.1718
 45.55 18.0488
 45.575 17.9276
 45.6 17.8082
 45.625 17.6904
 45.65 17.574
 45.675 17.459
 45.7 17.3452
 45.725 17.2326
 45.75 17.121
 45.775 17.0104
 45.8 16.9007
 45.825 16.7919
 45.85 16.6839
 45.875 16.5765
 45.9 16.4699
 45.925 16.3639
 45.95 16.2585
 45.975 16.1536
 46 16.0492
 46.025 15.9453
 46.05 15.8419
 46.075 15.7389
 46.1 15.6363
 46.125 15.534
 46.15 15.4321
 46.175 15.3306
 46.2 15.2294
 46.225 15.1284
 46.25 15.0278
 46.275 14.9274
 46.3 14.8274
 46.325 14.7276
 46.35 14.628
 46.375 14.5288
 46.4 14.4297
 46.425 14.331
 46.45 14.2325
 46.475 14.1343
 46.5 14.0363
 46.525 13.9386
 46.55 13.8412
 46.575 13.744
 46.6 13.6472
 46.625 13.5507
 46.65 13.4544
 46.675 13.3585
 46.7 13.2629
 46.725 13.1677
 46.75 13.0728
 46.775 12.9783
 46.8 12.8842
 46.825 12.7905
 46.85 12.6972
 46.875 12.6043
 46.9 12.5118
 46.925 12.4198
 46.95 12.3283
 46.975 12.2373
 47 12.1467
 47.025 12.0567
 47.05 11.9672
 47.075 11.8782
 47.1 11.7898
 47.125 11.702
 47.15 11.6148
 47.175 11.5281
 47.2 11.4421
 47.225 11.3566
 47.25 11.2718
 47.275 11.1877
 47.3 11.1042
 47.325 11.0214
 47.35 10.9392
 47.375 10.8577
 47.4 10.7769
 47.425 10.6969
 47.45 10.6175
 47.475 10.5388
 47.5 10.4608
 47.525 10.3836
 47.55 10.3071
 47.575 10.2314
 47.6 10.1563
 47.625 10.082
 47.65 10.0085
 47.675 9.93568
 47.7 9.86362
 47.725 9.79231
 47.75 9.72175
 47.775 9.65194
 47.8 9.58288
 47.825 9.51456
 47.85 9.44699
 47.875 9.38017
 47.9 9.31409
 47.925 9.24875
 47.95 9.18415
 47.975 9.12028
 48 9.05714
 48.025 8.99473
 48.05 8.93305
 48.075 8.87208
 48.1 8.81183
 48.125 8.75229
 48.15 8.69345
 48.175 8.63531
 48.2 8.57787
 48.225 8.52111
 48.25 8.46503
 48.275 8.40963
 48.3 8.3549
 48.325 8.30083
 48.35 8.24742
 48.375 8.19466
 48.4 8.14253
 48.425 8.09105
 48.45 8.04019
 48.475 7.98995
 48.5 7.94032
 48.525 7.89131
 48.55 7.84289
 48.575 7.79506
 48.6 7.74781
 48.625 7.70115
 48.65 7.65505
 48.675 7.60951
 48.7 7.56452
 48.725 7.52009
 48.75 7.47619
 48.775 7.43282
 48.8 7.38998
 48.825 7.34765
 48.85 7.30583
 48.875 7.26451
 48.9 7.22368
 48.925 7.18334
 48.95 7.14348
 48.975 7.1041
 49 7.06518
 49.025 7.02671
 49.05 6.9887
 49.075 6.95113
 49.1 6.91399
 49.125 6.87729
 49.15 6.84101
 49.175 6.80514
 49.2 6.76969
 49.225 6.73463
 49.25 6.69998
 49.275 6.66571
 49.3 6.63183
 49.325 6.59833
 49.35 6.56519
 49.375 6.53243
 49.4 6.50002
 49.425 6.46797
 49.45 6.43626
 49.475 6.4049
 49.5 6.37388
 49.525 6.34318
 49.55 6.31281
 49.575 6.28276
 49.6 6.25303
 49.625 6.22361
 49.65 6.1945
 49.675 6.16568
 49.7 6.13716
 49.725 6.10892
 49.75 6.08098
 49.775 6.05332
 49.8 6.02593
 49.825 5.99882
 49.85 5.97197
 49.875 5.94538
 49.9 5.91906
 49.925 5.89299
 49.95 5.86718
 49.975 5.84161
 50 5.81628
 50.025 5.79119
 50.05 5.76634
 50.075 5.74172
 50.1 5.71733
 50.125 5.69316
 50.15 5.66922
 50.175 5.6455
 50.2 5.62199
 50.225 5.59869
 50.25 5.57559
 50.275 5.55271
 50.3 5.53002
 50.325 5.50754
 50.35 5.48525
 50.375 5.46315
 50.4 5.44125
 50.425 5.41953
 50.45 5.398
 50.475 5.37664
 50.5 5.35547
 50.525 5.33447
 50.55 5.31365
 50.575 5.293
 50.6 5.27252
 50.625 5.25221
 50.65 5.23206
 50.675 5.21207
 50.7 5.19225
 50.725 5.17257
 50.75 5.15306
 50.775 5.1337
 50.8 5.11449
 50.825 5.09542
 50.85 5.07651
 50.875 5.05774
 50.9 5.03911
 50.925 5.02063
 50.95 5.00228
 50.975 4.98407
 51 4.96599
 51.025 4.94805
 51.05 4.93023
 51.075 4.91255
 51.1 4.895
 51.125 4.87757
 51.15 4.86027
 51.175 4.84309
 51.2 4.82603
 51.225 4.80909
 51.25 4.79226
 51.275 4.77556
 51.3 4.75896
 51.325 4.74248
 51.35 4.72612
 51.375 4.70986
 51.4 4.69371
 51.425 4.67767
 51.45 4.66173
 51.475 4.6459
 51.5 4.63017
 51.525 4.61455
 51.55 4.59902
 51.575 4.58359
 51.6 4.56826
 51.625 4.55302
 51.65 4.53788
 51.675 4.52283
 51.7 4.50787
 51.725 4.49301
 51.75 4.47824
 51.775 4.46355
 51.8 4.44896
 51.825 4.43444
 51.85 4.42002
 51.875 4.40567
 51.9 4.39141
 51.925 4.37723
 51.95 4.36313
 51.975 4.34911
 52 4.33517
 52.025 4.3213
 52.05 4.30751
 52.075 4.2938
 52.1 4.28016
 52.125 4.2666
 52.15 4.2531
 52.175 4.23968
 52.2 4.22633
 52.225 4.21304
 52.25 4.19983
 52.275 4.18668
 52.3 4.17359
 52.325 4.16057
 52.35 4.14762
 52.375 4.13473
 52.4 4.1219
 52.425 4.10914
 52.45 4.09644
 52.475 4.08379
 52.5 4.07121
 52.525 4.05869
 52.55 4.04622
 52.575 4.03381
 52.6 4.02146
 52.625 4.00916
 52.65 3.99691
 52.675 3.98472
 52.7 3.97258
 52.725 3.96049
 52.75 3.94846
 52.775 3.93648
 52.8 3.92454
 52.825 3.91266
 52.85 3.90083
 52.875 3.88905
 52.9 3.87731
 52.925 3.86562
 52.95 3.85398
 52.975 3.84238
 53 3.83083
 53.025 3.81932
 53.05 3.80785
 53.075 3.79643
 53.1 3.78504
 53.125 3.7737
 53.15 3.7624
 53.175 3.75115
 53.2 3.73993
 53.225 3.72875
 53.25 3.71762
 53.275 3.70652
 53.3 3.69546
 53.325 3.68443
 53.35 3.67344
 53.375 3.66249
 53.4 3.65158
 53.425 3.6407
 53.45 3.62985
 53.475 3.61904
 53.5 3.60826
 53.525 3.59751
 53.55 3.58679
 53.575 3.57611
 53.6 3.56546
 53.625 3.55484
 53.65 3.54425
 53.675 3.53369
 53.7 3.52316
 53.725 3.51266
 53.75 3.50219
 53.775 3.49175
 53.8 3.48133
 53.825 3.47094
 53.85 3.46058
 53.875 3.45025
 53.9 3.43994
 53.925 3.42965
 53.95 3.41939
 53.975 3.40916
 54 3.39895
 54.025 3.38876
 54.05 3.3786
 54.075 3.36846
 54.1 3.35834
 54.125 3.34824
 54.15 3.33817
 54.175 3.32812
 54.2 3.31809
 54.225 3.30808
 54.25 3.29809
 54.275 3.28813
 54.3 3.27818
 54.325 3.26825
 54.35 3.25834
 54.375 3.24845
 54.4 3.23858
 54.425 3.22873
 54.45 3.21889
 54.475 3.20907
 54.5 3.19927
 54.525 3.18948
 54.55 3.17971
 54.575 3.16996
 54.6 3.16022
 54.625 3.1505
 54.65 3.1408
 54.675 3.13111
 54.7 3.12144
 54.725 3.11178
 54.75 3.10213
 54.775 3.0925
 54.8 3.08289
 54.825 3.07328
 54.85 3.06369
 54.875 3.05412
 54.9 3.04455
 54.925 3.035
 54.95 3.02546
 54.975 3.01594
 55 3.00642
 55.025 2.99692
 55.05 2.98743
 55.075 2.97794
 55.1 2.96847
 55.125 2.95901
 55.15 2.94957
 55.175 2.94013
 55.2 2.9307
 55.225 2.92129
 55.25 2.91188
 55.275 2.90249
 55.3 2.8931
 55.325 2.88373
 55.35 2.87436
 55.375 2.865
 55.4 2.85565
 55.425 2.84631
 55.45 2.83698
 55.475 2.82766
 55.5 2.81834
 55.525 2.80904
 55.55 2.79974
 55.575 2.79044
 55.6 2.78116
 55.625 2.77188
 55.65 2.76261
 55.675 2.75335
 55.7 2.7441
 55.725 2.73485
 55.75 2.72562
 55.775 2.71638
 55.8 2.70716
 55.825 2.69794
 55.85 2.68873
 55.875 2.67953
 55.9 2.67033
 55.925 2.66114
 55.95 2.65196
 55.975 2.64278
 56 2.6336
 56.025 2.62444
 56.05 2.61527
 56.075 2.60612
 56.1 2.59697
 56.125 2.58782
 56.15 2.57868
 56.175 2.56955
 56.2 2.56042
 56.225 2.55129
 56.25 2.54218
 56.275 2.53306
 56.3 2.52396
 56.325 2.51486
 56.35 2.50576
 56.375 2.49667
 56.4 2.48759
 56.425 2.4785
 56.45 2.46943
 56.475 2.46036
 56.5 2.45129
 56.525 2.44223
 56.55 2.43317
 56.575 2.42412
 56.6 2.41507
 56.625 2.40603
 56.65 2.39699
 56.675 2.38795
 56.7 2.37892
 56.725 2.3699
 56.75 2.36087
 56.775 2.35186
 56.8 2.34285
 56.825 2.33384
 56.85 2.32483
 56.875 2.31584
 56.9 2.30684
 56.925 2.29785
 56.95 2.28887
 56.975 2.27989
 57 2.27091
 57.025 2.26194
 57.05 2.25297
 57.075 2.24401
 57.1 2.23505
 57.125 2.2261
 57.15 2.21714
 57.175 2.2082
 57.2 2.19925
 57.225 2.19031
 57.25 2.18138
 57.275 2.17245
 57.3 2.16352
 57.325 2.1546
 57.35 2.14568
 57.375 2.13677
 57.4 2.12786
 57.425 2.11896
 57.45 2.11006
 57.475 2.10116
 57.5 2.09227
 57.525 2.08339
 57.55 2.07451
 57.575 2.06563
 57.6 2.05676
 57.625 2.04789
 57.65 2.03903
 57.675 2.03017
 57.7 2.02131
 57.725 2.01246
 57.75 2.00362
 57.775 1.99477
 57.8 1.98594
 57.825 1.9771
 57.85 1.96828
 57.875 1.95945
 57.9 1.95063
 57.925 1.94182
 57.95 1.93301
 57.975 1.92421
 58 1.91541
 58.025 1.90662
 58.05 1.89783
 58.075 1.88905
 58.1 1.88027
 58.125 1.8715
 58.15 1.86273
 58.175 1.85397
 58.2 1.84521
 58.225 1.83646
 58.25 1.82771
 58.275 1.81897
 58.3 1.81023
 58.325 1.8015
 58.35 1.79277
 58.375 1.78405
 58.4 1.77534
 58.425 1.76663
 58.45 1.75793
 58.475 1.74923
 58.5 1.74055
 58.525 1.73186
 58.55 1.72319
 58.575 1.71452
 58.6 1.70586
 58.625 1.6972
 58.65 1.68855
 58.675 1.67991
 58.7 1.67127
 58.725 1.66264
 58.75 1.65402
 58.775 1.64541
 58.8 1.6368
 58.825 1.62819
 58.85 1.6196
 58.875 1.61101
 58.9 1.60243
 58.925 1.59386
 58.95 1.58529
 58.975 1.57673
 59 1.56818
 59.025 1.55964
 59.05 1.5511
 59.075 1.54257
 59.1 1.53405
 59.125 1.52554
 59.15 1.51704
 59.175 1.50854
 59.2 1.50006
 59.225 1.49158
 59.25 1.4831
 59.275 1.47464
 59.3 1.46618
 59.325 1.45774
 59.35 1.4493
 59.375 1.44087
 59.4 1.43244
 59.425 1.42403
 59.45 1.41562
 59.475 1.40722
 59.5 1.39883
 59.525 1.39045
 59.55 1.38208
 59.575 1.37371
 59.6 1.36535
 59.625 1.35701
 59.65 1.34867
 59.675 1.34034
 59.7 1.33202
 59.725 1.32371
 59.75 1.31541
 59.775 1.30711
 59.8 1.29883
 59.825 1.29055
 59.85 1.28229
 59.875 1.27403
 59.9 1.26578
 59.925 1.25755
 59.95 1.24932
 59.975 1.2411
 60 1.23289
 60.025 1.22469
 60.05 1.21649
 60.075 1.20831
 60.1 1.20014
 60.125 1.19197
 60.15 1.18382
 60.175 1.17567
 60.2 1.16754
 60.225 1.15941
 60.25 1.1513
 60.275 1.1432
 60.3 1.1351
 60.325 1.12702
 60.35 1.11894
 60.375 1.11088
 60.4 1.10283
 60.425 1.09479
 60.45 1.08675
 60.475 1.07873
 60.5 1.07072
 60.525 1.06272
 60.55 1.05473
 60.575 1.04674
 60.6 1.03877
 60.625 1.03081
 60.65 1.02287
 60.675 1.01493
 60.7 1.007
 60.725 0.99908
 60.75 0.991172
 60.775 0.983276
 60.8 0.975391
 60.825 0.967516
 60.85 0.959653
 60.875 0.951802
 60.9 0.943961
 60.925 0.936132
 60.95 0.928315
 60.975 0.920509
 61 0.912714
 61.025 0.904931
 61.05 0.89716
 61.075 0.8894
 61.1 0.881651
 61.125 0.873915
 61.15 0.866189
 61.175 0.858476
 61.2 0.850774
 61.225 0.843084
 61.25 0.835406
 61.275 0.827739
 61.3 0.820085
 61.325 0.812442
 61.35 0.804811
 61.375 0.797192
 61.4 0.789585
 61.425 0.78199
 61.45 0.774407
 61.475 0.766837
 61.5 0.759279
 61.525 0.751733
 61.55 0.744201
 61.575 0.73668
 61.6 0.729172
 61.625 0.721677
 61.65 0.714194
 61.675 0.706723
 61.7 0.699265
 61.725 0.69182
 61.75 0.684387
 61.775 0.676966
 61.8 0.669558
 61.825 0.662163
 61.85 0.65478
 61.875 0.64741
 61.9 0.640052
 61.925 0.632706
 61.95 0.625373
 61.975 0.618052
 62 0.610744
 62.025 0.603449
 62.05 0.596166
 62.075 0.588895
 62.1 0.581638
 62.125 0.574393
 62.15 0.567161
 62.175 0.559942
 62.2 0.552735
 62.225 0.545542
 62.25 0.538362
 62.275 0.531194
 62.3 0.52404
 62.325 0.516898
 62.35 0.509769
 62.375 0.502653
 62.4 0.49555
 62.425 0.488459
 62.45 0.481382
 62.475 0.474317
 62.5 0.467265
 62.525 0.460225
 62.55 0.453199
 62.575 0.446185
 62.6 0.439184
 62.625 0.432195
 62.65 0.425219
 62.675 0.418256
 62.7 0.411305
 62.725 0.404367
 62.75 0.397442
 62.775 0.39053
 62.8 0.38363
 62.825 0.376743
 62.85 0.369869
 62.875 0.363008
 62.9 0.35616
 62.925 0.349325
 62.95 0.342503
 62.975 0.335694
 63 0.328898
 63.025 0.322114
 63.05 0.315344
 63.075 0.308586
 63.1 0.301841
 63.125 0.295109
 63.15 0.28839
 63.175 0.281683
 63.2 0.27499
 63.225 0.268309
 63.25 0.26164
 63.275 0.254985
 63.3 0.248341
 63.325 0.241711
 63.35 0.235093
 63.375 0.228488
 63.4 0.221895
 63.425 0.215315
 63.45 0.208747
 63.475 0.202192
 63.5 0.19565
 63.525 0.18912
 63.55 0.182603
 63.575 0.176098
 63.6 0.169606
 63.625 0.163128
 63.65 0.156661
 63.675 0.150208
 63.7 0.143767
 63.725 0.13734
 63.75 0.130924
 63.775 0.124522
 63.8 0.118132
 63.825 0.111755
 63.85 0.10539
 63.875 0.0990383
 63.9 0.0926989
 63.925 0.0863719
 63.95 0.0800575
 63.975 0.0737556
 64 0.0674661
 64.025 0.061189
 64.05 0.0549243
 64.075 0.0486721
 64.1 0.0424322
 64.125 0.0362046
 64.15 0.0299893
 64.175 0.0237864
 64.2 0.0175957
 64.225 0.0114173
 64.25 0.00525115
 64.275 -0.000902771
 64.3 -0.00704445
 64.325 -0.0131738
 64.35 -0.0192907
 64.375 -0.0253952
 64.4 -0.0314872
 64.425 -0.0375667
 64.45 -0.0436338
 64.475 -0.0496885
 64.5 -0.0557307
 64.525 -0.0617604
 64.55 -0.0677778
 64.575 -0.0737829
 64.6 -0.0797755
 64.625 -0.0857558
 64.65 -0.0917239
 64.675 -0.0976796
 64.7 -0.103623
 64.725 -0.109554
 64.75 -0.115473
 64.775 -0.12138
 64.8 -0.127274
 64.825 -0.133156
 64.85 -0.139027
 64.875 -0.144884
 64.9 -0.15073
 64.925 -0.156564
 64.95 -0.162385
 64.975 -0.168195
 65 -0.173992
 65.025 -0.179777
 65.05 -0.18555
 65.075 -0.191311
 65.1 -0.19706
 65.125 -0.202797
 65.15 -0.208522
 65.175 -0.214234
 65.2 -0.219935
 65.225 -0.225623
 65.25 -0.231298
 65.275 -0.236962
 65.3 -0.242613
 65.325 -0.248252
 65.35 -0.253879
 65.375 -0.259494
 65.4 -0.265096
 65.425 -0.270686
 65.45 -0.276264
 65.475 -0.28183
 65.5 -0.287384
 65.525 -0.292926
 65.55 -0.298456
 65.575 -0.303974
 65.6 -0.30948
 65.625 -0.314973
 65.65 -0.320455
 65.675 -0.325925
 65.7 -0.331383
 65.725 -0.336829
 65.75 -0.342263
 65.775 -0.347686
 65.8 -0.353096
 65.825 -0.358495
 65.85 -0.363882
 65.875 -0.369257
 65.9 -0.374621
 65.925 -0.379972
 65.95 -0.385312
 65.975 -0.390641
 66 -0.395957
 66.025 -0.401263
 66.05 -0.406556
 66.075 -0.411838
 66.1 -0.417107
 66.125 -0.422365
 66.15 -0.427612
 66.175 -0.432846
 66.2 -0.438069
 66.225 -0.44328
 66.25 -0.448479
 66.275 -0.453667
 66.3 -0.458842
 66.325 -0.464007
 66.35 -0.469159
 66.375 -0.4743
 66.4 -0.47943
 66.425 -0.484547
 66.45 -0.489654
 66.475 -0.494749
 66.5 -0.499832
 66.525 -0.504904
 66.55 -0.509965
 66.575 -0.515014
 66.6 -0.520052
 66.625 -0.525078
 66.65 -0.530094
 66.675 -0.535098
 66.7 -0.54009
 66.725 -0.545072
 66.75 -0.550042
 66.775 -0.555001
 66.8 -0.559949
 66.825 -0.564886
 66.85 -0.569812
 66.875 -0.574726
 66.9 -0.57963
 66.925 -0.584522
 66.95 -0.589404
 66.975 -0.594274
 67 -0.599134
 67.025 -0.603983
 67.05 -0.60882
 67.075 -0.613647
 67.1 -0.618462
 67.125 -0.623266
 67.15 -0.62806
 67.175 -0.632842
 67.2 -0.637613
 67.225 -0.642374
 67.25 -0.647123
 67.275 -0.651861
 67.3 -0.656589
 67.325 -0.661305
 67.35 -0.666011
 67.375 -0.670706
 67.4 -0.67539
 67.425 -0.680063
 67.45 -0.684725
 67.475 -0.689377
 67.5 -0.694018
 67.525 -0.698649
 67.55 -0.703268
 67.575 -0.707877
 67.6 -0.712476
 67.625 -0.717064
 67.65 -0.721641
 67.675 -0.726208
 67.7 -0.730765
 67.725 -0.735311
 67.75 -0.739846
 67.775 -0.744371
 67.8 -0.748886
 67.825 -0.753391
 67.85 -0.757885
 67.875 -0.762368
 67.9 -0.766842
 67.925 -0.771305
 67.95 -0.775758
 67.975 -0.7802
 68 -0.784633
 68.025 -0.789055
 68.05 -0.793467
 68.075 -0.797869
 68.1 -0.802261
 68.125 -0.806643
 68.15 -0.811014
 68.175 -0.815375
 68.2 -0.819727
 68.225 -0.824067
 68.25 -0.828398
 68.275 -0.832719
 68.3 -0.837029
 68.325 -0.84133
 68.35 -0.84562
 68.375 -0.8499
 68.4 -0.854171
 68.425 -0.858431
 68.45 -0.862681
 68.475 -0.866921
 68.5 -0.871152
 68.525 -0.875372
 68.55 -0.879583
 68.575 -0.883784
 68.6 -0.887975
 68.625 -0.892156
 68.65 -0.896327
 68.675 -0.900489
 68.7 -0.904641
 68.725 -0.908783
 68.75 -0.912916
 68.775 -0.917039
 68.8 -0.921152
 68.825 -0.925256
 68.85 -0.92935
 68.875 -0.933435
 68.9 -0.93751
 68.925 -0.941576
 68.95 -0.945632
 68.975 -0.949679
 69 -0.953716
 69.025 -0.957744
 69.05 -0.961762
 69.075 -0.965771
 69.1 -0.969771
 69.125 -0.973762
 69.15 -0.977743
 69.175 -0.981715
 69.2 -0.985677
 69.225 -0.989631
 69.25 -0.993575
 69.275 -0.99751
 69.3 -1.00144
 69.325 -1.00535
 69.35 -1.00926
 69.375 -1.01316
 69.4 -1.01705
 69.425 -1.02093
 69.45 -1.0248
 69.475 -1.02866
 69.5 -1.03251
 69.525 -1.03635
 69.55 -1.04019
 69.575 -1.04401
 69.6 -1.04783
 69.625 -1.05163
 69.65 -1.05543
 69.675 -1.05922
 69.7 -1.063
 69.725 -1.06677
 69.75 -1.07053
 69.775 -1.07429
 69.8 -1.07803
 69.825 -1.08177
 69.85 -1.08549
 69.875 -1.08921
 69.9 -1.09292
 69.925 -1.09662
 69.95 -1.10031
 69.975 -1.10399
 70 -1.10767
 70.025 -1.11133
 70.05 -1.11499
 70.075 -1.11864
 70.1 -1.12228
 70.125 -1.12591
 70.15 -1.12953
 70.175 -1.13315
 70.2 -1.13675
 70.225 -1.14035
 70.25 -1.14394
 70.275 -1.14752
 70.3 -1.15109
 70.325 -1.15465
 70.35 -1.15821
 70.375 -1.16175
 70.4 -1.16529
 70.425 -1.16882
 70.45 -1.17234
 70.475 -1.17585
 70.5 -1.17936
 70.525 -1.18286
 70.55 -1.18634
 70.575 -1.18982
 70.6 -1.1933
 70.625 -1.19676
 70.65 -1.20022
 70.675 -1.20366
 70.7 -1.2071
 70.725 -1.21053
 70.75 -1.21396
 70.775 -1.21737
 70.8 -1.22078
 70.825 -1.22418
 70.85 -1.22757
 70.875 -1.23095
 70.9 -1.23432
 70.925 -1.23769
 70.95 -1.24105
 70.975 -1.2444
 71 -1.24774
 71.025 -1.25107
 71.05 -1.2544
 71.075 -1.25772
 71.1 -1.26103
 71.125 -1.26433
 71.15 -1.26762
 71.175 -1.27091
 71.2 -1.27419
 71.225 -1.27746
 71.25 -1.28072
 71.275 -1.28398
 71.3 -1.28723
 71.325 -1.29047
 71.35 -1.2937
 71.375 -1.29693
 71.4 -1.30014
 71.425 -1.30335
 71.45 -1.30655
 71.475 -1.30975
 71.5 -1.31293
 71.525 -1.31611
 71.55 -1.31929
 71.575 -1.32245
 71.6 -1.32561
 71.625 -1.32875
 71.65 -1.3319
 71.675 -1.33503
 71.7 -1.33816
 71.725 -1.34128
 71.75 -1.34439
 71.775 -1.34749
 71.8 -1.35059
 71.825 -1.35368
 71.85 -1.35676
 71.875 -1.35984
 71.9 -1.36291
 71.925 -1.36597
 71.95 -1.36902
 71.975 -1.37207
 72 -1.3751
 72.025 -1.37814
 72.05 -1.38116
 72.075 -1.38418
 72.1 -1.38719
 72.125 -1.39019
 72.15 -1.39319
 72.175 -1.39618
 72.2 -1.39916
 72.225 -1.40213
 72.25 -1.4051
 72.275 -1.40806
 72.3 -1.41101
 72.325 -1.41396
 72.35 -1.4169
 72.375 -1.41983
 72.4 -1.42276
 72.425 -1.42567
 72.45 -1.42859
 72.475 -1.43149
 72.5 -1.43439
 72.525 -1.43728
 72.55 -1.44016
 72.575 -1.44304
 72.6 -1.44591
 72.625 -1.44877
 72.65 -1.45163
 72.675 -1.45447
 72.7 -1.45732
 72.725 -1.46015
 72.75 -1.46298
 72.775 -1.4658
 72.8 -1.46862
 72.825 -1.47143
 72.85 -1.47423
 72.875 -1.47702
 72.9 -1.47981
 72.925 -1.48259
 72.95 -1.48537
 72.975 -1.48814
 73 -1.4909
 73.025 -1.49365
 73.05 -1.4964
 73.075 -1.49914
 73.1 -1.50188
 73.125 -1.50461
 73.15 -1.50733
 73.175 -1.51005
 73.2 -1.51276
 73.225 -1.51546
 73.25 -1.51816
 73.275 -1.52085
 73.3 -1.52353
 73.325 -1.52621
 73.35 -1.52888
 73.375 -1.53155
 73.4 -1.5342
 73.425 -1.53686
 73.45 -1.5395
 73.475 -1.54214
 73.5 -1.54477
 73.525 -1.5474
 73.55 -1.55002
 73.575 -1.55264
 73.6 -1.55524
 73.625 -1.55785
 73.65 -1.56044
 73.675 -1.56303
 73.7 -1.56562
 73.725 -1.56819
 73.75 -1.57076
 73.775 -1.57333
 73.8 -1.57589
 73.825 -1.57844
 73.85 -1.58099
 73.875 -1.58353
 73.9 -1.58606
 73.925 -1.58859
 73.95 -1.59112
 73.975 -1.59363
 74 -1.59614
 74.025 -1.59865
 74.05 -1.60115
 74.075 -1.60364
 74.1 -1.60613
 74.125 -1.60861
 74.15 -1.61108
 74.175 -1.61355
 74.2 -1.61601
 74.225 -1.61847
 74.25 -1.62092
 74.275 -1.62337
 74.3 -1.62581
 74.325 -1.62824
 74.35 -1.63067
 74.375 -1.63309
 74.4 -1.63551
 74.425 -1.63792
 74.45 -1.64032
 74.475 -1.64272
 74.5 -1.64511
 74.525 -1.6475
 74.55 -1.64988
 74.575 -1.65226
 74.6 -1.65463
 74.625 -1.65699
 74.65 -1.65935
 74.675 -1.6617
 74.7 -1.66405
 74.725 -1.66639
 74.75 -1.66873
 74.775 -1.67106
 74.8 -1.67339
 74.825 -1.67571
 74.85 -1.67802
 74.875 -1.68033
 74.9 -1.68263
 74.925 -1.68493
 74.95 -1.68722
 74.975 -1.68951
 75 -1.69179
 75.025 -1.69406
 75.05 -1.69633
 75.075 -1.6986
 75.1 -1.70086
 75.125 -1.70311
 75.15 -1.70536
 75.175 -1.7076
 75.2 -1.70984
 75.225 -1.71207
 75.25 -1.7143
 75.275 -1.71652
 75.3 -1.71874
 75.325 -1.72095
 75.35 -1.72316
 75.375 -1.72536
 75.4 -1.72755
 75.425 -1.72974
 75.45 -1.73193
 75.475 -1.73411
 75.5 -1.73628
 75.525 -1.73845
 75.55 -1.74062
 75.575 -1.74278
 75.6 -1.74493
 75.625 -1.74708
 75.65 -1.74922
 75.675 -1.75136
 75.7 -1.75349
 75.725 -1.75562
 75.75 -1.75775
 75.775 -1.75986
 75.8 -1.76198
 75.825 -1.76409
 75.85 -1.76619
 75.875 -1.76829
 75.9 -1.77038
 75.925 -1.77247
 75.95 -1.77455
 75.975 -1.77663
 76 -1.7787
 76.025 -1.78077
 76.05 -1.78283
 76.075 -1.78489
 76.1 -1.78695
 76.125 -1.78899
 76.15 -1.79104
 76.175 -1.79308
 76.2 -1.79511
 76.225 -1.79714
 76.25 -1.79916
 76.275 -1.80118
 76.3 -1.8032
 76.325 -1.80521
 76.35 -1.80721
 76.375 -1.80921
 76.4 -1.81121
 76.425 -1.8132
 76.45 -1.81518
 76.475 -1.81717
 76.5 -1.81914
 76.525 -1.82111
 76.55 -1.82308
 76.575 -1.82504
 76.6 -1.827
 76.625 -1.82895
 76.65 -1.8309
 76.675 -1.83284
 76.7 -1.83478
 76.725 -1.83671
 76.75 -1.83864
 76.775 -1.84057
 76.8 -1.84249
 76.825 -1.8444
 76.85 -1.84631
 76.875 -1.84822
 76.9 -1.85012
 76.925 -1.85202
 76.95 -1.85391
 76.975 -1.8558
 77 -1.85768
 77.025 -1.85956
 77.05 -1.86144
 77.075 -1.86331
 77.1 -1.86517
 77.125 -1.86703
 77.15 -1.86889
 77.175 -1.87074
 77.2 -1.87259
 77.225 -1.87443
 77.25 -1.87627
 77.275 -1.8781
 77.3 -1.87993
 77.325 -1.88176
 77.35 -1.88358
 77.375 -1.8854
 77.4 -1.88721
 77.425 -1.88902
 77.45 -1.89082
 77.475 -1.89262
 77.5 -1.89442
 77.525 -1.89621
 77.55 -1.89799
 77.575 -1.89977
 77.6 -1.90155
 77.625 -1.90333
 77.65 -1.9051
 77.675 -1.90686
 77.7 -1.90862
 77.725 -1.91038
 77.75 -1.91213
 77.775 -1.91388
 77.8 -1.91562
 77.825 -1.91736
 77.85 -1.9191
 77.875 -1.92083
 77.9 -1.92256
 77.925 -1.92428
 77.95 -1.926
 77.975 -1.92772
 78 -1.92943
 78.025 -1.93114
 78.05 -1.93284
 78.075 -1.93454
 78.1 -1.93623
 78.125 -1.93792
 78.15 -1.93961
 78.175 -1.94129
 78.2 -1.94297
 78.225 -1.94464
 78.25 -1.94632
 78.275 -1.94798
 78.3 -1.94964
 78.325 -1.9513
 78.35 -1.95296
 78.375 -1.95461
 78.4 -1.95625
 78.425 -1.9579
 78.45 -1.95954
 78.475 -1.96117
 78.5 -1.9628
 78.525 -1.96443
 78.55 -1.96605
 78.575 -1.96767
 78.6 -1.96929
 78.625 -1.9709
 78.65 -1.97251
 78.675 -1.97411
 78.7 -1.97571
 78.725 -1.97731
 78.75 -1.9789
 78.775 -1.98049
 78.8 -1.98207
 78.825 -1.98365
 78.85 -1.98523
 78.875 -1.9868
 78.9 -1.98837
 78.925 -1.98994
 78.95 -1.9915
 78.975 -1.99306
 79 -1.99461
 79.025 -1.99616
 79.05 -1.99771
 79.075 -1.99926
 79.1 -2.00079
 79.125 -2.00233
 79.15 -2.00386
 79.175 -2.00539
 79.2 -2.00692
 79.225 -2.00844
 79.25 -2.00996
 79.275 -2.01147
 79.3 -2.01298
 79.325 -2.01449
 79.35 -2.01599
 79.375 -2.01749
 79.4 -2.01898
 79.425 -2.02048
 79.45 -2.02196
 79.475 -2.02345
 79.5 -2.02493
 79.525 -2.02641
 79.55 -2.02788
 79.575 -2.02935
 79.6 -2.03082
 79.625 -2.03228
 79.65 -2.03374
 79.675 -2.0352
 79.7 -2.03665
 79.725 -2.0381
 79.75 -2.03955
 79.775 -2.04099
 79.8 -2.04243
 79.825 -2.04386
 79.85 -2.0453
 79.875 -2.04672
 79.9 -2.04815
 79.925 -2.04957
 79.95 -2.05099
 79.975 -2.0524
 80 -2.05382
 80.025 -2.05522
 80.05 -2.05663
 80.075 -2.05803
 80.1 -2.05943
 80.125 -2.06082
 80.15 -2.06221
 80.175 -2.0636
 80.2 -2.06499
 80.225 -2.06637
 80.25 -2.06774
 80.275 -2.06912
 80.3 -2.07049
 80.325 -2.07186
 80.35 -2.07322
 80.375 -2.07458
 80.4 -2.07594
 80.425 -2.0773
 80.45 -2.07865
 80.475 -2.07999
 80.5 -2.08134
 80.525 -2.08268
 80.55 -2.08402
 80.575 -2.08535
 80.6 -2.08669
 80.625 -2.08801
 80.65 -2.08934
 80.675 -2.09066
 80.7 -2.09198
 80.725 -2.0933
 80.75 -2.09461
 80.775 -2.09592
 80.8 -2.09723
 80.825 -2.09853
 80.85 -2.09983
 80.875 -2.10113
 80.9 -2.10242
 80.925 -2.10371
 80.95 -2.105
 80.975 -2.10628
 81 -2.10756
 81.025 -2.10884
 81.05 -2.11012
 81.075 -2.11139
 81.1 -2.11266
 81.125 -2.11392
 81.15 -2.11519
 81.175 -2.11645
 81.2 -2.1177
 81.225 -2.11896
 81.25 -2.12021
 81.275 -2.12146
 81.3 -2.1227
 81.325 -2.12394
 81.35 -2.12518
 81.375 -2.12642
 81.4 -2.12765
 81.425 -2.12888
 81.45 -2.13011
 81.475 -2.13133
 81.5 -2.13255
 81.525 -2.13377
 81.55 -2.13498
 81.575 -2.13619
 81.6 -2.1374
 81.625 -2.13861
 81.65 -2.13981
 81.675 -2.14101
 81.7 -2.14221
 81.725 -2.1434
 81.75 -2.1446
 81.775 -2.14578
 81.8 -2.14697
 81.825 -2.14815
 81.85 -2.14933
 81.875 -2.15051
 81.9 -2.15169
 81.925 -2.15286
 81.95 -2.15403
 81.975 -2.15519
 82 -2.15635
 82.025 -2.15751
 82.05 -2.15867
 82.075 -2.15983
 82.1 -2.16098
 82.125 -2.16213
 82.15 -2.16327
 82.175 -2.16442
 82.2 -2.16556
 82.225 -2.1667
 82.25 -2.16783
 82.275 -2.16896
 82.3 -2.17009
 82.325 -2.17122
 82.35 -2.17234
 82.375 -2.17346
 82.4 -2.17458
 82.425 -2.1757
 82.45 -2.17681
 82.475 -2.17792
 82.5 -2.17903
 82.525 -2.18014
 82.55 -2.18124
 82.575 -2.18234
 82.6 -2.18344
 82.625 -2.18453
 82.65 -2.18562
 82.675 -2.18671
 82.7 -2.1878
 82.725 -2.18888
 82.75 -2.18996
 82.775 -2.19104
 82.8 -2.19212
 82.825 -2.19319
 82.85 -2.19426
 82.875 -2.19533
 82.9 -2.19639
 82.925 -2.19746
 82.95 -2.19852
 82.975 -2.19958
 83 -2.20063
 83.025 -2.20168
 83.05 -2.20273
 83.075 -2.20378
 83.1 -2.20483
 83.125 -2.20587
 83.15 -2.20691
 83.175 -2.20794
 83.2 -2.20898
 83.225 -2.21001
 83.25 -2.21104
 83.275 -2.21207
 83.3 -2.21309
 83.325 -2.21411
 83.35 -2.21513
 83.375 -2.21615
 83.4 -2.21716
 83.425 -2.21818
 83.45 -2.21919
 83.475 -2.22019
 83.5 -2.2212
 83.525 -2.2222
 83.55 -2.2232
 83.575 -2.2242
 83.6 -2.22519
 83.625 -2.22618
 83.65 -2.22717
 83.675 -2.22816
 83.7 -2.22914
 83.725 -2.23013
 83.75 -2.23111
 83.775 -2.23208
 83.8 -2.23306
 83.825 -2.23403
 83.85 -2.235
 83.875 -2.23597
 83.9 -2.23694
 83.925 -2.2379
 83.95 -2.23886
 83.975 -2.23982
 84 -2.24078
 84.025 -2.24173
 84.05 -2.24268
 84.075 -2.24363
 84.1 -2.24458
 84.125 -2.24552
 84.15 -2.24646
 84.175 -2.2474
 84.2 -2.24834
 84.225 -2.24928
 84.25 -2.25021
 84.275 -2.25114
 84.3 -2.25207
 84.325 -2.253
 84.35 -2.25392
 84.375 -2.25484
 84.4 -2.25576
 84.425 -2.25668
 84.45 -2.25759
 84.475 -2.2585
 84.5 -2.25941
 84.525 -2.26032
 84.55 -2.26123
 84.575 -2.26213
 84.6 -2.26303
 84.625 -2.26393
 84.65 -2.26483
 84.675 -2.26572
 84.7 -2.26662
 84.725 -2.26751
 84.75 -2.26839
 84.775 -2.26928
 84.8 -2.27016
 84.825 -2.27104
 84.85 -2.27192
 84.875 -2.2728
 84.9 -2.27368
 84.925 -2.27455
 84.95 -2.27542
 84.975 -2.27629
 85 -2.27715
 85.025 -2.27802
 85.05 -2.27888
 85.075 -2.27974
 85.1 -2.2806
 85.125 -2.28145
 85.15 -2.28231
 85.175 -2.28316
 85.2 -2.28401
 85.225 -2.28485
 85.25 -2.2857
 85.275 -2.28654
 85.3 -2.28738
 85.325 -2.28822
 85.35 -2.28906
 85.375 -2.28989
 85.4 -2.29073
 85.425 -2.29156
 85.45 -2.29238
 85.475 -2.29321
 85.5 -2.29404
 85.525 -2.29486
 85.55 -2.29568
 85.575 -2.2965
 85.6 -2.29731
 85.625 -2.29813
 85.65 -2.29894
 85.675 -2.29975
 85.7 -2.30056
 85.725 -2.30136
 85.75 -2.30217
 85.775 -2.30297
 85.8 -2.30377
 85.825 -2.30457
 85.85 -2.30536
 85.875 -2.30616
 85.9 -2.30695
 85.925 -2.30774
 85.95 -2.30853
 85.975 -2.30931
 86 -2.3101
 86.025 -2.31088
 86.05 -2.31166
 86.075 -2.31244
 86.1 -2.31321
 86.125 -2.31399
 86.15 -2.31476
 86.175 -2.31553
 86.2 -2.3163
 86.225 -2.31707
 86.25 -2.31783
 86.275 -2.31859
 86.3 -2.31935
 86.325 -2.32011
 86.35 -2.32087
 86.375 -2.32163
 86.4 -2.32238
 86.425 -2.32313
 86.45 -2.32388
 86.475 -2.32463
 86.5 -2.32537
 86.525 -2.32612
 86.55 -2.32686
 86.575 -2.3276
 86.6 -2.32834
 86.625 -2.32908
 86.65 -2.32981
 86.675 -2.33054
 86.7 -2.33127
 86.725 -2.332
 86.75 -2.33273
 86.775 -2.33346
 86.8 -2.33418
 86.825 -2.3349
 86.85 -2.33562
 86.875 -2.33634
 86.9 -2.33706
 86.925 -2.33777
 86.95 -2.33848
 86.975 -2.3392
 87 -2.3399
 87.025 -2.34061
 87.05 -2.34132
 87.075 -2.34202
 87.1 -2.34272
 87.125 -2.34342
 87.15 -2.34412
 87.175 -2.34482
 87.2 -2.34551
 87.225 -2.34621
 87.25 -2.3469
 87.275 -2.34759
 87.3 -2.34828
 87.325 -2.34896
 87.35 -2.34965
 87.375 -2.35033
 87.4 -2.35101
 87.425 -2.35169
 87.45 -2.35237
 87.475 -2.35305
 87.5 -2.35372
 87.525 -2.35439
 87.55 -2.35506
 87.575 -2.35573
 87.6 -2.3564
 87.625 -2.35707
 87.65 -2.35773
 87.675 -2.35839
 87.7 -2.35905
 87.725 -2.35971
 87.75 -2.36037
 87.775 -2.36102
 87.8 -2.36168
 87.825 -2.36233
 87.85 -2.36298
 87.875 -2.36363
 87.9 -2.36428
 87.925 -2.36492
 87.95 -2.36557
 87.975 -2.36621
 88 -2.36685
 88.025 -2.36749
 88.05 -2.36813
 88.075 -2.36876
 88.1 -2.3694
 88.125 -2.37003
 88.15 -2.37066
 88.175 -2.37129
 88.2 -2.37192
 88.225 -2.37255
 88.25 -2.37317
 88.275 -2.37379
 88.3 -2.37441
 88.325 -2.37503
 88.35 -2.37565
 88.375 -2.37627
 88.4 -2.37688
 88.425 -2.3775
 88.45 -2.37811
 88.475 -2.37872
 88.5 -2.37933
 88.525 -2.37994
 88.55 -2.38054
 88.575 -2.38115
 88.6 -2.38175
 88.625 -2.38235
 88.65 -2.38295
 88.675 -2.38355
 88.7 -2.38414
 88.725 -2.38474
 88.75 -2.38533
 88.775 -2.38592
 88.8 -2.38651
 88.825 -2.3871
 88.85 -2.38769
 88.875 -2.38828
 88.9 -2.38886
 88.925 -2.38944
 88.95 -2.39002
 88.975 -2.3906
 89 -2.39118
 89.025 -2.39176
 89.05 -2.39233
 89.075 -2.39291
 89.1 -2.39348
 89.125 -2.39405
 89.15 -2.39462
 89.175 -2.39519
 89.2 -2.39575
 89.225 -2.39632
 89.25 -2.39688
 89.275 -2.39744
 89.3 -2.398
 89.325 -2.39856
 89.35 -2.39912
 89.375 -2.39968
 89.4 -2.40023
 89.425 -2.40079
 89.45 -2.40134
 89.475 -2.40189
 89.5 -2.40244
 89.525 -2.40298
 89.55 -2.40353
 89.575 -2.40408
 89.6 -2.40462
 89.625 -2.40516
 89.65 -2.4057
 89.675 -2.40624
 89.7 -2.40678
 89.725 -2.40731
 89.75 -2.40785
 89.775 -2.40838
 89.8 -2.40891
 89.825 -2.40944
 89.85 -2.40997
 89.875 -2.4105
 89.9 -2.41103
 89.925 -2.41155
 89.95 -2.41208
 89.975 -2.4126
 90 -2.41312
 90.025 -2.41364
 90.05 -2.41416
 90.075 -2.41467
 90.1 -2.41519
 90.125 -2.4157
 90.15 -2.41621
 90.175 -2.41673
 90.2 -2.41724
 90.225 -2.41774
 90.25 -2.41825
 90.275 -2.41876
 90.3 -2.41926
 90.325 -2.41976
 90.35 -2.42027
 90.375 -2.42077
 90.4 -2.42127
 90.425 -2.42176
 90.45 -2.42226
 90.475 -2.42276
 90.5 -2.42325
 90.525 -2.42374
 90.55 -2.42423
 90.575 -2.42472
 90.6 -2.42521
 90.625 -2.4257
 90.65 -2.42619
 90.675 -2.42667
 90.7 -2.42716
 90.725 -2.42764
 90.75 -2.42812
 90.775 -2.4286
 90.8 -2.42908
 90.825 -2.42955
 90.85 -2.43003
 90.875 -2.4305
 90.9 -2.43098
 90.925 -2.43145
 90.95 -2.43192
 90.975 -2.43239
 91 -2.43286
 91.025 -2.43333
 91.05 -2.43379
 91.075 -2.43426
 91.1 -2.43472
 91.125 -2.43518
 91.15 -2.43564
 91.175 -2.4361
 91.2 -2.43656
 91.225 -2.43702
 91.25 -2.43747
 91.275 -2.43793
 91.3 -2.43838
 91.325 -2.43883
 91.35 -2.43928
 91.375 -2.43973
 91.4 -2.44018
 91.425 -2.44063
 91.45 -2.44108
 91.475 -2.44152
 91.5 -2.44197
 91.525 -2.44241
 91.55 -2.44285
 91.575 -2.44329
 91.6 -2.44373
 91.625 -2.44417
 91.65 -2.4446
 91.675 -2.44504
 91.7 -2.44547
 91.725 -2.44591
 91.75 -2.44634
 91.775 -2.44677
 91.8 -2.4472
 91.825 -2.44763
 91.85 -2.44805
 91.875 -2.44848
 91.9 -2.44891
 91.925 -2.44933
 91.95 -2.44975
 91.975 -2.45017
 92 -2.45059
 92.025 -2.45101
 92.05 -2.45143
 92.075 -2.45185
 92.1 -2.45226
 92.125 -2.45268
 92.15 -2.45309
 92.175 -2.4535
 92.2 -2.45392
 92.225 -2.45433
 92.25 -2.45474
 92.275 -2.45514
 92.3 -2.45555
 92.325 -2.45596
 92.35 -2.45636
 92.375 -2.45676
 92.4 -2.45717
 92.425 -2.45757
 92.45 -2.45797
 92.475 -2.45837
 92.5 -2.45876
 92.525 -2.45916
 92.55 -2.45956
 92.575 -2.45995
 92.6 -2.46035
 92.625 -2.46074
 92.65 -2.46113
 92.675 -2.46152
 92.7 -2.46191
 92.725 -2.4623
 92.75 -2.46268
 92.775 -2.46307
 92.8 -2.46346
 92.825 -2.46384
 92.85 -2.46422
 92.875 -2.4646
 92.9 -2.46498
 92.925 -2.46536
 92.95 -2.46574
 92.975 -2.46612
 93 -2.4665
 93.025 -2.46687
 93.05 -2.46725
 93.075 -2.46762
 93.1 -2.46799
 93.125 -2.46836
 93.15 -2.46873
 93.175 -2.4691
 93.2 -2.46947
 93.225 -2.46984
 93.25 -2.47021
 93.275 -2.47057
 93.3 -2.47093
 93.325 -2.4713
 93.35 -2.47166
 93.375 -2.47202
 93.4 -2.47238
 93.425 -2.47274
 93.45 -2.4731
 93.475 -2.47345
 93.5 -2.47381
 93.525 -2.47417
 93.55 -2.47452
 93.575 -2.47487
 93.6 -2.47522
 93.625 -2.47558
 93.65 -2.47593
 93.675 -2.47627
 93.7 -2.47662
 93.725 -2.47697
 93.75 -2.47732
 93.775 -2.47766
 93.8 -2.478
 93.825 -2.47835
 93.85 -2.47869
 93.875 -2.47903
 93.9 -2.47937
 93.925 -2.47971
 93.95 -2.48005
 93.975 -2.48039
 94 -2.48072
 94.025 -2.48106
 94.05 -2.48139
 94.075 -2.48173
 94.1 -2.48206
 94.125 -2.48239
 94.15 -2.48272
 94.175 -2.48305
 94.2 -2.48338
 94.225 -2.48371
 94.25 -2.48403
 94.275 -2.48436
 94.3 -2.48468
 94.325 -2.48501
 94.35 -2.48533
 94.375 -2.48565
 94.4 -2.48597
 94.425 -2.4863
 94.45 -2.48661
 94.475 -2.48693
 94.5 -2.48725
 94.525 -2.48757
 94.55 -2.48788
 94.575 -2.4882
 94.6 -2.48851
 94.625 -2.48882
 94.65 -2.48914
 94.675 -2.48945
 94.7 -2.48976
 94.725 -2.49007
 94.75 -2.49038
 94.775 -2.49068
 94.8 -2.49099
 94.825 -2.4913
 94.85 -2.4916
 94.875 -2.49191
 94.9 -2.49221
 94.925 -2.49251
 94.95 -2.49281
 94.975 -2.49311
 95 -2.49341
 95.025 -2.49371
 95.05 -2.49401
 95.075 -2.49431
 95.1 -2.4946
 95.125 -2.4949
 95.15 -2.49519
 95.175 -2.49548
 95.2 -2.49578
 95.225 -2.49607
 95.25 -2.49636
 95.275 -2.49665
 95.3 -2.49694
 95.325 -2.49723
 95.35 -2.49751
 95.375 -2.4978
 95.4 -2.49809
 95.425 -2.49837
 95.45 -2.49866
 95.475 -2.49894
 95.5 -2.49922
 95.525 -2.4995
 95.55 -2.49978
 95.575 -2.50006
 95.6 -2.50034
 95.625 -2.50062
 95.65 -2.5009
 95.675 -2.50118
 95.7 -2.50145
 95.725 -2.50173
 95.75 -2.502
 95.775 -2.50227
 95.8 -2.50255
 95.825 -2.50282
 95.85 -2.50309
 95.875 -2.50336
 95.9 -2.50363
 95.925 -2.5039
 95.95 -2.50416
 95.975 -2.50443
 96 -2.5047
 96.025 -2.50496
 96.05 -2.50523
 96.075 -2.50549
 96.1 -2.50575
 96.125 -2.50601
 96.15 -2.50627
 96.175 -2.50654
 96.2 -2.50679
 96.225 -2.50705
 96.25 -2.50731
 96.275 -2.50757
 96.3 -2.50783
 96.325 -2.50808
 96.35 -2.50834
 96.375 -2.50859
 96.4 -2.50884
 96.425 -2.5091
 96.45 -2.50935
 96.475 -2.5096
 96.5 -2.50985
 96.525 -2.5101
 96.55 -2.51035
 96.575 -2.51059
 96.6 -2.51084
 96.625 -2.51109
 96.65 -2.51133
 96.675 -2.51158
 96.7 -2.51182
 96.725 -2.51207
 96.75 -2.51231
 96.775 -2.51255
 96.8 -2.51279
 96.825 -2.51303
 96.85 -2.51327
 96.875 -2.51351
 96.9 -2.51375
 96.925 -2.51399
 96.95 -2.51422
 96.975 -2.51446
 97 -2.51469
 97.025 -2.51493
 97.05 -2.51516
 97.075 -2.51539
 97.1 -2.51563
 97.125 -2.51586
 97.15 -2.51609
 97.175 -2.51632
 97.2 -2.51655
 97.225 -2.51678
 97.25 -2.517
 97.275 -2.51723
 97.3 -2.51746
 97.325 -2.51768
 97.35 -2.51791
 97.375 -2.51813
 97.4 -2.51836
 97.425 -2.51858
 97.45 -2.5188
 97.475 -2.51902
 97.5 -2.51924
 97.525 -2.51946
 97.55 -2.51968
 97.575 -2.5199
 97.6 -2.52012
 97.625 -2.52034
 97.65 -2.52055
 97.675 -2.52077
 97.7 -2.52098
 97.725 -2.5212
 97.75 -2.52141
 97.775 -2.52163
 97.8 -2.52184
 97.825 -2.52205
 97.85 -2.52226
 97.875 -2.52247
 97.9 -2.52268
 97.925 -2.52289
 97.95 -2.5231
 97.975 -2.52331
 98 -2.52351
 98.025 -2.52372
 98.05 -2.52392
 98.075 -2.52413
 98.1 -2.52433
 98.125 -2.52454
 98.15 -2.52474
 98.175 -2.52494
 98.2 -2.52514
 98.225 -2.52534
 98.25 -2.52554
 98.275 -2.52574
 98.3 -2.52594
 98.325 -2.52614
 98.35 -2.52634
 98.375 -2.52654
 98.4 -2.52673
 98.425 -2.52693
 98.45 -2.52712
 98.475 -2.52732
 98.5 -2.52751
 98.525 -2.5277
 98.55 -2.5279
 98.575 -2.52809
 98.6 -2.52828
 98.625 -2.52847
 98.65 -2.52866
 98.675 -2.52885
 98.7 -2.52904
 98.725 -2.52923
 98.75 -2.52941
 98.775 -2.5296
 98.8 -2.52979
 98.825 -2.52997
 98.85 -2.53016
 98.875 -2.53034
 98.9 -2.53052
 98.925 -2.53071
 98.95 -2.53089
 98.975 -2.53107
 99 -2.53125
 99.025 -2.53143
 99.05 -2.53161
 99.075 -2.53179
 99.1 -2.53197
 99.125 -2.53215
 99.15 -2.53233
 99.175 -2.5325
 99.2 -2.53268
 99.225 -2.53285
 99.25 -2.53303
 99.275 -2.5332
 99.3 -2.53338
 99.325 -2.53355
 99.35 -2.53372
 99.375 -2.53389
 99.4 -2.53407
 99.425 -2.53424
 99.45 -2.53441
 99.475 -2.53458
 99.5 -2.53475
 99.525 -2.53491
 99.55 -2.53508
 99.575 -2.53525
 99.6 -2.53542
 99.625 -2.53558
 99.65 -2.53575
 99.675 -2.53591
 99.7 -2.53608
 99.725 -2.53624
 99.75 -2.5364
 99.775 -2.53657
 99.8 -2.53673
 99.825 -2.53689
 99.85 -2.53705
 99.875 -2.53721
 99.9 -2.53737
 99.925 -2.53753
 99.95 -2.53769
 99.975 -2.53785
 100 -2.538
