4001 2
 0 0
 0.025 -0.00322002
 0.05 -0.00575123
 0.075 -0.00773485
 0.1 -0.00927903
 0.125 -0.010467
 0.15 -0.0113629
 0.175 -0.0120169
 0.2 -0.0124678
 0.225 -0.0127465
 0.25 -0.0128772
 0.275 -0.0128793
 0.3 -0.0127686
 0.325 -0.0125577
 0.35 -0.0122571
 0.375 -0.0118756
 0.4 -0.0114202
 0.425 -0.0108974
 0.45 -0.0103122
 0.475 -0.00966931
 0.5 -0.00897266
 0.525 -0.00822579
 0.55 -0.0074318
 0.575 -0.0065935
 0.6 -0.0057134
 0.625 -0.0047938
 0.65 -0.0038368
 0.675 -0.00284431
 0.7 -0.00181812
 0.725 -0.000759863
 0.75 0.000328925
 0.775 0.00144683
 0.8 0.00259253
 0.825 0.00376479
 0.85 0.00496244
 0.875 0.00618439
 0.9 0.00742958
 0.925 0.00869703
 0.95 0.00998582
 0.975 0.011295
 1 0.0126239
 1.025 0.0139715
 1.05 0.0153372
 1.075 0.0167201
 1.1 0.0181198
 1.125 0.0195353
 1.15 0.0209663
 1.175 0.022412
 1.2 0.0238718
 1.225 0.0253453
 1.25 0.0268319
 1.275 0.0283312
 1.3 0.0298425
 1.325 0.0313655
 1.35 0.0328998
 1.375 0.0344449
 1.4 0.0360004
 1.425 0.037566
 1.45 0.0391412
 1.475 0.0407257
 1.5 0.0423192
 1.525 0.0439213
 1.55 0.0455318
 1.575 0.0471502
 1.6 0.0487764
 1.625 0.0504101
 1.65 0.0520509
 1.675 0.0536986
 1.7 0.055353
 1.725 0.0570139
 1.75 0.0586809
 1.775 0.060354
 1.8 0.0620327
 1.825 0.0637171
 1.85 0.0654068
 1.875 0.0671017
 1.9 0.0688015
 1.925 0.0705062
 1.95 0.0722155
 1.975 0.0739292
 2 0.0756473
 2.025 0.0773695
 2.05 0.0790957
 2.075 0.0808257
 2.1 0.0825595
 2.125 0.0842969
 2.15 0.0860377
 2.175 0.0877818
 2.2 0.0895292
 2.225 0.0912796
 2.25 0.0930331
 2.275 0.0947894
 2.3 0.0965485
 2.325 0.0983102
 2.35 0.100075
 2.375 0.101841
 2.4 0.10361
 2.425 0.105382
 2.45 0.107156
 2.475 0.108931
 2.5 0.110709
 2.525 0.112489
 2.55 0.114271
 2.575 0.116054
 2.6 0.117839
 2.625 0.119626
 2.65 0.121415
 2.675 0.123205
 2.7 0.124996
 2.725 0.126789
 2.75 0.128584
 2.775 0.130379
 2.8 0.132176
 2.825 0.133974
 2.85 0.135774
 2.875 0.137574
 2.9 0.139376
 2.925 0.141178
 2.95 0.142981
 2.975 0.144786
 3 0.146591
 3.025 0.148397
 3.05 0.150204
 3.075 0.152012
 3.1 0.15382
 3.125 0.155629
 3.15 0.157439
 3.175 0.159249
 3.2 0.16106
 3.225 0.162871
 3.25 0.164684
 3.275 0.166496
 3.3 0.168309
 3.325 0.170123
 3.35 0.171937
 3.375 0.173751
 3.4 0.175566
 3.425 0.177381
 3.45 0.179196
 3.475 0.181012
 3.5 0.182828
 3.525 0.184645
 3.55 0.186461
 3.575 0.188278
 3.6 0.190095
 3.625 0.191912
 3.65 0.19373
 3.675 0.195547
 3.7 0.197365
 3.725 0.199183
 3.75 0.201001
 3.775 0.202819
 3.8 0.204637
 3.825 0.206455
 3.85 0.208274
 3.875 0.210092
 3.9 0.211911
 3.925 0.21373
 3.95 0.215549
 3.975 0.217368
 4 0.219187
 4.025 0.221006
 4.05 0.222825
 4.075 0.224644
 4.1 0.226463
 4.125 0.228282
 4.15 0.230102
 4.175 0.231921
 4.2 0.23374
 4.225 0.235558
 4.25 0.237377
 4.275 0.239196
 4.3 0.241015
 4.325 0.242833
 4.35 0.244652
 4.375 0.24647
 4.4 0.248288
 4.425 0.250107
 4.45 0.251925
 4.475 0.253742
 4.5 0.25556
 4.525 0.257377
 4.55 0.259195
 4.575 0.261012
 4.6 0.262829
 4.625 0.264645
 4.65 0.266462
 4.675 0.268278
 4.7 0.270094
 4.725 0.27191
 4.75 0.273726
 4.775 0.275541
 4.8 0.277356
 4.825 0.279171
 4.85 0.280986
 4.875 0.282801
 4.9 0.284615
 4.925 0.286429
 4.95 0.288242
 4.975 0.290056
 5 0.291869
 5.025 0.293682
 5.05 0.295495
 5.075 0.297307
 5.1 0.299119
 5.125 0.300931
 5.15 0.302743
 5.175 0.304554
 5.2 0.306365
 5.225 0.308175
 5.25 0.309986
 5.275 0.311796
 5.3 0.313606
 5.325 0.315415
 5.35 0.317224
 5.375 0.319033
 5.4 0.320842
 5.425 0.32265
 5.45 0.324458
 5.475 0.326266
 5.5 0.328073
 5.525 0.32988
 5.55 0.331687
 5.575 0.333493
 5.6 0.3353
 5.625 0.337105
 5.65 0.338911
 5.675 0.340716
 5.7 0.342521
 5.725 0.344325
 5.75 0.346129
 5.775 0.347933
 5.8 0.349737
 5.825 0.35154
 5.85 0.353343
 5.875 0.355145
 5.9 0.356948
 5.925 0.358749
 5.95 0.360551
 5.975 0.362352
 6 0.364153
 6.025 0.365954
 6.05 0.367754
 6.075 0.369554
 6.1 0.371354
 6.125 0.373154
 6.15 0.374953
 6.175 0.376751
 6.2 0.37855
 6.225 0.380348
 6.25 0.382146
 6.275 0.383944
 6.3 0.385741
 6.325 0.387538
 6.35 0.389334
 6.375 0.391131
 6.4 0.392927
 6.425 0.394723
 6.45 0.396518
 6.475 0.398313
 6.5 0.400108
 6.525 0.401903
 6.55 0.403697
 6.575 0.405491
 6.6 0.407285
 6.625 0.409079
 6.65 0.410872
 6.675 0.412666
 6.7 0.414459
 6.725 0.416252
 6.75 0.418044
 6.775 0.419837
 6.8 0.421629
 6.825 0.423421
 6.85 0.425213
 6.875 0.427005
 6.9 0.428796
 6.925 0.430587
 6.95 0.432379
 6.975 0.434169
 7 0.43596
 7.025 0.43775
 7.05 0.43954
 7.075 0.44133
 7.1 0.44312
 7.125 0.444909
 7.15 0.446699
 7.175 0.448488
 7.2 0.450276
 7.225 0.452065
 7.25 0.453853
 7.275 0.455641
 7.3 0.457429
 7.325 0.459217
 7.35 0.461004
 7.375 0.462791
 7.4 0.464578
 7.425 0.466364
 7.45 0.468151
 7.475 0.469937
 7.5 0.471723
 7.525 0.473508
 7.55 0.475294
 7.575 0.477079
 7.6 0.478864
 7.625 0.480649
 7.65 0.482433
 7.675 0.484218
 7.7 0.486002
 7.725 0.487785
 7.75 0.489569
 7.775 0.491352
 7.8 0.493135
 7.825 0.494918
 7.85 0.496701
 7.875 0.498483
 7.9 0.500265
 7.925 0.502047
 7.95 0.503829
 7.975 0.50561
 8 0.507392
 8.025 0.509173
 8.05 0.510953
 8.075 0.512734
 8.1 0.514514
 8.125 0.516294
 8.15 0.518074
 8.175 0.519854
 8.2 0.521633
 8.225 0.523412
 8.25 0.525191
 8.275 0.52697
 8.3 0.528749
 8.325 0.530527
 8.35 0.532305
 8.375 0.534083
 8.4 0.53586
 8.425 0.537638
 8.45 0.539415
 8.475 0.541192
 8.5 0.542969
 8.525 0.544745
 8.55 0.546521
 8.575 0.548298
 8.6 0.550073
 8.625 0.551849
 8.65 0.553624
 8.675 0.5554
 8.7 0.557175
 8.725 0.55895
 8.75 0.560724
 8.775 0.562499
 8.8 0.564273
 8.825 0.566047
 8.85 0.567821
 8.875 0.569594
 8.9 0.571368
 8.925 0.573141
 8.95 0.574914
 8.975 0.576687
 9 0.57846
 9.025 0.580232
 9.05 0.582005
 9.075 0.583777
 9.1 0.585549
 9.125 0.587321
 9.15 0.589092
 9.175 0.590864
 9.2 0.592635
 9.225 0.594406
 9.25 0.596177
 9.275 0.597948
 9.3 0.599719
 9.325 0.601489
 9.35 0.603259
 9.375 0.60503
 9.4 0.6068
 9.425 0.60857
 9.45 0.61034
 9.475 0.61211
 9.5 0.61388
 9.525 0.61565
 9.55 0.61742
 9.575 0.619189
 9.6 0.620959
 9.625 0.622729
 9.65 0.624498
 9.675 0.626268
 9.7 0.628037
 9.725 0.629807
 9.75 0.631576
 9.775 0.633345
 9.8 0.635115
 9.825 0.636884
 9.85 0.638653
 9.875 0.640422
 9.9 0.642191
 9.925 0.643959
 9.95 0.645728
 9.975 0.647497
 10 0.649265
 10.025 0.651033
 10.05 0.652802
 10.075 0.65457
 10.1 0.656338
 10.125 0.658106
 10.15 0.659874
 10.175 0.661642
 10.2 0.66341
 10.225 0.665178
 10.25 0.666945
 10.275 0.668713
 10.3 0.67048
 10.325 0.672247
 10.35 0.674015
 10.375 0.675782
 10.4 0.677549
 10.425 0.679316
 10.45 0.681083
 10.475 0.682849
 10.5 0.684616
 10.525 0.686383
 10.55 0.688149
 10.575 0.689916
 10.6 0.691682
 10.625 0.693448
 10.65 0.695214
 10.675 0.69698
 10.7 0.698746
 10.725 0.700512
 10.75 0.702278
 10.775 0.704044
 10.8 0.70581
 10.825 0.707575
 10.85 0.709341
 10.875 0.711106
 10.9 0.712871
 10.925 0.714636
 10.95 0.716402
 10.975 0.718167
 11 0.719932
 11.025 0.721696
 11.05 0.723461
 11.075 0.725226
 11.1 0.726991
 11.125 0.728755
 11.15 0.73052
 11.175 0.732284
 11.2 0.734048
 11.225 0.735813
 11.25 0.737577
 11.275 0.739341
 11.3 0.741105
 11.325 0.742869
 11.35 0.744632
 11.375 0.746396
 11.4 0.74816
 11.425 0.749923
 11.45 0.751687
 11.475 0.75345
 11.5 0.755214
 11.525 0.756977
 11.55 0.75874
 11.575 0.760504
 11.6 0.762267
 11.625 0.76403
 11.65 0.765793
 11.675 0.767556
 11.7 0.769319
 11.725 0.771082
 11.75 0.772845
 11.775 0.774607
 11.8 0.77637
 11.825 0.778133
 11.85 0.779895
 11.875 0.781658
 11.9 0.783421
 11.925 0.785183
 11.95 0.786945
 11.975 0.788708
 12 0.79047
 12.025 0.792233
 12.05 0.793995
 12.075 0.795757
 12.1 0.797519
 12.125 0.799282
 12.15 0.801044
 12.175 0.802806
 12.2 0.804568
 12.225 0.80633
 12.25 0.808093
 12.275 0.809855
 12.3 0.811618
 12.325 0.81338
 12.35 0.815143
 12.375 0.816906
 12.4 0.818669
 12.425 0.820432
 12.45 0.822195
 12.475 0.823958
 12.5 0.825721
 12.525 0.827484
 12.55 0.829248
 12.575 0.831011
 12.6 0.832774
 12.625 0.834538
 12.65 0.836302
 12.675 0.838065
 12.7 0.839829
 12.725 0.841593
 12.75 0.843357
 12.775 0.84512
 12.8 0.846884
 12.825 0.848648
 12.85 0.850412
 12.875 0.852176
 12.9 0.853941
 12.925 0.855705
 12.95 0.857469
 12.975 0.859233
 13 0.860997
 13.025 0.862762
 13.05 0.864526
 13.075 0.866291
 13.1 0.868055
 13.125 0.869819
 13.15 0.871584
 13.175 0.873349
 13.2 0.875113
 13.225 0.876878
 13.25 0.878643
 13.275 0.880407
 13.3 0.882172
 13.325 0.883937
 13.35 0.885702
 13.375 0.887467
 13.4 0.889232
 13.425 0.890997
 13.45 0.892762
 13.475 0.894527
 13.5 0.896292
 13.525 0.898058
 13.55 0.899823
 13.575 0.901588
 13.6 0.903353
 13.625 0.905119
 13.65 0.906884
 13.675 0.90865
 13.7 0.910415
 13.725 0.912181
 13.75 0.913946
 13.775 0.915712
 13.8 0.917478
 13.825 0.919244
 13.85 0.921009
 13.875 0.922775
 13.9 0.924541
 13.925 0.926307
 13.95 0.928073
 13.975 0.929839
 14 0.931605
 14.025 0.933371
 14.05 0.935138
 14.075 0.936904
 14.1 0.93867
 14.125 0.940436
 14.15 0.942203
 14.175 0.943969
 14.2 0.945736
 14.225 0.947502
 14.25 0.949269
 14.275 0.951035
 14.3 0.952802
 14.325 0.954569
 14.35 0.956336
 14.375 0.958103
 14.4 0.95987
 14.425 0.961637
 14.45 0.963404
 14.475 0.965171
 14.5 0.966938
 14.525 0.968706
 14.55 0.970473
 14.575 0.97224
 14.6 0.974008
 14.625 0.975776
 14.65 0.977543
 14.675 0.979311
 14.7 0.981079
 14.725 0.982847
 14.75 0.984615
 14.775 0.986383
 14.8 0.988151
 14.825 0.98992
 14.85 0.991688
 14.875 0.993456
 14.9 0.995225
 14.925 0.996994
 14.95 0.998762
 14.975 1.00053
 15 1.0023
 15.025 1.00407
 15.05 1.00584
 15.075 1.00761
 15.1 1.00938
 15.125 1.01115
 15.15 1.01292
 15.175 1.01469
 15.2 1.01646
 15.225 1.01823
 15.25 1.02
 15.275 1.02177
 15.3 1.02354
 15.325 1.02531
 15.35 1.02709
 15.375 1.02886
 15.4 1.03063
 15.425 1.0324
 15.45 1.03418
 15.475 1.03595
 15.5 1.03772
 15.525 1.0395
 15.55 1.04127
 15.575 1.04304
 15.6 1.04482
 15.625 1.04659
 15.65 1.04836
 15.675 1.05014
 15.7 1.05191
 15.725 1.05369
 15.75 1.05546
 15.775 1.05724
 15.8 1.05901
 15.825 1.06079
 15.85 1.06256
 15.875 1.06434
 15.9 1.06612
 15.925 1.06789
 15.95 1.06967
 15.975 1.07145
 16 1.07322
 16.025 1.075
 16.05 1.07678
 16.075 1.07855
 16.1 1.08033
 16.125 1.08211
 16.15 1.08389
 16.175 1.08566
 16.2 1.08744
 16.225 1.08922
 16.25 1.091
 16.275 1.09278
 16.3 1.09456
 16.325 1.09633
 16.35 1.09811
 16.375 1.09989
 16.4 1.10167
 16.425 1.10345
 16.45 1.10523
 16.475 1.10701
 16.5 1.10879
 16.525 1.11057
 16.55 1.11235
 16.575 1.11413
 16.6 1.11591
 16.625 1.11769
 16.65 1.11948
 16.675 1.12126
 16.7 1.12304
 16.725 1.12482
 16.75 1.1266
 16.775 1.12838
 16.8 1.13017
 16.825 1.13195
 16.85 1.13373
 16.875 1.13551
 16.9 1.1373
 16.925 1.13908
 16.95 1.14086
 16.975 1.14265
 17 1.14443
 17.025 1.14621
 17.05 1.148
 17.075 1.14978
 17.1 1.15157
 17.125 1.15335
 17.15 1.15514
 17.175 1.15692
 17.2 1.15871
 17.225 1.16049
 17.25 1.16228
 17.275 1.16406
 17.3 1.16585
 17.325 1.16764
 17.35 1.16942
 17.375 1.17121
 17.4 1.173
 17.425 1.17478
 17.45 1.17657
 17.475 1.17836
 17.5 1.18014
 17.525 1.18193
 17.55 1.18372
 17.575 1.18551
 17.6 1.1873
 17.625 1.18909
 17.65 1.19087
 17.675 1.19266
 17.7 1.19445
 17.725 1.19624
 17.75 1.19803
 17.775 1.19982
 17.8 1.20161
 17.825 1.2034
 17.85 1.20519
 17.875 1.20699
 17.9 1.20878
 17.925 1.21057
 17.95 1.21236
 17.975 1.21415
 18 1.21595
 18.025 1.21774
 18.05 1.21953
 18.075 1.22133
 18.1 1.22312
 18.125 1.22492
 18.15 1.22671
 18.175 1.22851
 18.2 1.2303
 18.225 1.2321
 18.25 1.2339
 18.275 1.23569
 18.3 1.23749
 18.325 1.23929
 18.35 1.24108
 18.375 1.24288
 18.4 1.24468
 18.425 1.24648
 18.45 1.24828
 18.475 1.25008
 18.5 1.25188
 18.525 1.25368
 18.55 1.25548
 18.575 1.25728
 18.6 1.25908
 18.625 1.26088
 18.65 1.26268
 18.675 1.26449
 18.7 1.26629
 18.725 1.26809
 18.75 1.26989
 18.775 1.2717
 18.8 1.2735
 18.825 1.2753
 18.85 1.27711
 18.875 1.27891
 18.9 1.28072
 18.925 1.28252
 18.95 1.28433
 18.975 1.28613
 19 1.28794
 19.025 1.28974
 19.05 1.29155
 19.075 1.29336
 19.1 1.29517
 19.125 1.29697
 19.15 1.29878
 19.175 1.30059
 19.2 1.3024
 19.225 1.30421
 19.25 1.30602
 19.275 1.30783
 19.3 1.30963
 19.325 1.31144
 19.35 1.31326
 19.375 1.31507
 19.4 1.31688
 19.425 1.31869
 19.45 1.3205
 19.475 1.32231
 19.5 1.32412
 19.525 1.32594
 19.55 1.32775
 19.575 1.32956
 19.6 1.33138
 19.625 1.33319
 19.65 1.335
 19.675 1.33682
 19.7 1.33863
 19.725 1.34045
 19.75 1.34226
 19.775 1.34408
 19.8 1.3459
 19.825 1.34771
 19.85 1.34953
 19.875 1.35135
 19.9 1.35316
 19.925 1.35498
 19.95 1.3568
 19.975 1.35862
 20 1.36044
 20.025 1.36226
 20.05 1.36407
 20.075 1.36589
 20.1 1.36771
 20.125 1.36954
 20.15 1.37136
 20.175 1.37318
 20.2 1.375
 20.225 1.37682
 20.25 1.37864
 20.275 1.38047
 20.3 1.38229
 20.325 1.38411
 20.35 1.38594
 20.375 1.38776
 20.4 1.38958
 20.425 1.39141
 20.45 1.39323
 20.475 1.39506
 20.5 1.39688
 20.525 1.39871
 20.55 1.40054
 20.575 1.40236
 20.6 1.40419
 20.625 1.40602
 20.65 1.40785
 20.675 1.40968
 20.7 1.41151
 20.725 1.41334
 20.75 1.41517
 20.775 1.417
 20.8 1.41883
 20.825 1.42066
 20.85 1.42249
 20.875 1.42433
 20.9 1.42616
 20.925 1.42799
 20.95 1.42983
 20.975 1.43166
 21 1.4335
 21.025 1.43533
 21.05 1.43717
 21.075 1.43901
 21.1 1.44085
 21.125 1.44268
 21.15 1.44452
 21.175 1.44636
 21.2 1.4482
 21.225 1.45004
 21.25 1.45188
 21.275 1.45372
 21.3 1.45556
 21.325 1.4574
 21.35 1.45925
 21.375 1.46109
 21.4 1.46293
 21.425 1.46478
 21.45 1.46662
 21.475 1.46846
 21.5 1.47031
 21.525 1.47215
 21.55 1.474
 21.575 1.47585
 21.6 1.47769
 21.625 1.47954
 21.65 1.48139
 21.675 1.48324
 21.7 1.48509
 21.725 1.48694
 21.75 1.48879
 21.775 1.49064
 21.8 1.49249
 21.825 1.49434
 21.85 1.49619
 21.875 1.49804
 21.9 1.49989
 21.925 1.50175
 21.95 1.5036
 21.975 1.50545
 22 1.50731
 22.025 1.50916
 22.05 1.51102
 22.075 1.51287
 22.1 1.51473
 22.125 1.51659
 22.15 1.51844
 22.175 1.5203
 22.2 1.52216
 22.225 1.52402
 22.25 1.52588
 22.275 1.52774
 22.3 1.5296
 22.325 1.53146
 22.35 1.53332
 22.375 1.53518
 22.4 1.53704
 22.425 1.53891
 22.45 1.54077
 22.475 1.54263
 22.5 1.5445
 22.525 1.54636
 22.55 1.54823
 22.575 1.55009
 22.6 1.55196
 22.625 1.55382
 22.65 1.55569
 22.675 1.55756
 22.7 1.55943
 22.725 1.56129
 22.75 1.56316
 22.775 1.56503
 22.8 1.5669
 22.825 1.56877
 22.85 1.57064
 22.875 1.57251
 22.9 1.57439
 22.925 1.57626
 22.95 1.57813
 22.975 1.58
 23 1.58188
 23.025 1.58375
 23.05 1.58563
 23.075 1.5875
 23.1 1.58938
 23.125 1.59126
 23.15 1.59313
 23.175 1.59501
 23.2 1.59689
 23.225 1.59877
 23.25 1.60065
 23.275 1.60253
 23.3 1.60441
 23.325 1.60629
 23.35 1.60817
 23.375 1.61005
 23.4 1.61194
 23.425 1.61382
 23.45 1.6157
 23.475 1.61759
 23.5 1.61948
 23.525 1.62136
 23.55 1.62325
 23.575 1.62514
 23.6 1.62703
 23.625 1.62892
 23.65 1.63081
 23.675 1.6327
 23.7 1.63459
 23.725 1.63648
 23.75 1.63837
 23.775 1.64027
 23.8 1.64216
 23.825 1.64406
 23.85 1.64595
 23.875 1.64785
 23.9 1.64974
 23.925 1.65164
 23.95 1.65354
 23.975 1.65544
 24 1.65734
 24.025 1.65924
 24.05 1.66114
 24.075 1.66304
 24.1 1.66494
 24.125 1.66685
 24.15 1.66875
 24.175 1.67065
 24.2 1.67256
 24.225 1.67446
 24.25 1.67637
 24.275 1.67828
 24.3 1.68018
 24.325 1.68209
 24.35 1.684
 24.375 1.68591
 24.4 1.68782
 24.425 1.68973
 24.45 1.69164
 24.475 1.69355
 24.5 1.69546
 24.525 1.69738
 24.55 1.69929
 24.575 1.7012
 24.6 1.70312
 24.625 1.70504
 24.65 1.70695
 24.675 1.70887
 24.7 1.71079
 24.725 1.7127
 24.75 1.71462
 24.775 1.71654
 24.8 1.71846
 24.825 1.72038
 24.85 1.72231
 24.875 1.72423
 24.9 1.72615
 24.925 1.72807
 24.95 1.73
 24.975 1.73192
 25 1.73385
 25.025 1.73578
 25.05 1.7377
 25.075 1.73963
 25.1 1.74156
 25.125 1.74349
 25.15 1.74542
 25.175 1.74735
 25.2 1.74928
 25.225 1.75121
 25.25 1.75314
 25.275 1.75508
 25.3 1.75701
 25.325 1.75894
 25.35 1.76088
 25.375 1.76281
 25.4 1.76475
 25.425 1.76669
 25.45 1.76862
 25.475 1.77056
 25.5 1.7725
 25.525 1.77444
 25.55 1.77638
 25.575 1.77832
 25.6 1.78027
 25.625 1.78221
 25.65 1.78415
 25.675 1.7861
 25.7 1.78804
 25.725 1.78999
 25.75 1.79193
 25.775 1.79388
 25.8 1.79583
 25.825 1.79778
 25.85 1.79973
 25.875 1.80168
 25.9 1.80363
 25.925 1.80558
 25.95 1.80753
 25.975 1.80948
 26 1.81144
 26.025 1.81339
 26.05 1.81535
 26.075 1.81731
 26.1 1.81926
 26.125 1.82122
 26.15 1.82318
 26.175 1.82514
 26.2 1.82711
 26.225 1.82907
 26.25 1.83103
 26.275 1.833
 26.3 1.83496
 26.325 1.83693
 26.35 1.83889
 26.375 1.84086
 26.4 1.84283
 26.425 1.8448
 26.45 1.84677
 26.475 1.84874
 26.5 1.85072
 26.525 1.85269
 26.55 1.85466
 26.575 1.85664
 26.6 1.85861
 26.625 1.86059
 26.65 1.86257
 26.675 1.86455
 26.7 1.86653
 26.725 1.86851
 26.75 1.87049
 26.775 1.87247
 26.8 1.87445
 26.825 1.87643
 26.85 1.87842
 26.875 1.8804
 26.9 1.88239
 26.925 1.88438
 26.95 1.88637
 26.975 1.88835
 27 1.89034
 27.025 1.89233
 27.05 1.89433
 27.075 1.89632
 27.1 1.89831
 27.125 1.9003
 27.15 1.9023
 27.175 1.9043
 27.2 1.90629
 27.225 1.90829
 27.25 1.91029
 27.275 1.91229
 27.3 1.91429
 27.325 1.91629
 27.35 1.91829
 27.375 1.92029
 27.4 1.9223
 27.425 1.9243
 27.45 1.92631
 27.475 1.92831
 27.5 1.93032
 27.525 1.93233
 27.55 1.93434
 27.575 1.93635
 27.6 1.93836
 27.625 1.94037
 27.65 1.94238
 27.675 1.94439
 27.7 1.94641
 27.725 1.94842
 27.75 1.95044
 27.775 1.95245
 27.8 1.95447
 27.825 1.95649
 27.85 1.95851
 27.875 1.96053
 27.9 1.96255
 27.925 1.96458
 27.95 1.9666
 27.975 1.96862
 28 1.97065
 28.025 1.97267
 28.05 1.9747
 28.075 1.97673
 28.1 1.97876
 28.125 1.98079
 28.15 1.98282
 28.175 1.98485
 28.2 1.98688
 28.225 1.98892
 28.25 1.99095
 28.275 1.99299
 28.3 1.99502
 28.325 1.99706
 28.35 1.9991
 28.375 2.00114
 28.4 2.00318
 28.425 2.00522
 28.45 2.00726
 28.475 2.0093
 28.5 2.01135
 28.525 2.0134
 28.55 2.01544
 28.575 2.01749
 28.6 2.01954
 28.625 2.02159
 28.65 2.02364
 28.675 2.0257
 28.7 2.02775
 28.725 2.02981
 28.75 2.03186
 28.775 2.03392
 28.8 2.03598
 28.825 2.03804
 28.85 2.0401
 28.875 2.04216
 28.9 2.04423
 28.925 2.04629
 28.95 2.04836
 28.975 2.05042
 29 2.05249
 29.025 2.05456
 29.05 2.05663
 29.075 2.0587
 29.1 2.06078
 29.125 2.06285
 29.15 2.06492
 29.175 2.067
 29.2 2.06908
 29.225 2.07116
 29.25 2.07323
 29.275 2.07532
 29.3 2.0774
 29.325 2.07948
 29.35 2.08156
 29.375 2.08365
 29.4 2.08573
 29.425 2.08782
 29.45 2.08991
 29.475 2.092
 29.5 2.09409
 29.525 2.09618
 29.55 2.09827
 29.575 2.10037
 29.6 2.10246
 29.625 2.10456
 29.65 2.10666
 29.675 2.10876
 29.7 2.11085
 29.725 2.11296
 29.75 2.11506
 29.775 2.11716
 29.8 2.11926
 29.825 2.12137
 29.85 2.12348
 29.875 2.12558
 29.9 2.12769
 29.925 2.1298
 29.95 2.13191
 29.975 2.13403
 30 2.13614
 30.025 2.13825
 30.05 2.14037
 30.075 2.14249
 30.1 2.1446
 30.125 2.14672
 30.15 2.14884
 30.175 2.15096
 30.2 2.15309
 30.225 2.15521
 30.25 2.15733
 30.275 2.15946
 30.3 2.16159
 30.325 2.16372
 30.35 2.16585
 30.375 2.16798
 30.4 2.17011
 30.425 2.17224
 30.45 2.17438
 30.475 2.17651
 30.5 2.17865
 30.525 2.18079
 30.55 2.18293
 30.575 2.18507
 30.6 2.18721
 30.625 2.18935
 30.65 2.1915
 30.675 2.19364
 30.7 2.19579
 30.725 2.19794
 30.75 2.20009
 30.775 2.20224
 30.8 2.20439
 30.825 2.20654
 30.85 2.20869
 30.875 2.21085
 30.9 2.21301
 30.925 2.21517
 30.95 2.21733
 30.975 2.21949
 31 2.22165
 31.025 2.22382
 31.05 2.22598
 31.075 2.22815
 31.1 2.23032
 31.125 2.23249
 31.15 2.23467
 31.175 2.23684
 31.2 2.23902
 31.225 2.24119
 31.25 2.24337
 31.275 2.24555
 31.3 2.24773
 31.325 2.24991
 31.35 2.2521
 31.375 2.25428
 31.4 2.25647
 31.425 2.25866
 31.45 2.26085
 31.475 2.26304
 31.5 2.26523
 31.525 2.26743
 31.55 2.26962
 31.575 2.27182
 31.6 2.27402
 31.625 2.27622
 31.65 2.27842
 31.675 2.28062
 31.7 2.28283
 31.725 2.28503
 31.75 2.28724
 31.775 2.28945
 31.8 2.29166
 31.825 2.29387
 31.85 2.29608
 31.875 2.2983
 31.9 2.30051
 31.925 2.30273
 31.95 2.30495
 31.975 2.30717
 32 2.30939
 32.025 2.31162
 32.05 2.31384
 32.075 2.31607
 32.1 2.31829
 32.125 2.32052
 32.15 2.32275
 32.175 2.32498
 32.2 2.32722
 32.225 2.32945
 32.25 2.33169
 32.275 2.33393
 32.3 2.33617
 32.325 2.33841
 32.35 2.34065
 32.375 2.34289
 32.4 2.34514
 32.425 2.34738
 32.45 2.34963
 32.475 2.35188
 32.5 2.35413
 32.525 2.35638
 32.55 2.35864
 32.575 2.36089
 32.6 2.36315
 32.625 2.36541
 32.65 2.36767
 32.675 2.36993
 32.7 2.37219
 32.725 2.37446
 32.75 2.37673
 32.775 2.37899
 32.8 2.38126
 32.825 2.38353
 32.85 2.38581
 32.875 2.38808
 32.9 2.39035
 32.925 2.39263
 32.95 2.39491
 32.975 2.39719
 33 2.39947
 33.025 2.40176
 33.05 2.40404
 33.075 2.40633
 33.1 2.40862
 33.125 2.41091
 33.15 2.4132
 33.175 2.41549
 33.2 2.41779
 33.225 2.42009
 33.25 2.42239
 33.275 2.42469
 33.3 2.42699
 33.325 2.4293
 33.35 2.43161
 33.375 2.43391
 33.4 2.43623
 33.425 2.43854
 33.45 2.44085
 33.475 2.44317
 33.5 2.44549
 33.525 2.44781
 33.55 2.45013
 33.575 2.45245
 33.6 2.45478
 33.625 2.45711
 33.65 2.45944
 33.675 2.46177
 33.7 2.4641
 33.725 2.46644
 33.75 2.46877
 33.775 2.47111
 33.8 2.47345
 33.825 2.4758
 33.85 2.47814
 33.875 2.48049
 33.9 2.48283
 33.925 2.48518
 33.95 2.48753
 33.975 2.48989
 34 2.49224
 34.025 2.4946
 34.05 2.49696
 34.075 2.49932
 34.1 2.50168
 34.125 2.50405
 34.15 2.50641
 34.175 2.50878
 34.2 2.51115
 34.225 2.51352
 34.25 2.5159
 34.275 2.51827
 34.3 2.52065
 34.325 2.52303
 34.35 2.52541
 34.375 2.52779
 34.4 2.53018
 34.425 2.53256
 34.45 2.53495
 34.475 2.53734
 34.5 2.53973
 34.525 2.54213
 34.55 2.54452
 34.575 2.54692
 34.6 2.54932
 34.625 2.55172
 34.65 2.55412
 34.675 2.55653
 34.7 2.55894
 34.725 2.56135
 34.75 2.56376
 34.775 2.56617
 34.8 2.56858
 34.825 2.571
 34.85 2.57342
 34.875 2.57584
 34.9 2.57826
 34.925 2.58069
 34.95 2.58311
 34.975 2.58554
 35 2.58797
 35.025 2.5904
 35.05 2.59284
 35.075 2.59527
 35.1 2.59771
 35.125 2.60015
 35.15 2.60259
 35.175 2.60504
 35.2 2.60749
 35.225 2.60993
 35.25 2.61238
 35.275 2.61484
 35.3 2.61729
 35.325 2.61975
 35.35 2.62221
 35.375 2.62468
 35.4 2.62714
 35.425 2.62961
 35.45 2.63208
 35.475 2.63455
 35.5 2.63702
 35.525 2.6395
 35.55 2.64198
 35.575 2.64446
 35.6 2.64695
 35.625 2.64943
 35.65 2.65192
 35.675 2.65441
 35.7 2.6569
 35.725 2.6594
 35.75 2.6619
 35.775 2.6644
 35.8 2.6669
 35.825 2.6694
 35.85 2.67191
 35.875 2.67442
 35.9 2.67693
 35.925 2.67945
 35.95 2.68196
 35.975 2.68448
 36 2.687
 36.025 2.68953
 36.05 2.69205
 36.075 2.69458
 36.1 2.69711
 36.125 2.69964
 36.15 2.70218
 36.175 2.70471
 36.2 2.70725
 36.225 2.70979
 36.25 2.71234
 36.275 2.71488
 36.3 2.71743
 36.325 2.71998
 36.35 2.72254
 36.375 2.72509
 36.4 2.72765
 36.425 2.73021
 36.45 2.73277
 36.475 2.73534
 36.5 2.73791
 36.525 2.74048
 36.55 2.74305
 36.575 2.74562
 36.6 2.7482
 36.625 2.75078
 36.65 2.75336
 36.675 2.75594
 36.7 2.75853
 36.725 2.76112
 36.75 2.76371
 36.775 2.7663
 36.8 2.7689
 36.825 2.7715
 36.85 2.7741
 36.875 2.7767
 36.9 2.77931
 36.925 2.78191
 36.95 2.78453
 36.975 2.78714
 37 2.78975
 37.025 2.79237
 37.05 2.79499
 37.075 2.79761
 37.1 2.80024
 37.125 2.80287
 37.15 2.8055
 37.175 2.80813
 37.2 2.81077
 37.225 2.81341
 37.25 2.81605
 37.275 2.81869
 37.3 2.82134
 37.325 2.82399
 37.35 2.82664
 37.375 2.8293
 37.4 2.83196
 37.425 2.83462
 37.45 2.83729
 37.475 2.83995
 37.5 2.84263
 37.525 2.8453
 37.55 2.84798
 37.575 2.85066
 37.6 2.85334
 37.625 2.85602
 37.65 2.85871
 37.675 2.8614
 37.7 2.8641
 37.725 2.86679
 37.75 2.86949
 37.775 2.8722
 37.8 2.8749
 37.825 2.87761
 37.85 2.88032
 37.875 2.88304
 37.9 2.88575
 37.925 2.88848
 37.95 2.8912
 37.975 2.89392
 38 2.89665
 38.025 2.89939
 38.05 2.90212
 38.075 2.90486
 38.1 2.9076
 38.125 2.91034
 38.15 2.91309
 38.175 2.91584
 38.2 2.91859
 38.225 2.92135
 38.25 2.9241
 38.275 2.92687
 38.3 2.92963
 38.325 2.9324
 38.35 2.93517
 38.375 2.93794
 38.4 2.94072
 38.425 2.94349
 38.45 2.94628
 38.475 2.94906
 38.5 2.95185
 38.525 2.95464
 38.55 2.95743
 38.575 2.96023
 38.6 2.96303
 38.625 2.96583
 38.65 2.96864
 38.675 2.97145
 38.7 2.97426
 38.725 2.97707
 38.75 2.97989
 38.775 2.98271
 38.8 2.98554
 38.825 2.98836
 38.85 2.99119
 38.875 2.99403
 38.9 2.99686
 38.925 2.9997
 38.95 3.00254
 38.975 3.00539
 39 3.00824
 39.025 3.01109
 39.05 3.01395
 39.075 3.01681
 39.1 3.01967
 39.125 3.02254
 39.15 3.02541
 39.175 3.02828
 39.2 3.03116
 39.225 3.03404
 39.25 3.03692
 39.275 3.03981
 39.3 3.04271
 39.325 3.0456
 39.35 3.0485
 39.375 3.0514
 39.4 3.05431
 39.425 3.05722
 39.45 3.06013
 39.475 3.06305
 39.5 3.06597
 39.525 3.0689
 39.55 3.07183
 39.575 3.07476
 39.6 3.07769
 39.625 3.08063
 39.65 3.08358
 39.675 3.08652
 39.7 3.08947
 39.725 3.09243
 39.75 3.09538
 39.775 3.09834
 39.8 3.10131
 39.825 3.10428
 39.85 3.10725
 39.875 3.11023
 39.9 3.1132
 39.925 3.11619
 39.95 3.11917
 39.975 3.12216
 40 3.12516
 40.025 3.12816
 40.05 3.13116
 40.075 3.13416
 40.1 3.13717
 40.125 3.14018
 40.15 3.1432
 40.175 3.14622
 40.2 3.14924
 40.225 3.15227
 40.25 3.1553
 40.275 3.15834
 40.3 3.16138
 40.325 3.16442
 40.35 3.16747
 40.375 3.17052
 40.4 3.17357
 40.425 3.17663
 40.45 3.17969
 40.475 3.18275
 40.5 3.18582
 40.525 3.18889
 40.55 3.19197
 40.575 3.19505
 40.6 3.19813
 40.625 3.20122
 40.65 3.20432
 40.675 3.20741
 40.7 3.21051
 40.725 3.21362
 40.75 3.21673
 40.775 3.21984
 40.8 3.22296
 40.825 3.22608
 40.85 3.22921
 40.875 3.23234
 40.9 3.23547
 40.925 3.23861
 40.95 3.24176
 40.975 3.24491
 41 3.24806
 41.025 3.25122
 41.05 3.25438
 41.075 3.25755
 41.1 3.26072
 41.125 3.2639
 41.15 3.26708
 41.175 3.27026
 41.2 3.27345
 41.225 3.27665
 41.25 3.27985
 41.275 3.28305
 41.3 3.28626
 41.325 3.28947
 41.35 3.29269
 41.375 3.29591
 41.4 3.29913
 41.425 3.30236
 41.45 3.3056
 41.475 3.30884
 41.5 3.31208
 41.525 3.31533
 41.55 3.31859
 41.575 3.32184
 41.6 3.32511
 41.625 3.32837
 41.65 3.33165
 41.675 3.33492
 41.7 3.3382
 41.725 3.34149
 41.75 3.34478
 41.775 3.34807
 41.8 3.35137
 41.825 3.35468
 41.85 3.35799
 41.875 3.3613
 41.9 3.36462
 41.925 3.36794
 41.95 3.37127
 41.975 3.3746
 42 3.37794
 42.025 3.38128
 42.05 3.38463
 42.075 3.38798
 42.1 3.39133
 42.125 3.3947
 42.15 3.39806
 42.175 3.40143
 42.2 3.40481
 42.225 3.40819
 42.25 3.41157
 42.275 3.41497
 42.3 3.41836
 42.325 3.42176
 42.35 3.42517
 42.375 3.42859
 42.4 3.432
 42.425 3.43543
 42.45 3.43886
 42.475 3.44229
 42.5 3.44573
 42.525 3.44918
 42.55 3.45263
 42.575 3.45609
 42.6 3.45955
 42.625 3.46302
 42.65 3.46649
 42.675 3.46997
 42.7 3.47346
 42.725 3.47695
 42.75 3.48045
 42.775 3.48395
 42.8 3.48746
 42.825 3.49097
 42.85 3.49449
 42.875 3.49801
 42.9 3.50154
 42.925 3.50508
 42.95 3.50862
 42.975 3.51217
 43 3.51572
 43.025 3.51928
 43.05 3.52285
 43.075 3.52642
 43.1 3.52999
 43.125 3.53357
 43.15 3.53716
 43.175 3.54076
 43.2 3.54435
 43.225 3.54796
 43.25 3.55157
 43.275 3.55519
 43.3 3.55881
 43.325 3.56244
 43.35 3.56607
 43.375 3.56971
 43.4 3.57336
 43.425 3.57701
 43.45 3.58067
 43.475 3.58433
 43.5 3.588
 43.525 3.59167
 43.55 3.59535
 43.575 3.59904
 43.6 3.60273
 43.625 3.60643
 43.65 3.61014
 43.675 3.61385
 43.7 3.61757
 43.725 3.6213
 43.75 3.62503
 43.775 3.62877
 43.8 3.63251
 43.825 3.63627
 43.85 3.64003
 43.875 3.64379
 43.9 3.64757
 43.925 3.65135
 43.95 3.65513
 43.975 3.65893
 44 3.66273
 44.025 3.66654
 44.05 3.67035
 44.075 3.67417
 44.1 3.678
 44.125 3.68184
 44.15 3.68568
 44.175 3.68953
 44.2 3.69339
 44.225 3.69725
 44.25 3.70112
 44.275 3.705
 44.3 3.70888
 44.325 3.71278
 44.35 3.71667
 44.375 3.72058
 44.4 3.72449
 44.425 3.72841
 44.45 3.73234
 44.475 3.73627
 44.5 3.74022
 44.525 3.74416
 44.55 3.74812
 44.575 3.75208
 44.6 3.75605
 44.625 3.76003
 44.65 3.76402
 44.675 3.76801
 44.7 3.77201
 44.725 3.77601
 44.75 3.78003
 44.775 3.78405
 44.8 3.78808
 44.825 3.79211
 44.85 3.79616
 44.875 3.80021
 44.9 3.80427
 44.925 3.80833
 44.95 3.81241
 44.975 3.81649
 45 3.82058
 45.025 3.82468
 45.05 3.82879
 45.075 3.8329
 45.1 3.83703
 45.125 3.84116
 45.15 3.8453
 45.175 3.84945
 45.2 3.85361
 45.225 3.85777
 45.25 3.86195
 45.275 3.86613
 45.3 3.87032
 45.325 3.87452
 45.35 3.87873
 45.375 3.88295
 45.4 3.88718
 45.425 3.89141
 45.45 3.89566
 45.475 3.89991
 45.5 3.90417
 45.525 3.90844
 45.55 3.91272
 45.575 3.91701
 45.6 3.9213
 45.625 3.92561
 45.65 3.92992
 45.675 3.93424
 45.7 3.93858
 45.725 3.94292
 45.75 3.94727
 45.775 3.95162
 45.8 3.95599
 45.825 3.96037
 45.85 3.96475
 45.875 3.96915
 45.9 3.97355
 45.925 3.97796
 45.95 3.98238
 45.975 3.98681
 46 3.99125
 46.025 3.9957
 46.05 4.00016
 46.075 4.00463
 46.1 4.0091
 46.125 4.01359
 46.15 4.01809
 46.175 4.02259
 46.2 4.02711
 46.225 4.03164
 46.25 4.03618
 46.275 4.04072
 46.3 4.04528
 46.325 4.04985
 46.35 4.05443
 46.375 4.05902
 46.4 4.06362
 46.425 4.06823
 46.45 4.07285
 46.475 4.07749
 46.5 4.08213
 46.525 4.08678
 46.55 4.09145
 46.575 4.09612
 46.6 4.10081
 46.625 4.10551
 46.65 4.11021
 46.675 4.11493
 46.7 4.11966
 46.725 4.1244
 46.75 4.12915
 46.775 4.13391
 46.8 4.13869
 46.825 4.14347
 46.85 4.14827
 46.875 4.15307
 46.9 4.15789
 46.925 4.16272
 46.95 4.16756
 46.975 4.17241
 47 4.17727
 47.025 4.18214
 47.05 4.18702
 47.075 4.19192
 47.1 4.19683
 47.125 4.20174
 47.15 4.20667
 47.175 4.21162
 47.2 4.21657
 47.225 4.22154
 47.25 4.22651
 47.275 4.23151
 47.3 4.23651
 47.325 4.24153
 47.35 4.24656
 47.375 4.2516
 47.4 4.25665
 47.425 4.26172
 47.45 4.2668
 47.475 4.2719
 47.5 4.27701
 47.525 4.28213
 47.55 4.28726
 47.575 4.29241
 47.6 4.29757
 47.625 4.30274
 47.65 4.30793
 47.675 4.31313
 47.7 4.31834
 47.725 4.32357
 47.75 4.32881
 47.775 4.33406
 47.8 4.33933
 47.825 4.34461
 47.85 4.34991
 47.875 4.35522
 47.9 4.36054
 47.925 4.36588
 47.95 4.37123
 47.975 4.37659
 48 4.38197
 48.025 4.38736
 48.05 4.39276
 48.075 4.39818
 48.1 4.40362
 48.125 4.40907
 48.15 4.41453
 48.175 4.42001
 48.2 4.4255
 48.225 4.43101
 48.25 4.43653
 48.275 4.44207
 48.3 4.44763
 48.325 4.4532
 48.35 4.45879
 48.375 4.46439
 48.4 4.47001
 48.425 4.47564
 48.45 4.4813
 48.475 4.48696
 48.5 4.49265
 48.525 4.49835
 48.55 4.50406
 48.575 4.5098
 48.6 4.51555
 48.625 4.52131
 48.65 4.52709
 48.675 4.53289
 48.7 4.53871
 48.725 4.54454
 48.75 4.55039
 48.775 4.55626
 48.8 4.56214
 48.825 4.56804
 48.85 4.57396
 48.875 4.57989
 48.9 4.58584
 48.925 4.59181
 48.95 4.5978
 48.975 4.6038
 49 4.60982
 49.025 4.61586
 49.05 4.62192
 49.075 4.628
 49.1 4.63409
 49.125 4.64021
 49.15 4.64634
 49.175 4.6525
 49.2 4.65867
 49.225 4.66486
 49.25 4.67107
 49.275 4.67731
 49.3 4.68356
 49.325 4.68983
 49.35 4.69612
 49.375 4.70243
 49.4 4.70876
 49.425 4.71512
 49.45 4.72149
 49.475 4.72788
 49.5 4.73429
 49.525 4.74073
 49.55 4.74718
 49.575 4.75365
 49.6 4.76015
 49.625 4.76667
 49.65 4.7732
 49.675 4.77976
 49.7 4.78634
 49.725 4.79294
 49.75 4.79957
 49.775 4.80621
 49.8 4.81287
 49.825 4.81956
 49.85 4.82627
 49.875 4.83301
 49.9 4.83977
 49.925 4.84655
 49.95 4.85335
 49.975 4.86018
 50 4.86703
 50.025 4.87391
 50.05 4.88081
 50.075 4.88774
 50.1 4.89469
 50.125 4.90166
 50.15 4.90866
 50.175 4.91568
 50.2 4.92273
 50.225 4.9298
 50.25 4.9369
 50.275 4.94403
 50.3 4.95117
 50.325 4.95835
 50.35 4.96555
 50.375 4.97277
 50.4 4.98003
 50.425 4.9873
 50.45 4.99461
 50.475 5.00194
 50.5 5.00929
 50.525 5.01668
 50.55 5.02409
 50.575 5.03153
 50.6 5.03899
 50.625 5.04649
 50.65 5.05402
 50.675 5.06157
 50.7 5.06916
 50.725 5.07677
 50.75 5.08441
 50.775 5.09209
 50.8 5.09979
 50.825 5.10752
 50.85 5.11528
 50.875 5.12308
 50.9 5.1309
 50.925 5.13876
 50.95 5.14664
 50.975 5.15456
 51 5.16251
 51.025 5.17049
 51.05 5.1785
 51.075 5.18654
 51.1 5.19461
 51.125 5.20272
 51.15 5.21086
 51.175 5.21903
 51.2 5.22724
 51.225 5.23548
 51.25 5.24376
 51.275 5.25207
 51.3 5.26041
 51.325 5.26879
 51.35 5.27721
 51.375 5.28567
 51.4 5.29416
 51.425 5.30268
 51.45 5.31125
 51.475 5.31985
 51.5 5.32849
 51.525 5.33716
 51.55 5.34588
 51.575 5.35463
 51.6 5.36342
 51.625 5.37224
 51.65 5.38111
 51.675 5.39001
 51.7 5.39896
 51.725 5.40794
 51.75 5.41696
 51.775 5.42603
 51.8 5.43513
 51.825 5.44428
 51.85 5.45347
 51.875 5.46271
 51.9 5.47199
 51.925 5.48131
 51.95 5.49067
 51.975 5.50009
 52 5.50954
 52.025 5.51904
 52.05 5.52859
 52.075 5.53818
 52.1 5.54781
 52.125 5.5575
 52.15 5.56722
 52.175 5.577
 52.2 5.58682
 52.225 5.59669
 52.25 5.60661
 52.275 5.61658
 52.3 5.62659
 52.325 5.63666
 52.35 5.64678
 52.375 5.65695
 52.4 5.66718
 52.425 5.67745
 52.45 5.68778
 52.475 5.69817
 52.5 5.70861
 52.525 5.7191
 52.55 5.72965
 52.575 5.74025
 52.6 5.75091
 52.625 5.76162
 52.65 5.77239
 52.675 5.78322
 52.7 5.79411
 52.725 5.80505
 52.75 5.81605
 52.775 5.82711
 52.8 5.83824
 52.825 5.84942
 52.85 5.86067
 52.875 5.87198
 52.9 5.88336
 52.925 5.89481
 52.95 5.90631
 52.975 5.91789
 53 5.92953
 53.025 5.94124
 53.05 5.95301
 53.075 5.96485
 53.1 5.97676
 53.125 5.98875
 53.15 6.0008
 53.175 6.01292
 53.2 6.02511
 53.225 6.03738
 53.25 6.04972
 53.275 6.06214
 53.3 6.07463
 53.325 6.0872
 53.35 6.09986
 53.375 6.11259
 53.4 6.1254
 53.425 6.13829
 53.45 6.15127
 53.475 6.16432
 53.5 6.17746
 53.525 6.19068
 53.55 6.20399
 53.575 6.21738
 53.6 6.23086
 53.625 6.24443
 53.65 6.25809
 53.675 6.27184
 53.7 6.28569
 53.725 6.29963
 53.75 6.31366
 53.775 6.3278
 53.8 6.34203
 53.825 6.35636
 53.85 6.37078
 53.875 6.38531
 53.9 6.39994
 53.925 6.41467
 53.95 6.42951
 53.975 6.44445
 54 6.4595
 54.025 6.47467
 54.05 6.48994
 54.075 6.50533
 54.1 6.52084
 54.125 6.53646
 54.15 6.5522
 54.175 6.56806
 54.2 6.58404
 54.225 6.60014
 54.25 6.61636
 54.275 6.63271
 54.3 6.64918
 54.325 6.66579
 54.35 6.68253
 54.375 6.69941
 54.4 6.71643
 54.425 6.73358
 54.45 6.75088
 54.475 6.76831
 54.5 6.7859
 54.525 6.80362
 54.55 6.8215
 54.575 6.83952
 54.6 6.8577
 54.625 6.87604
 54.65 6.89454
 54.675 6.9132
 54.7 6.93203
 54.725 6.95103
 54.75 6.9702
 54.775 6.98954
 54.8 7.00905
 54.825 7.02874
 54.85 7.04861
 54.875 7.06867
 54.9 7.08892
 54.925 7.10936
 54.95 7.13
 54.975 7.15084
 55 7.17188
 55.025 7.19312
 55.05 7.21457
 55.075 7.23624
 55.1 7.25812
 55.125 7.28023
 55.15 7.30257
 55.175 7.32513
 55.2 7.34793
 55.225 7.37098
 55.25 7.39426
 55.275 7.41779
 55.3 7.44158
 55.325 7.46562
 55.35 7.48994
 55.375 7.51452
 55.4 7.53938
 55.425 7.56452
 55.45 7.58995
 55.475 7.61566
 55.5 7.64168
 55.525 7.66801
 55.55 7.69464
 55.575 7.7216
 55.6 7.74889
 55.625 7.77652
 55.65 7.80448
 55.675 7.83279
 55.7 7.86146
 55.725 7.89049
 55.75 7.91991
 55.775 7.94971
 55.8 7.9799
 55.825 8.01049
 55.85 8.0415
 55.875 8.07292
 55.9 8.10479
 55.925 8.1371
 55.95 8.16987
 55.975 8.2031
 56 8.23682
 56.025 8.27103
 56.05 8.30574
 56.075 8.34098
 56.1 8.37676
 56.125 8.41309
 56.15 8.44998
 56.175 8.48745
 56.2 8.52552
 56.225 8.56421
 56.25 8.60354
 56.275 8.64352
 56.3 8.68417
 56.325 8.72552
 56.35 8.76759
 56.375 8.8104
 56.4 8.85397
 56.425 8.89833
 56.45 8.94351
 56.475 8.98953
 56.5 9.03641
 56.525 9.0842
 56.55 9.13293
 56.575 9.18262
 56.6 9.23331
 56.625 9.28504
 56.65 9.33784
 56.675 9.39176
 56.7 9.44684
 56.725 9.50313
 56.75 9.56067
 56.775 9.61952
 56.8 9.67972
 56.825 9.74134
 56.85 9.80443
 56.875 9.86905
 56.9 9.93529
 56.925 10.0032
 56.95 10.0729
 56.975 10.1444
 57 10.2178
 57.025 10.2932
 57.05 10.3708
 57.075 10.4506
 57.1 10.5327
 57.125 10.6173
 57.15 10.7045
 57.175 10.7944
 57.2 10.8872
 57.225 10.983
 57.25 11.0821
 57.275 11.1846
 57.3 11.2907
 57.325 11.4007
 57.35 11.5148
 57.375 11.6333
 57.4 11.7565
 57.425 11.8847
 57.45 12.0183
 57.475 12.1576
 57.5 12.3032
 57.525 12.4554
 57.55 12.6149
 57.575 12.7822
 57.6 12.958
 57.625 13.1431
 57.65 13.3382
 57.675 13.5445
 57.7 13.7628
 57.725 13.9946
 57.75 14.2411
 57.775 14.504
 57.8 14.7852
 57.825 15.0868
 57.85 15.4114
 57.875 15.7618
 57.9 16.1416
 57.925 16.5549
 57.95 17.0065
 57.975 17.5025
 58 18.0498
 58.025 18.6572
 58.05 19.3353
 58.075 20.0971
 58.1 20.9588
 58.125 21.9405
 58.15 23.0673
 58.175 24.3703
 58.2 25.8879
 58.225 27.666
 58.25 29.7578
 58.275 32.2182
 58.3 35.0929
 58.325 38.394
 58.35 42.0679
 58.375 45.9773
 58.4 49.9266
 58.425 53.7166
 58.45 57.1873
 58.475 60.2378
 58.5 62.8238
 58.525 64.9442
 58.55 66.6238
 58.575 67.8998
 58.6 68.8125
 58.625 69.4017
 58.65 69.7041
 58.675 69.7537
 58.7 69.5814
 58.725 69.216
 58.75 68.6838
 58.775 68.009
 58.8 67.2143
 58.825 66.3202
 58.85 65.3458
 58.875 64.3085
 58.9 63.2242
 58.925 62.1073
 58.95 60.9709
 58.975 59.8266
 59 58.6847
 59.025 57.5538
 59.05 56.4415
 59.075 55.3536
 59.1 54.2948
 59.125 53.2684
 59.15 52.2764
 59.175 51.3201
 59.2 50.3996
 59.225 49.5146
 59.25 48.6641
 59.275 47.8469
 59.3 47.0614
 59.325 46.3059
 59.35 45.5784
 59.375 44.8769
 59.4 44.1994
 59.425 43.5441
 59.45 42.9089
 59.475 42.2921
 59.5 41.6921
 59.525 41.1073
 59.55 40.5365
 59.575 39.9786
 59.6 39.4326
 59.625 38.8976
 59.65 38.3728
 59.675 37.8578
 59.7 37.3519
 59.725 36.8547
 59.75 36.3658
 59.775 35.8849
 59.8 35.4117
 59.825 34.946
 59.85 34.4877
 59.875 34.0366
 59.9 33.5925
 59.925 33.1553
 59.95 32.725
 59.975 32.3014
 60 31.8844
 60.025 31.4739
 60.05 31.07
 60.075 30.6724
 60.1 30.2811
 60.125 29.8961
 60.15 29.5172
 60.175 29.1444
 60.2 28.7776
 60.225 28.4166
 60.25 28.0615
 60.275 27.7121
 60.3 27.3683
 60.325 27.0301
 60.35 26.6973
 60.375 26.3699
 60.4 26.0478
 60.425 25.7309
 60.45 25.4191
 60.475 25.1123
 60.5 24.8105
 60.525 24.5135
 60.55 24.2214
 60.575 23.934
 60.6 23.6512
 60.625 23.373
 60.65 23.0993
 60.675 22.83
 60.7 22.5652
 60.725 22.3046
 60.75 22.0484
 60.775 21.7963
 60.8 21.5484
 60.825 21.3047
 60.85 21.065
 60.875 20.8293
 60.9 20.5976
 60.925 20.3698
 60.95 20.1459
 60.975 19.9259
 61 19.7097
 61.025 19.4973
 61.05 19.2886
 61.075 19.0836
 61.1 18.8823
 61.125 18.6847
 61.15 18.4906
 61.175 18.3002
 61.2 18.1132
 61.225 17.9298
 61.25 17.7499
 61.275 17.5734
 61.3 17.4004
 61.325 17.2307
 61.35 17.0643
 61.375 16.9013
 61.4 16.7416
 61.425 16.5851
 61.45 16.4319
 61.475 16.2818
 61.5 16.1349
 61.525 15.9912
 61.55 15.8505
 61.575 15.7128
 61.6 15.5782
 61.625 15.4465
 61.65 15.3178
 61.675 15.192
 61.7 15.0691
 61.725 14.949
 61.75 14.8318
 61.775 14.7173
 61.8 14.6055
 61.825 14.4964
 61.85 14.39
 61.875 14.2863
 61.9 14.1851
 61.925 14.0865
 61.95 13.9904
 61.975 13.8969
 62 13.8057
 62.025 13.7171
 62.05 13.6308
 62.075 13.5469
 62.1 13.4653
 62.125 13.3861
 62.15 13.3092
 62.175 13.2345
 62.2 13.162
 62.225 13.0918
 62.25 13.0237
 62.275 12.9578
 62.3 12.8941
 62.325 12.8325
 62.35 12.773
 62.375 12.7155
 62.4 12.6601
 62.425 12.6068
 62.45 12.5555
 62.475 12.5062
 62.5 12.459
 62.525 12.4137
 62.55 12.3704
 62.575 12.3291
 62.6 12.2897
 62.625 12.2523
 62.65 12.2169
 62.675 12.1834
 62.7 12.1518
 62.725 12.1222
 62.75 12.0946
 62.775 12.0688
 62.8 12.0451
 62.825 12.0232
 62.85 12.0033
 62.875 11.9854
 62.9 11.9695
 62.925 11.9555
 62.95 11.9435
 62.975 11.9335
 63 11.9255
 63.025 11.9195
 63.05 11.9156
 63.075 11.9138
 63.1 11.914
 63.125 11.9163
 63.15 11.9207
 63.175 11.9273
 63.2 11.936
 63.225 11.9469
 63.25 11.9601
 63.275 11.9755
 63.3 11.9932
 63.325 12.0132
 63.35 12.0356
 63.375 12.0603
 63.4 12.0875
 63.425 12.1172
 63.45 12.1494
 63.475 12.1842
 63.5 12.2215
 63.525 12.2616
 63.55 12.3044
 63.575 12.3499
 63.6 12.3984
 63.625 12.4497
 63.65 12.504
 63.675 12.5614
 63.7 12.622
 63.725 12.6857
 63.75 12.7528
 63.775 12.8233
 63.8 12.8973
 63.825 12.975
 63.85 13.0564
 63.875 13.1416
 63.9 13.2309
 63.925 13.3243
 63.95 13.4219
 63.975 13.5241
 64 13.6309
 64.025 13.7425
 64.05 13.8591
 64.075 13.9809
 64.1 14.1082
 64.125 14.2413
 64.15 14.3803
 64.175 14.5256
 64.2 14.6776
 64.225 14.8365
 64.25 15.0028
 64.275 15.1768
 64.3 15.3591
 64.325 15.5501
 64.35 15.7504
 64.375 15.9605
 64.4 16.1812
 64.425 16.4133
 64.45 16.6574
 64.475 16.9146
 64.5 17.1858
 64.525 17.4723
 64.55 17.7752
 64.575 18.096
 64.6 18.4363
 64.625 18.7979
 64.65 19.1828
 64.675 19.5934
 64.7 20.0322
 64.725 20.5022
 64.75 21.0068
 64.775 21.5497
 64.8 22.1352
 64.825 22.7682
 64.85 23.454
 64.875 24.1989
 64.9 25.0095
 64.925 25.8931
 64.95 26.8576
 64.975 27.9109
 65 29.0608
 65.025 30.3139
 65.05 31.6745
 65.075 33.143
 65.1 34.7138
 65.125 36.3724
 65.15 38.094
 65.175 39.843
 65.2 41.5744
 65.225 43.2392
 65.25 44.7899
 65.275 46.1862
 65.3 47.3979
 65.325 48.4066
 65.35 49.2045
 65.375 49.7924
 65.4 50.1781
 65.425 50.3741
 65.45 50.3956
 65.475 50.2591
 65.5 49.9815
 65.525 49.5791
 65.55 49.0685
 65.575 48.4652
 65.6 47.7839
 65.625 47.0383
 65.65 46.2409
 65.675 45.4033
 65.7 44.5361
 65.725 43.6486
 65.75 42.7493
 65.775 41.8456
 65.8 40.944
 65.825 40.0498
 65.85 39.1678
 65.875 38.3017
 65.9 37.4543
 65.925 36.6279
 65.95 35.8243
 65.975 35.0445
 66 34.2892
 66.025 33.5587
 66.05 32.853
 66.075 32.1719
 66.1 31.515
 66.125 30.8818
 66.15 30.2717
 66.175 29.684
 66.2 29.1179
 66.225 28.5727
 66.25 28.0478
 66.275 27.5423
 66.3 27.0555
 66.325 26.5868
 66.35 26.1355
 66.375 25.7009
 66.4 25.2825
 66.425 24.8796
 66.45 24.4918
 66.475 24.1184
 66.5 23.759
 66.525 23.4132
 66.55 23.0805
 66.575 22.7604
 66.6 22.4526
 66.625 22.1567
 66.65 21.8724
 66.675 21.5994
 66.7 21.3372
 66.725 21.0856
 66.75 20.8444
 66.775 20.6133
 66.8 20.3919
 66.825 20.1802
 66.85 19.9777
 66.875 19.7843
 66.9 19.5999
 66.925 19.4241
 66.95 19.2568
 66.975 19.0978
 67 18.947
 67.025 18.8041
 67.05 18.6689
 67.075 18.5415
 67.1 18.4215
 67.125 18.3088
 67.15 18.2033
 67.175 18.1049
 67.2 18.0134
 67.225 17.9287
 67.25 17.8507
 67.275 17.7793
 67.3 17.7143
 67.325 17.6557
 67.35 17.6034
 67.375 17.5573
 67.4 17.5173
 67.425 17.4832
 67.45 17.4552
 67.475 17.433
 67.5 17.4166
 67.525 17.406
 67.55 17.401
 67.575 17.4017
 67.6 17.4081
 67.625 17.42
 67.65 17.4374
 67.675 17.4604
 67.7 17.4889
 67.725 17.5229
 67.75 17.5624
 67.775 17.6073
 67.8 17.6578
 67.825 17.7138
 67.85 17.7754
 67.875 17.8426
 67.9 17.9153
 67.925 17.9938
 67.95 18.078
 67.975 18.168
 68 18.2639
 68.025 18.3658
 68.05 18.4738
 68.075 18.588
 68.1 18.7085
 68.125 18.8355
 68.15 18.9692
 68.175 19.1097
 68.2 19.2572
 68.225 19.412
 68.25 19.5742
 68.275 19.7441
 68.3 19.922
 68.325 20.1083
 68.35 20.3031
 68.375 20.5069
 68.4 20.7201
 68.425 20.943
 68.45 21.1762
 68.475 21.42
 68.5 21.6751
 68.525 21.9418
 68.55 22.221
 68.575 22.5131
 68.6 22.8188
 68.625 23.1388
 68.65 23.474
 68.675 23.8249
 68.7 24.1925
 68.725 24.5775
 68.75 24.9808
 68.775 25.4032
 68.8 25.8455
 68.825 26.3085
 68.85 26.7928
 68.875 27.2991
 68.9 27.8278
 68.925 28.379
 68.95 28.9528
 68.975 29.5486
 69 30.1656
 69.025 30.8024
 69.05 31.457
 69.075 32.1264
 69.1 32.8071
 69.125 33.4946
 69.15 34.1835
 69.175 34.8675
 69.2 35.5397
 69.225 36.1925
 69.25 36.818
 69.275 37.4085
 69.3 37.9562
 69.325 38.4544
 69.35 38.8972
 69.375 39.2797
 69.4 39.5985
 69.425 39.8517
 69.45 40.0382
 69.475 40.1588
 69.5 40.215
 69.525 40.2093
 69.55 40.1449
 69.575 40.0258
 69.6 39.8561
 69.625 39.6403
 69.65 39.3831
 69.675 39.089
 69.7 38.7625
 69.725 38.408
 69.75 38.0296
 69.775 37.6312
 69.8 37.2164
 69.825 36.7886
 69.85 36.3506
 69.875 35.9053
 69.9 35.4551
 69.925 35.0021
 69.95 34.5483
 69.975 34.0953
 70 33.6445
 70.025 33.1971
 70.05 32.7543
 70.075 32.3169
 70.1 31.8856
 70.125 31.4611
 70.15 31.0439
 70.175 30.6342
 70.2 30.2326
 70.225 29.8391
 70.25 29.454
 70.275 29.0774
 70.3 28.7094
 70.325 28.35
 70.35 27.9993
 70.375 27.6571
 70.4 27.3234
 70.425 26.9983
 70.45 26.6815
 70.475 26.3731
 70.5 26.0729
 70.525 25.7807
 70.55 25.4966
 70.575 25.2203
 70.6 24.9518
 70.625 24.6909
 70.65 24.4375
 70.675 24.1914
 70.7 23.9526
 70.725 23.721
 70.75 23.4964
 70.775 23.2786
 70.8 23.0677
 70.825 22.8635
 70.85 22.6658
 70.875 22.4746
 70.9 22.2897
 70.925 22.1111
 70.95 21.9386
 70.975 21.7722
 71 21.6118
 71.025 21.4572
 71.05 21.3084
 71.075 21.1652
 71.1 21.0276
 71.125 20.8955
 71.15 20.7688
 71.175 20.6474
 71.2 20.5313
 71.225 20.4202
 71.25 20.3143
 71.275 20.2133
 71.3 20.1173
 71.325 20.0261
 71.35 19.9397
 71.375 19.858
 71.4 19.7809
 71.425 19.7085
 71.45 19.6405
 71.475 19.577
 71.5 19.5179
 71.525 19.4632
 71.55 19.4128
 71.575 19.3666
 71.6 19.3247
 71.625 19.287
 71.65 19.2534
 71.675 19.2239
 71.7 19.1985
 71.725 19.1771
 71.75 19.1598
 71.775 19.1465
 71.8 19.1371
 71.825 19.1318
 71.85 19.1304
 71.875 19.1331
 71.9 19.1396
 71.925 19.1502
 71.95 19.1648
 71.975 19.1834
 72 19.206
 72.025 19.2326
 72.05 19.2634
 72.075 19.2983
 72.1 19.3373
 72.125 19.3806
 72.15 19.4282
 72.175 19.4801
 72.2 19.5364
 72.225 19.5972
 72.25 19.6626
 72.275 19.7327
 72.3 19.8076
 72.325 19.8873
 72.35 19.9722
 72.375 20.0622
 72.4 20.1575
 72.425 20.2583
 72.45 20.3647
 72.475 20.4771
 72.5 20.5954
 72.525 20.7201
 72.55 20.8512
 72.575 20.9892
 72.6 21.1341
 72.625 21.2864
 72.65 21.4464
 72.675 21.6144
 72.7 21.7907
 72.725 21.9757
 72.75 22.17
 72.775 22.3738
 72.8 22.5877
 72.825 22.8121
 72.85 23.0477
 72.875 23.2949
 72.9 23.5544
 72.925 23.8268
 72.95 24.1127
 72.975 24.4128
 73 24.7279
 73.025 25.0585
 73.05 25.4055
 73.075 25.7696
 73.1 26.1514
 73.125 26.5518
 73.15 26.9712
 73.175 27.4102
 73.2 27.8693
 73.225 28.3486
 73.25 28.8484
 73.275 29.3684
 73.3 29.908
 73.325 30.4664
 73.35 31.0422
 73.375 31.6334
 73.4 32.2375
 73.425 32.8513
 73.45 33.4707
 73.475 34.0913
 73.5 34.7076
 73.525 35.3137
 73.55 35.9033
 73.575 36.4697
 73.6 37.0063
 73.625 37.5066
 73.65 37.9647
 73.675 38.3754
 73.7 38.7342
 73.725 39.0377
 73.75 39.2839
 73.775 39.4713
 73.8 39.5999
 73.825 39.6705
 73.85 39.6848
 73.875 39.645
 73.9 39.5541
 73.925 39.4153
 73.95 39.2323
 73.975 39.0089
 74 38.7489
 74.025 38.4563
 74.05 38.1347
 74.075 37.788
 74.1 37.4196
 74.125 37.0328
 74.15 36.6307
 74.175 36.2162
 74.2 35.7918
 74.225 35.3599
 74.25 34.9226
 74.275 34.4819
 74.3 34.0395
 74.325 33.5967
 74.35 33.1549
 74.375 32.7153
 74.4 32.2787
 74.425 31.846
 74.45 31.4179
 74.475 30.995
 74.5 30.5778
 74.525 30.1666
 74.55 29.7617
 74.575 29.3635
 74.6 28.972
 74.625 28.5876
 74.65 28.2102
 74.675 27.8399
 74.7 27.4768
 74.725 27.1208
 74.75 26.7721
 74.775 26.4305
 74.8 26.096
 74.825 25.7685
 74.85 25.4481
 74.875 25.1346
 74.9 24.828
 74.925 24.5281
 74.95 24.235
 74.975 23.9485
 75 23.6686
 75.025 23.3951
 75.05 23.1281
 75.075 22.8673
 75.1 22.6128
 75.125 22.3644
 75.15 22.1221
 75.175 21.8857
 75.2 21.6553
 75.225 21.4307
 75.25 21.2119
 75.275 20.9987
 75.3 20.7912
 75.325 20.5892
 75.35 20.3926
 75.375 20.2015
 75.4 20.0157
 75.425 19.8351
 75.45 19.6598
 75.475 19.4895
 75.5 19.3244
 75.525 19.1642
 75.55 19.0089
 75.575 18.8585
 75.6 18.7129
 75.625 18.572
 75.65 18.4358
 75.675 18.3042
 75.7 18.1772
 75.725 18.0546
 75.75 17.9364
 75.775 17.8226
 75.8 17.7131
 75.825 17.6079
 75.85 17.5068
 75.875 17.4099
 75.9 17.3171
 75.925 17.2282
 75.95 17.1434
 75.975 17.0624
 76 16.9853
 76.025 16.9121
 76.05 16.8426
 76.075 16.7768
 76.1 16.7147
 76.125 16.6563
 76.15 16.6015
 76.175 16.5502
 76.2 16.5024
 76.225 16.4581
 76.25 16.4173
 76.275 16.3798
 76.3 16.3458
 76.325 16.3152
 76.35 16.2878
 76.375 16.2638
 76.4 16.2431
 76.425 16.2257
 76.45 16.2115
 76.475 16.2006
 76.5 16.193
 76.525 16.1886
 76.55 16.1874
 76.575 16.1894
 76.6 16.1947
 76.625 16.2033
 76.65 16.2151
 76.675 16.2302
 76.7 16.2485
 76.725 16.2702
 76.75 16.2953
 76.775 16.3237
 76.8 16.3555
 76.825 16.3908
 76.85 16.4296
 76.875 16.4719
 76.9 16.5178
 76.925 16.5675
 76.95 16.6208
 76.975 16.678
 77 16.7391
 77.025 16.8043
 77.05 16.8735
 77.075 16.9469
 77.1 17.0248
 77.125 17.1071
 77.15 17.194
 77.175 17.2857
 77.2 17.3824
 77.225 17.4842
 77.25 17.5914
 77.275 17.7041
 77.3 17.8227
 77.325 17.9474
 77.35 18.0784
 77.375 18.2161
 77.4 18.3608
 77.425 18.5128
 77.45 18.6727
 77.475 18.8407
 77.5 19.0174
 77.525 19.2033
 77.55 19.3989
 77.575 19.6049
 77.6 19.822
 77.625 20.0508
 77.65 20.2922
 77.675 20.547
 77.7 20.8163
 77.725 21.101
 77.75 21.4024
 77.775 21.7216
 77.8 22.0601
 77.825 22.4194
 77.85 22.8011
 77.875 23.2069
 77.9 23.639
 77.925 24.0992
 77.95 24.5899
 77.975 25.1134
 78 25.6723
 78.025 26.269
 78.05 26.9062
 78.075 27.5863
 78.1 28.3117
 78.125 29.0843
 78.15 29.9055
 78.175 30.7756
 78.2 31.6938
 78.225 32.6576
 78.25 33.6623
 78.275 34.7004
 78.3 35.7618
 78.325 36.8333
 78.35 37.8987
 78.375 38.94
 78.4 39.9381
 78.425 40.8743
 78.45 41.7313
 78.475 42.4946
 78.5 43.1531
 78.525 43.6994
 78.55 44.1298
 78.575 44.444
 78.6 44.6441
 78.625 44.7347
 78.65 44.7221
 78.675 44.6134
 78.7 44.4168
 78.725 44.1408
 78.75 43.7938
 78.775 43.3845
 78.8 42.921
 78.825 42.4113
 78.85 41.8628
 78.875 41.2826
 78.9 40.6771
 78.925 40.0523
 78.95 39.4135
 78.975 38.7653
 79 38.1121
 79.025 37.4575
 79.05 36.8046
 79.075 36.1561
 79.1 35.5141
 79.125 34.8807
 79.15 34.257
 79.175 33.6445
 79.2 33.0438
 79.225 32.4557
 79.25 31.8805
 79.275 31.3186
 79.3 30.7701
 79.325 30.235
 79.35 29.7132
 79.375 29.2045
 79.4 28.7089
 79.425 28.226
 79.45 27.7556
 79.475 27.2973
 79.5 26.851
 79.525 26.4161
 79.55 25.9925
 79.575 25.5799
 79.6 25.1778
 79.625 24.786
 79.65 24.4043
 79.675 24.0322
 79.7 23.6696
 79.725 23.3162
 79.75 22.9718
 79.775 22.636
 79.8 22.3087
 79.825 21.9896
 79.85 21.6786
 79.875 21.3754
 79.9 21.0799
 79.925 20.7919
 79.95 20.5112
 79.975 20.2376
 80 19.971
 80.025 19.7113
 80.05 19.4583
 80.075 19.2118
 80.1 18.9718
 80.125 18.7381
 80.15 18.5106
 80.175 18.2892
 80.2 18.0738
 80.225 17.8642
 80.25 17.6604
 80.275 17.4621
 80.3 17.2695
 80.325 17.0822
 80.35 16.9003
 80.375 16.7236
 80.4 16.5521
 80.425 16.3855
 80.45 16.224
 80.475 16.0672
 80.5 15.9153
 80.525 15.768
 80.55 15.6252
 80.575 15.487
 80.6 15.3531
 80.625 15.2236
 80.65 15.0982
 80.675 14.977
 80.7 14.8599
 80.725 14.7467
 80.75 14.6375
 80.775 14.532
 80.8 14.4303
 80.825 14.3322
 80.85 14.2377
 80.875 14.1467
 80.9 14.0591
 80.925 13.9749
 80.95 13.8939
 80.975 13.8162
 81 13.7416
 81.025 13.6701
 81.05 13.6016
 81.075 13.5361
 81.1 13.4735
 81.125 13.4137
 81.15 13.3567
 81.175 13.3024
 81.2 13.2508
 81.225 13.2018
 81.25 13.1553
 81.275 13.1114
 81.3 13.0699
 81.325 13.0308
 81.35 12.9941
 81.375 12.9597
 81.4 12.9277
 81.425 12.8978
 81.45 12.8702
 81.475 12.8447
 81.5 12.8214
 81.525 12.8001
 81.55 12.781
 81.575 12.7638
 81.6 12.7487
 81.625 12.7355
 81.65 12.7243
 81.675 12.715
 81.7 12.7076
 81.725 12.7021
 81.75 12.6984
 81.775 12.6966
 81.8 12.6965
 81.825 12.6983
 81.85 12.7019
 81.875 12.7072
 81.9 12.7143
 81.925 12.7231
 81.95 12.7337
 81.975 12.746
 82 12.76
 82.025 12.7757
 82.05 12.7932
 82.075 12.8123
 82.1 12.8332
 82.125 12.8558
 82.15 12.8801
 82.175 12.9061
 82.2 12.9338
 82.225 12.9633
 82.25 12.9945
 82.275 13.0275
 82.3 13.0623
 82.325 13.0989
 82.35 13.1372
 82.375 13.1775
 82.4 13.2195
 82.425 13.2635
 82.45 13.3094
 82.475 13.3572
 82.5 13.407
 82.525 13.4588
 82.55 13.5127
 82.575 13.5687
 82.6 13.6269
 82.625 13.6873
 82.65 13.7499
 82.675 13.8149
 82.7 13.8823
 82.725 13.9522
 82.75 14.0246
 82.775 14.0997
 82.8 14.1775
 82.825 14.2581
 82.85 14.3417
 82.875 14.4283
 82.9 14.5181
 82.925 14.6112
 82.95 14.7078
 82.975 14.808
 83 14.9119
 83.025 15.0198
 83.05 15.1319
 83.075 15.2483
 83.1 15.3694
 83.125 15.4953
 83.15 15.6263
 83.175 15.7628
 83.2 15.9051
 83.225 16.0534
 83.25 16.2083
 83.275 16.3701
 83.3 16.5392
 83.325 16.7164
 83.35 16.9019
 83.375 17.0966
 83.4 17.3011
 83.425 17.5162
 83.45 17.7426
 83.475 17.9814
 83.5 18.2336
 83.525 18.5003
 83.55 18.7829
 83.575 19.0828
 83.6 19.4016
 83.625 19.7412
 83.65 20.1037
 83.675 20.4913
 83.7 20.9068
 83.725 21.353
 83.75 21.8332
 83.775 22.3514
 83.8 22.9117
 83.825 23.5188
 83.85 24.1782
 83.875 24.8957
 83.9 25.6778
 83.925 26.5314
 83.95 27.4639
 83.975 28.4826
 84 29.5945
 84.025 30.805
 84.05 32.1177
 84.075 33.5316
 84.1 35.0401
 84.125 36.6288
 84.15 38.2737
 84.175 39.9415
 84.2 41.5914
 84.225 43.1794
 84.25 44.6635
 84.275 46.0081
 84.3 47.1865
 84.325 48.182
 84.35 48.9871
 84.375 49.6017
 84.4 50.0314
 84.425 50.2858
 84.45 50.3772
 84.475 50.3189
 84.5 50.1247
 84.525 49.8082
 84.55 49.3832
 84.575 48.8628
 84.6 48.26
 84.625 47.5869
 84.65 46.8551
 84.675 46.0753
 84.7 45.2576
 84.725 44.4114
 84.75 43.545
 84.775 42.6663
 84.8 41.782
 84.825 40.8983
 84.85 40.0204
 84.875 39.1528
 84.9 38.2992
 84.925 37.4625
 84.95 36.6453
 84.975 35.8492
 85 35.0756
 85.025 34.3253
 85.05 33.5987
 85.075 32.8961
 85.1 32.2173
 85.125 31.5621
 85.15 30.9299
 85.175 30.3203
 85.2 29.7325
 85.225 29.1658
 85.25 28.6195
 85.275 28.0928
 85.3 27.5848
 85.325 27.0948
 85.35 26.6219
 85.375 26.1654
 85.4 25.7246
 85.425 25.2986
 85.45 24.8867
 85.475 24.4884
 85.5 24.1028
 85.525 23.7295
 85.55 23.3678
 85.575 23.0171
 85.6 22.6769
 85.625 22.3467
 85.65 22.026
 85.675 21.7144
 85.7 21.4115
 85.725 21.1167
 85.75 20.8299
 85.775 20.5505
 85.8 20.2783
 85.825 20.0129
 85.85 19.7541
 85.875 19.5016
 85.9 19.2551
 85.925 19.0143
 85.95 18.7791
 85.975 18.5492
 86 18.3244
 86.025 18.1044
 86.05 17.8892
 86.075 17.6786
 86.1 17.4723
 86.125 17.2702
 86.15 17.0722
 86.175 16.8781
 86.2 16.6878
 86.225 16.5011
 86.25 16.318
 86.275 16.1384
 86.3 15.962
 86.325 15.7888
 86.35 15.6188
 86.375 15.4517
 86.4 15.2876
 86.425 15.1263
 86.45 14.9677
 86.475 14.8118
 86.5 14.6585
 86.525 14.5077
 86.55 14.3593
 86.575 14.2134
 86.6 14.0697
 86.625 13.9283
 86.65 13.789
 86.675 13.6519
 86.7 13.5169
 86.725 13.3839
 86.75 13.2529
 86.775 13.1238
 86.8 12.9966
 86.825 12.8713
 86.85 12.7477
 86.875 12.6259
 86.9 12.5059
 86.925 12.3875
 86.95 12.2708
 86.975 12.1557
 87 12.0423
 87.025 11.9304
 87.05 11.82
 87.075 11.7111
 87.1 11.6038
 87.125 11.4979
 87.15 11.3935
 87.175 11.2905
 87.2 11.1889
 87.225 11.0887
 87.25 10.9898
 87.275 10.8923
 87.3 10.7962
 87.325 10.7014
 87.35 10.6078
 87.375 10.5156
 87.4 10.4247
 87.425 10.335
 87.45 10.2466
 87.475 10.1594
 87.5 10.0735
 87.525 9.98874
 87.55 9.90521
 87.575 9.82289
 87.6 9.74175
 87.625 9.66179
 87.65 9.583
 87.675 9.50536
 87.7 9.42886
 87.725 9.35351
 87.75 9.27927
 87.775 9.20616
 87.8 9.13415
 87.825 9.06323
 87.85 8.99341
 87.875 8.92466
 87.9 8.85698
 87.925 8.79036
 87.95 8.72479
 87.975 8.66025
 88 8.59675
 88.025 8.53427
 88.05 8.47279
 88.075 8.41232
 88.1 8.35284
 88.125 8.29434
 88.15 8.23682
 88.175 8.18025
 88.2 8.12464
 88.225 8.06997
 88.25 8.01624
 88.275 7.96342
 88.3 7.91152
 88.325 7.86052
 88.35 7.81042
 88.375 7.7612
 88.4 7.71285
 88.425 7.66537
 88.45 7.61874
 88.475 7.57296
 88.5 7.528
 88.525 7.48388
 88.55 7.44057
 88.575 7.39806
 88.6 7.35635
 88.625 7.31542
 88.65 7.27527
 88.675 7.23589
 88.7 7.19726
 88.725 7.15938
 88.75 7.12223
 88.775 7.08581
 88.8 7.05011
 88.825 7.01512
 88.85 6.98083
 88.875 6.94722
 88.9 6.9143
 88.925 6.88205
 88.95 6.85046
 88.975 6.81952
 89 6.78922
 89.025 6.75956
 89.05 6.73052
 89.075 6.7021
 89.1 6.67428
 89.125 6.64706
 89.15 6.62044
 89.175 6.59439
 89.2 6.56891
 89.225 6.54399
 89.25 6.51963
 89.275 6.49581
 89.3 6.47253
 89.325 6.44978
 89.35 6.42755
 89.375 6.40583
 89.4 6.38461
 89.425 6.36388
 89.45 6.34365
 89.475 6.32389
 89.5 6.3046
 89.525 6.28577
 89.55 6.2674
 89.575 6.24948
 89.6 6.23199
 89.625 6.21493
 89.65 6.1983
 89.675 6.18207
 89.7 6.16626
 89.725 6.15085
 89.75 6.13582
 89.775 6.12119
 89.8 6.10693
 89.825 6.09304
 89.85 6.07952
 89.875 6.06635
 89.9 6.05352
 89.925 6.04104
 89.95 6.02889
 89.975 6.01707
 90 6.00557
 90.025 5.99438
 90.05 5.98349
 90.075 5.9729
 90.1 5.96261
 90.125 5.9526
 90.15 5.94287
 90.175 5.93341
 90.2 5.92422
 90.225 5.91529
 90.25 5.90661
 90.275 5.89818
 90.3 5.88998
 90.325 5.88202
 90.35 5.87428
 90.375 5.86677
 90.4 5.85947
 90.425 5.85238
 90.45 5.84548
 90.475 5.83879
 90.5 5.83228
 90.525 5.82596
 90.55 5.81981
 90.575 5.81383
 90.6 5.80802
 90.625 5.80237
 90.65 5.79687
 90.675 5.79152
 90.7 5.78631
 90.725 5.78124
 90.75 5.7763
 90.775 5.77149
 90.8 5.7668
 90.825 5.76222
 90.85 5.75775
 90.875 5.75339
 90.9 5.74912
 90.925 5.74495
 90.95 5.74087
 90.975 5.73687
 91 5.73294
 91.025 5.72909
 91.05 5.72531
 91.075 5.72159
 91.1 5.71792
 91.125 5.71431
 91.15 5.71075
 91.175 5.70722
 91.2 5.70374
 91.225 5.70029
 91.25 5.69686
 91.275 5.69346
 91.3 5.69008
 91.325 5.68671
 91.35 5.68335
 91.375 5.68
 91.4 5.67664
 91.425 5.67329
 91.45 5.66992
 91.475 5.66654
 91.5 5.66315
 91.525 5.65973
 91.55 5.65629
 91.575 5.65282
 91.6 5.64932
 91.625 5.64578
 91.65 5.6422
 91.675 5.63858
 91.7 5.6349
 91.725 5.63118
 91.75 5.62739
 91.775 5.62355
 91.8 5.61965
 91.825 5.61568
 91.85 5.61164
 91.875 5.60753
 91.9 5.60334
 91.925 5.59907
 91.95 5.59472
 91.975 5.59029
 92 5.58577
 92.025 5.58115
 92.05 5.57644
 92.075 5.57164
 92.1 5.56674
 92.125 5.56173
 92.15 5.55662
 92.175 5.55141
 92.2 5.54608
 92.225 5.54065
 92.25 5.5351
 92.275 5.52943
 92.3 5.52365
 92.325 5.51774
 92.35 5.51171
 92.375 5.50556
 92.4 5.49928
 92.425 5.49288
 92.45 5.48634
 92.475 5.47967
 92.5 5.47287
 92.525 5.46594
 92.55 5.45887
 92.575 5.45166
 92.6 5.44431
 92.625 5.43682
 92.65 5.4292
 92.675 5.42142
 92.7 5.41351
 92.725 5.40545
 92.75 5.39725
 92.775 5.3889
 92.8 5.3804
 92.825 5.37176
 92.85 5.36298
 92.875 5.35404
 92.9 5.34496
 92.925 5.33573
 92.95 5.32635
 92.975 5.31683
 93 5.30715
 93.025 5.29733
 93.05 5.28736
 93.075 5.27724
 93.1 5.26697
 93.125 5.25655
 93.15 5.24598
 93.175 5.23526
 93.2 5.2244
 93.225 5.21338
 93.25 5.20222
 93.275 5.19091
 93.3 5.17946
 93.325 5.16785
 93.35 5.1561
 93.375 5.14421
 93.4 5.13218
 93.425 5.12
 93.45 5.10768
 93.475 5.09522
 93.5 5.08262
 93.525 5.06988
 93.55 5.057
 93.575 5.04399
 93.6 5.03083
 93.625 5.01754
 93.65 5.00412
 93.675 4.99055
 93.7 4.97686
 93.725 4.96303
 93.75 4.94908
 93.775 4.93499
 93.8 4.92078
 93.825 4.90644
 93.85 4.89198
 93.875 4.8774
 93.9 4.86269
 93.925 4.84786
 93.95 4.8329
 93.975 4.81783
 94 4.80265
 94.025 4.78734
 94.05 4.77192
 94.075 4.75639
 94.1 4.74074
 94.125 4.72499
 94.15 4.70913
 94.175 4.69316
 94.2 4.67708
 94.225 4.6609
 94.25 4.64462
 94.275 4.62824
 94.3 4.61175
 94.325 4.59517
 94.35 4.57848
 94.375 4.56171
 94.4 4.54483
 94.425 4.52787
 94.45 4.51081
 94.475 4.49367
 94.5 4.47644
 94.525 4.45912
 94.55 4.44172
 94.575 4.42423
 94.6 4.40666
 94.625 4.38901
 94.65 4.37128
 94.675 4.35347
 94.7 4.33558
 94.725 4.31762
 94.75 4.29959
 94.775 4.28148
 94.8 4.26331
 94.825 4.24506
 94.85 4.22675
 94.875 4.20837
 94.9 4.18993
 94.925 4.17142
 94.95 4.15284
 94.975 4.13421
 95 4.11552
 95.025 4.09677
 95.05 4.07797
 95.075 4.0591
 95.1 4.04019
 95.125 4.02122
 95.15 4.0022
 95.175 3.98313
 95.2 3.96401
 95.225 3.94484
 95.25 3.92563
 95.275 3.90637
 95.3 3.88707
 95.325 3.86773
 95.35 3.84834
 95.375 3.82892
 95.4 3.80945
 95.425 3.78995
 95.45 3.77041
 95.475 3.75084
 95.5 3.73123
 95.525 3.71159
 95.55 3.69192
 95.575 3.67222
 95.6 3.65248
 95.625 3.63272
 95.65 3.61294
 95.675 3.59312
 95.7 3.57328
 95.725 3.55341
 95.75 3.53353
 95.775 3.51362
 95.8 3.49369
 95.825 3.47374
 95.85 3.45377
 95.875 3.43378
 95.9 3.41378
 95.925 3.39376
 95.95 3.37372
 95.975 3.35367
 96 3.3336
 96.025 3.31352
 96.05 3.29343
 96.075 3.27334
 96.1 3.25323
 96.125 3.23311
 96.15 3.21298
 96.175 3.19284
 96.2 3.1727
 96.225 3.15255
 96.25 3.13239
 96.275 3.11223
 96.3 3.09207
 96.325 3.07191
 96.35 3.05174
 96.375 3.03157
 96.4 3.0114
 96.425 2.99123
 96.45 2.97106
 96.475 2.95088
 96.5 2.93072
 96.525 2.91055
 96.55 2.89039
 96.575 2.87023
 96.6 2.85007
 96.625 2.82992
 96.65 2.80977
 96.675 2.78963
 96.7 2.7695
 96.725 2.74937
 96.75 2.72925
 96.775 2.70914
 96.8 2.68903
 96.825 2.66894
 96.85 2.64886
 96.875 2.62878
 96.9 2.60872
 96.925 2.58866
 96.95 2.56862
 96.975 2.54859
 97 2.52857
 97.025 2.50857
 97.05 2.48857
 97.075 2.4686
 97.1 2.44863
 97.125 2.42868
 97.15 2.40875
 97.175 2.38883
 97.2 2.36892
 97.225 2.34903
 97.25 2.32916
 97.275 2.3093
 97.3 2.28946
 97.325 2.26964
 97.35 2.24984
 97.375 2.23005
 97.4 2.21028
 97.425 2.19053
 97.45 2.1708
 97.475 2.15109
 97.5 2.1314
 97.525 2.11173
 97.55 2.09207
 97.575 2.07244
 97.6 2.05283
 97.625 2.03324
 97.65 2.01367
 97.675 1.99413
 97.7 1.9746
 97.725 1.9551
 97.75 1.93561
 97.775 1.91615
 97.8 1.89672
 97.825 1.8773
 97.85 1.85791
 97.875 1.83855
 97.9 1.8192
 97.925 1.79988
 97.95 1.78059
 97.975 1.76131
 98 1.74206
 98.025 1.72284
 98.05 1.70364
 98.075 1.68447
 98.1 1.66532
 98.125 1.6462
 98.15 1.6271
 98.175 1.60802
 98.2 1.58898
 98.225 1.56995
 98.25 1.55096
 98.275 1.53199
 98.3 1.51304
 98.325 1.49413
 98.35 1.47524
 98.375 1.45637
 98.4 1.43754
 98.425 1.41873
 98.45 1.39994
 98.475 1.38119
 98.5 1.36246
 98.525 1.34375
 98.55 1.32508
 98.575 1.30643
 98.6 1.28781
 98.625 1.26922
 98.65 1.25066
 98.675 1.23213
 98.7 1.21362
 98.725 1.19514
 98.75 1.17669
 98.775 1.15827
 98.8 1.13987
 98.825 1.12151
 98.85 1.10317
 98.875 1.08486
 98.9 1.06658
 98.925 1.04833
 98.95 1.03011
 98.975 1.01192
 99 0.993754
 99.025 0.975619
 99.05 0.957512
 99.075 0.939436
 99.1 0.921388
 99.125 0.903371
 99.15 0.885382
 99.175 0.867424
 99.2 0.849495
 99.225 0.831595
 99.25 0.813724
 99.275 0.795883
 99.3 0.778071
 99.325 0.760289
 99.35 0.742537
 99.375 0.724814
 99.4 0.707122
 99.425 0.68946
 99.45 0.671827
 99.475 0.654225
 99.5 0.636652
 99.525 0.619109
 99.55 0.601596
 99.575 0.584113
 99.6 0.566659
 99.625 0.549236
 99.65 0.531842
 99.675 0.514479
 99.7 0.497147
 99.725 0.479844
 99.75 0.462572
 99.775 0.44533
 99.8 0.428118
 99.825 0.410936
 99.85 0.393784
 99.875 0.376661
 99.9 0.359569
 99.925 0.342508
 99.95 0.325476
 99.975 0.308475
 100 0.291505
