4001 2
 0 0
 0.025 0.104466
 0.05 0.19891
 0.075 0.285198
 0.1 0.364793
 0.125 0.438847
 0.15 0.508274
 0.175 0.573799
 0.2 0.636005
 0.225 0.695362
 0.25 0.752251
 0.275 0.806986
 0.3 0.859821
 0.325 0.910972
 0.35 0.960618
 0.375 1.00891
 0.4 1.05597
 0.425 1.10191
 0.45 1.14683
 0.475 1.1908
 0.5 1.2339
 0.525 1.2762
 0.55 1.31773
 0.575 1.35857
 0.6 1.39875
 0.625 1.4383
 0.65 1.47727
 0.675 1.51569
 0.7 1.55358
 0.725 1.59098
 0.75 1.62791
 0.775 1.66439
 0.8 1.70045
 0.825 1.7361
 0.85 1.77136
 0.875 1.80625
 0.9 1.84078
 0.925 1.87497
 0.95 1.90883
 0.975 1.94239
 1 1.97563
 1.025 2.00859
 1.05 2.04127
 1.075 2.07368
 1.1 2.10583
 1.125 2.13773
 1.15 2.16939
 1.175 2.20081
 1.2 2.23202
 1.225 2.263
 1.25 2.29377
 1.275 2.32434
 1.3 2.35472
 1.325 2.3849
 1.35 2.4149
 1.375 2.44472
 1.4 2.47437
 1.425 2.50385
 1.45 2.53317
 1.475 2.56234
 1.5 2.59135
 1.525 2.62021
 1.55 2.64893
 1.575 2.67751
 1.6 2.70596
 1.625 2.73427
 1.65 2.76246
 1.675 2.79053
 1.7 2.81848
 1.725 2.84631
 1.75 2.87403
 1.775 2.90164
 1.8 2.92915
 1.825 2.95655
 1.85 2.98386
 1.875 3.01107
 1.9 3.03818
 1.925 3.06521
 1.95 3.09214
 1.975 3.119
 2 3.14577
 2.025 3.17246
 2.05 3.19908
 2.075 3.22562
 2.1 3.25209
 2.125 3.27849
 2.15 3.30482
 2.175 3.33109
 2.2 3.35729
 2.225 3.38344
 2.25 3.40952
 2.275 3.43555
 2.3 3.46153
 2.325 3.48745
 2.35 3.51333
 2.375 3.53916
 2.4 3.56494
 2.425 3.59068
 2.45 3.61638
 2.475 3.64203
 2.5 3.66765
 2.525 3.69323
 2.55 3.71878
 2.575 3.7443
 2.6 3.76978
 2.625 3.79524
 2.65 3.82066
 2.675 3.84607
 2.7 3.87144
 2.725 3.8968
 2.75 3.92214
 2.775 3.94746
 2.8 3.97276
 2.825 3.99805
 2.85 4.02332
 2.875 4.04858
 2.9 4.07383
 2.925 4.09907
 2.95 4.1243
 2.975 4.14953
 3 4.17476
 3.025 4.19998
 3.05 4.2252
 3.075 4.25043
 3.1 4.27565
 3.125 4.30088
 3.15 4.32612
 3.175 4.35136
 3.2 4.37661
 3.225 4.40188
 3.25 4.42715
 3.275 4.45244
 3.3 4.47774
 3.325 4.50306
 3.35 4.5284
 3.375 4.55376
 3.4 4.57914
 3.425 4.60455
 3.45 4.62998
 3.475 4.65543
 3.5 4.68091
 3.525 4.70643
 3.55 4.73197
 3.575 4.75755
 3.6 4.78317
 3.625 4.80882
 3.65 4.83451
 3.675 4.86023
 3.7 4.886
 3.725 4.91182
 3.75 4.93768
 3.775 4.96359
 3.8 4.98954
 3.825 5.01555
 3.85 5.0416
 3.875 5.06771
 3.9 5.09388
 3.925 5.12011
 3.95 5.14639
 3.975 5.17274
 4 5.19916
 4.025 5.22563
 4.05 5.25217
 4.075 5.27879
 4.1 5.30547
 4.125 5.33223
 4.15 5.35907
 4.175 5.38599
 4.2 5.41298
 4.225 5.44005
 4.25 5.46721
 4.275 5.49446
 4.3 5.5218
 4.325 5.54923
 4.35 5.57675
 4.375 5.60437
 4.4 5.63208
 4.425 5.6599
 4.45 5.68782
 4.475 5.71585
 4.5 5.74398
 4.525 5.77223
 4.55 5.80059
 4.575 5.82907
 4.6 5.85767
 4.625 5.88638
 4.65 5.91523
 4.675 5.94421
 4.7 5.97331
 4.725 6.00255
 4.75 6.03193
 4.775 6.06145
 4.8 6.09111
 4.825 6.12092
 4.85 6.15088
 4.875 6.181
 4.9 6.21127
 4.925 6.24171
 4.95 6.27231
 4.975 6.30308
 5 6.33402
 5.025 6.36514
 5.05 6.39645
 5.075 6.42793
 5.1 6.45961
 5.125 6.49148
 5.15 6.52355
 5.175 6.55583
 5.2 6.58831
 5.225 6.62101
 5.25 6.65392
 5.275 6.68706
 5.3 6.72043
 5.325 6.75403
 5.35 6.78788
 5.375 6.82196
 5.4 6.8563
 5.425 6.8909
 5.45 6.92576
 5.475 6.96089
 5.5 6.9963
 5.525 7.03199
 5.55 7.06797
 5.575 7.10425
 5.6 7.14084
 5.625 7.17775
 5.65 7.21497
 5.675 7.25252
 5.7 7.29041
 5.725 7.32865
 5.75 7.36725
 5.775 7.40621
 5.8 7.44554
 5.825 7.48526
 5.85 7.52538
 5.875 7.5659
 5.9 7.60685
 5.925 7.64822
 5.95 7.69003
 5.975 7.7323
 6 7.77503
 6.025 7.81824
 6.05 7.86195
 6.075 7.90617
 6.1 7.95091
 6.125 7.99619
 6.15 8.04202
 6.175 8.08842
 6.2 8.13542
 6.225 8.18303
 6.25 8.23126
 6.275 8.28014
 6.3 8.32969
 6.325 8.37993
 6.35 8.43088
 6.375 8.48257
 6.4 8.53502
 6.425 8.58826
 6.45 8.64231
 6.475 8.69721
 6.5 8.75298
 6.525 8.80966
 6.55 8.86727
 6.575 8.92586
 6.6 8.98546
 6.625 9.0461
 6.65 9.10784
 6.675 9.17071
 6.7 9.23475
 6.725 9.30002
 6.75 9.36657
 6.775 9.43444
 6.8 9.5037
 6.825 9.57441
 6.85 9.64662
 6.875 9.72041
 6.9 9.79585
 6.925 9.87302
 6.95 9.95199
 6.975 10.0329
 7 10.1157
 7.025 10.2006
 7.05 10.2878
 7.075 10.3772
 7.1 10.4691
 7.125 10.5635
 7.15 10.6607
 7.175 10.7607
 7.2 10.8637
 7.225 10.9699
 7.25 11.0795
 7.275 11.1927
 7.3 11.3098
 7.325 11.431
 7.35 11.5565
 7.375 11.6867
 7.4 11.8218
 7.425 11.9624
 7.45 12.1087
 7.475 12.2611
 7.5 12.4203
 7.525 12.5867
 7.55 12.7609
 7.575 12.9437
 7.6 13.1357
 7.625 13.3378
 7.65 13.5511
 7.675 13.7765
 7.7 14.0154
 7.725 14.2691
 7.75 14.5394
 7.775 14.8281
 7.8 15.1375
 7.825 15.47
 7.85 15.8287
 7.875 16.2171
 7.9 16.6395
 7.925 17.1009
 7.95 17.6073
 7.975 18.166
 8 18.7859
 8.025 19.478
 8.05 20.2556
 8.075 21.1354
 8.1 22.1381
 8.125 23.2895
 8.15 24.6217
 8.175 26.1736
 8.2 27.9923
 8.225 30.1308
 8.25 32.6429
 8.275 35.5698
 8.3 38.9146
 8.325 42.6102
 8.35 46.5077
 8.375 50.408
 8.4 54.1175
 8.425 57.4878
 8.45 60.4313
 8.475 62.9164
 8.5 64.9511
 8.525 66.565
 8.55 67.7967
 8.575 68.6851
 8.6 69.2671
 8.625 69.5758
 8.65 69.6416
 8.675 69.4923
 8.7 69.1535
 8.725 68.6495
 8.75 68.0026
 8.775 67.2339
 8.8 66.3631
 8.825 65.4081
 8.85 64.3856
 8.875 63.3111
 8.9 62.1983
 8.925 61.0599
 8.95 59.9075
 8.975 58.7515
 9 57.601
 9.025 56.4643
 9.05 55.3487
 9.075 54.2601
 9.1 53.2037
 9.125 52.1832
 9.15 51.2015
 9.175 50.2601
 9.2 49.3598
 9.225 48.5006
 9.25 47.6816
 9.275 46.9016
 9.3 46.1587
 9.325 45.4506
 9.35 44.7748
 9.375 44.1287
 9.4 43.5097
 9.425 42.915
 9.45 42.3422
 9.475 41.7889
 9.5 41.2528
 9.525 40.7321
 9.55 40.2249
 9.575 39.7297
 9.6 39.2451
 9.625 38.77
 9.65 38.3033
 9.675 37.8442
 9.7 37.392
 9.725 36.9462
 9.75 36.5062
 9.775 36.0717
 9.8 35.6425
 9.825 35.2183
 9.85 34.799
 9.875 34.3846
 9.9 33.9749
 9.925 33.57
 9.95 33.1698
 9.975 32.7744
 10 32.3838
 10.025 31.9981
 10.05 31.6172
 10.075 31.2412
 10.1 30.8701
 10.125 30.504
 10.15 30.1429
 10.175 29.7869
 10.2 29.4359
 10.225 29.0899
 10.25 28.7489
 10.275 28.413
 10.3 28.0821
 10.325 27.7561
 10.35 27.4352
 10.375 27.1192
 10.4 26.808
 10.425 26.5018
 10.45 26.2004
 10.475 25.9037
 10.5 25.6118
 10.525 25.3245
 10.55 25.0419
 10.575 24.7639
 10.6 24.4904
 10.625 24.2214
 10.65 23.9568
 10.675 23.6966
 10.7 23.4407
 10.725 23.1891
 10.75 22.9417
 10.775 22.6985
 10.8 22.4594
 10.825 22.2244
 10.85 21.9934
 10.875 21.7664
 10.9 21.5434
 10.925 21.3243
 10.95 21.109
 10.975 20.8975
 11 20.6898
 11.025 20.4859
 11.05 20.2857
 11.075 20.0891
 11.1 19.8961
 11.125 19.7068
 11.15 19.5209
 11.175 19.3386
 11.2 19.1598
 11.225 18.9844
 11.25 18.8124
 11.275 18.6438
 11.3 18.4785
 11.325 18.3165
 11.35 18.1578
 11.375 18.0023
 11.4 17.85
 11.425 17.7009
 11.45 17.5548
 11.475 17.4119
 11.5 17.272
 11.525 17.1351
 11.55 17.0012
 11.575 16.8702
 11.6 16.7422
 11.625 16.617
 11.65 16.4946
 11.675 16.3751
 11.7 16.2583
 11.725 16.1442
 11.75 16.0328
 11.775 15.9241
 11.8 15.818
 11.825 15.7144
 11.85 15.6135
 11.875 15.515
 11.9 15.419
 11.925 15.3254
 11.95 15.2343
 11.975 15.1456
 12 15.0591
 12.025 14.9751
 12.05 14.8932
 12.075 14.8137
 12.1 14.7363
 12.125 14.6612
 12.15 14.5882
 12.175 14.5174
 12.2 14.4486
 12.225 14.382
 12.25 14.3174
 12.275 14.2548
 12.3 14.1943
 12.325 14.1357
 12.35 14.0791
 12.375 14.0244
 12.4 13.9717
 12.425 13.9209
 12.45 13.8719
 12.475 13.8249
 12.5 13.7796
 12.525 13.7363
 12.55 13.6947
 12.575 13.655
 12.6 13.617
 12.625 13.5809
 12.65 13.5465
 12.675 13.5139
 12.7 13.4831
 12.725 13.4541
 12.75 13.4268
 12.775 13.4012
 12.8 13.3774
 12.825 13.3554
 12.85 13.3351
 12.875 13.3165
 12.9 13.2997
 12.925 13.2847
 12.95 13.2714
 12.975 13.26
 13 13.2502
 13.025 13.2423
 13.05 13.2362
 13.075 13.2319
 13.1 13.2294
 13.125 13.2288
 13.15 13.2301
 13.175 13.2332
 13.2 13.2382
 13.225 13.2452
 13.25 13.2541
 13.275 13.2649
 13.3 13.2778
 13.325 13.2927
 13.35 13.3097
 13.375 13.3288
 13.4 13.3501
 13.425 13.3735
 13.45 13.3992
 13.475 13.4271
 13.5 13.4573
 13.525 13.4899
 13.55 13.525
 13.575 13.5625
 13.6 13.6025
 13.625 13.6452
 13.65 13.6906
 13.675 13.7387
 13.7 13.7896
 13.725 13.8435
 13.75 13.9004
 13.775 13.9604
 13.8 14.0236
 13.825 14.0901
 13.85 14.16
 13.875 14.2335
 13.9 14.3106
 13.925 14.3916
 13.95 14.4766
 13.975 14.5656
 14 14.659
 14.025 14.7569
 14.05 14.8595
 14.075 14.967
 14.1 15.0796
 14.125 15.1976
 14.15 15.3212
 14.175 15.4508
 14.2 15.5867
 14.225 15.7291
 14.25 15.8785
 14.275 16.0353
 14.3 16.1999
 14.325 16.3729
 14.35 16.5546
 14.375 16.7457
 14.4 16.9469
 14.425 17.1589
 14.45 17.3824
 14.475 17.6182
 14.5 17.8674
 14.525 18.131
 14.55 18.4101
 14.575 18.7062
 14.6 19.0205
 14.625 19.3549
 14.65 19.7111
 14.675 20.0911
 14.7 20.4974
 14.725 20.9324
 14.75 21.3992
 14.775 21.901
 14.8 22.4416
 14.825 23.0249
 14.85 23.6558
 14.875 24.3393
 14.9 25.081
 14.925 25.8869
 14.95 26.7635
 14.975 27.7174
 15 28.7549
 15.025 29.8816
 15.05 31.1017
 15.075 32.4162
 15.1 33.8223
 15.125 35.3109
 15.15 36.8651
 15.175 38.4594
 15.2 40.0601
 15.225 41.6276
 15.25 43.1202
 15.275 44.4995
 15.3 45.7334
 15.325 46.7988
 15.35 47.6817
 15.375 48.3769
 15.4 48.8862
 15.425 49.2167
 15.45 49.379
 15.475 49.3862
 15.5 49.2525
 15.525 48.9925
 15.55 48.6211
 15.575 48.1523
 15.6 47.6
 15.625 46.9769
 15.65 46.2954
 15.675 45.5665
 15.7 44.8008
 15.725 44.0076
 15.75 43.1955
 15.775 42.3723
 15.8 41.5445
 15.825 40.7182
 15.85 39.8984
 15.875 39.0892
 15.9 38.2943
 15.925 37.5164
 15.95 36.7576
 15.975 36.0196
 16 35.3036
 16.025 34.6102
 16.05 33.94
 16.075 33.2929
 16.1 32.6688
 16.125 32.0676
 16.15 31.4888
 16.175 30.9317
 16.2 30.396
 16.225 29.8808
 16.25 29.3855
 16.275 28.9095
 16.3 28.452
 16.325 28.0124
 16.35 27.59
 16.375 27.1841
 16.4 26.794
 16.425 26.4193
 16.45 26.0593
 16.475 25.7135
 16.5 25.3812
 16.525 25.0621
 16.55 24.7557
 16.575 24.4615
 16.6 24.179
 16.625 23.908
 16.65 23.6479
 16.675 23.3984
 16.7 23.1592
 16.725 22.93
 16.75 22.7105
 16.775 22.5003
 16.8 22.2992
 16.825 22.1069
 16.85 21.9232
 16.875 21.7478
 16.9 21.5805
 16.925 21.4211
 16.95 21.2693
 16.975 21.1251
 17 20.9882
 17.025 20.8584
 17.05 20.7356
 17.075 20.6196
 17.1 20.5104
 17.125 20.4077
 17.15 20.3116
 17.175 20.2218
 17.2 20.1382
 17.225 20.0608
 17.25 19.9895
 17.275 19.9241
 17.3 19.8647
 17.325 19.8111
 17.35 19.7633
 17.375 19.7212
 17.4 19.6847
 17.425 19.6538
 17.45 19.6284
 17.475 19.6086
 17.5 19.5942
 17.525 19.5852
 17.55 19.5816
 17.575 19.5834
 17.6 19.5905
 17.625 19.603
 17.65 19.6209
 17.675 19.6442
 17.7 19.6728
 17.725 19.7068
 17.75 19.7463
 17.775 19.7913
 17.8 19.8417
 17.825 19.8978
 17.85 19.9594
 17.875 20.0268
 17.9 20.1
 17.925 20.179
 17.95 20.264
 17.975 20.3551
 18 20.4524
 18.025 20.5561
 18.05 20.6663
 18.075 20.7831
 18.1 20.9067
 18.125 21.0373
 18.15 21.1752
 18.175 21.3205
 18.2 21.4734
 18.225 21.6342
 18.25 21.8032
 18.275 21.9806
 18.3 22.1668
 18.325 22.3621
 18.35 22.5667
 18.375 22.7812
 18.4 23.0057
 18.425 23.2408
 18.45 23.4867
 18.475 23.7441
 18.5 24.0132
 18.525 24.2945
 18.55 24.5885
 18.575 24.8957
 18.6 25.2164
 18.625 25.5512
 18.65 25.9003
 18.675 26.2643
 18.7 26.6434
 18.725 27.0379
 18.75 27.4479
 18.775 27.8736
 18.8 28.3148
 18.825 28.7713
 18.85 29.2426
 18.875 29.728
 18.9 30.2264
 18.925 30.7366
 18.95 31.2569
 18.975 31.7849
 19 32.3184
 19.025 32.8541
 19.05 33.3887
 19.075 33.9184
 19.1 34.4388
 19.125 34.9455
 19.15 35.4339
 19.175 35.8992
 19.2 36.3368
 19.225 36.7424
 19.25 37.1119
 19.275 37.442
 19.3 37.7298
 19.325 37.9732
 19.35 38.1707
 19.375 38.3217
 19.4 38.4262
 19.425 38.4849
 19.45 38.499
 19.475 38.4703
 19.5 38.401
 19.525 38.2934
 19.55 38.1504
 19.575 37.9748
 19.6 37.7695
 19.625 37.5376
 19.65 37.2821
 19.675 37.0056
 19.7 36.7112
 19.725 36.4013
 19.75 36.0785
 19.775 35.745
 19.8 35.4031
 19.825 35.0547
 19.85 34.7016
 19.875 34.3453
 19.9 33.9875
 19.925 33.6293
 19.95 33.272
 19.975 32.9165
 20 32.5638
 20.025 32.2146
 20.05 31.8697
 20.075 31.5296
 20.1 31.1948
 20.125 30.8658
 20.15 30.5429
 20.175 30.2263
 20.2 29.9164
 20.225 29.6133
 20.25 29.3172
 20.275 29.0283
 20.3 28.7465
 20.325 28.4719
 20.35 28.2047
 20.375 27.9447
 20.4 27.692
 20.425 27.4466
 20.45 27.2085
 20.475 26.9775
 20.5 26.7537
 20.525 26.5369
 20.55 26.3272
 20.575 26.1244
 20.6 25.9285
 20.625 25.7393
 20.65 25.5568
 20.675 25.381
 20.7 25.2117
 20.725 25.0488
 20.75 24.8922
 20.775 24.7419
 20.8 24.5978
 20.825 24.4598
 20.85 24.3277
 20.875 24.2015
 20.9 24.0812
 20.925 23.9666
 20.95 23.8576
 20.975 23.7542
 21 23.6563
 21.025 23.5638
 21.05 23.4767
 21.075 23.3948
 21.1 23.3182
 21.125 23.2467
 21.15 23.1803
 21.175 23.1189
 21.2 23.0624
 21.225 23.0109
 21.25 22.9642
 21.275 22.9223
 21.3 22.8852
 21.325 22.8528
 21.35 22.8251
 21.375 22.8021
 21.4 22.7836
 21.425 22.7697
 21.45 22.7604
 21.475 22.7556
 21.5 22.7553
 21.525 22.7594
 21.55 22.7681
 21.575 22.7812
 21.6 22.7988
 21.625 22.8209
 21.65 22.8475
 21.675 22.8785
 21.7 22.9141
 21.725 22.9543
 21.75 22.999
 21.775 23.0484
 21.8 23.1024
 21.825 23.1611
 21.85 23.2246
 21.875 23.2929
 21.9 23.3661
 21.925 23.4442
 21.95 23.5273
 21.975 23.6155
 22 23.7088
 22.025 23.8074
 22.05 23.9112
 22.075 24.0205
 22.1 24.1352
 22.125 24.2555
 22.15 24.3815
 22.175 24.5133
 22.2 24.651
 22.225 24.7946
 22.25 24.9443
 22.275 25.1002
 22.3 25.2623
 22.325 25.4309
 22.35 25.6059
 22.375 25.7874
 22.4 25.9755
 22.425 26.1704
 22.45 26.3719
 22.475 26.5802
 22.5 26.7952
 22.525 27.017
 22.55 27.2455
 22.575 27.4806
 22.6 27.7222
 22.625 27.9702
 22.65 28.2242
 22.675 28.4842
 22.7 28.7496
 22.725 29.0202
 22.75 29.2955
 22.775 29.5749
 22.8 29.8578
 22.825 30.1435
 22.85 30.4312
 22.875 30.7199
 22.9 31.0087
 22.925 31.2965
 22.95 31.5821
 22.975 31.8643
 23 32.1416
 23.025 32.4129
 23.05 32.6766
 23.075 32.9312
 23.1 33.1754
 23.125 33.4077
 23.15 33.6268
 23.175 33.8313
 23.2 34.0199
 23.225 34.1917
 23.25 34.3455
 23.275 34.4806
 23.3 34.5962
 23.325 34.6918
 23.35 34.7672
 23.375 34.822
 23.4 34.8564
 23.425 34.8704
 23.45 34.8643
 23.475 34.8387
 23.5 34.794
 23.525 34.731
 23.55 34.6504
 23.575 34.5531
 23.6 34.44
 23.625 34.3121
 23.65 34.1703
 23.675 34.0157
 23.7 33.8493
 23.725 33.672
 23.75 33.485
 23.775 33.2891
 23.8 33.0854
 23.825 32.8748
 23.85 32.658
 23.875 32.436
 23.9 32.2096
 23.925 31.9795
 23.95 31.7464
 23.975 31.5109
 24 31.2738
 24.025 31.0354
 24.05 30.7965
 24.075 30.5574
 24.1 30.3186
 24.125 30.0806
 24.15 29.8436
 24.175 29.6081
 24.2 29.3743
 24.225 29.1426
 24.25 28.9131
 24.275 28.6862
 24.3 28.462
 24.325 28.2408
 24.35 28.0226
 24.375 27.8077
 24.4 27.5961
 24.425 27.3881
 24.45 27.1836
 24.475 26.9829
 24.5 26.7859
 24.525 26.5928
 24.55 26.4037
 24.575 26.2185
 24.6 26.0373
 24.625 25.8602
 24.65 25.6871
 24.675 25.5182
 24.7 25.3535
 24.725 25.1929
 24.75 25.0365
 24.775 24.8844
 24.8 24.7364
 24.825 24.5926
 24.85 24.453
 24.875 24.3177
 24.9 24.1866
 24.925 24.0597
 24.95 23.937
 24.975 23.8185
 25 23.7042
 25.025 23.5941
 25.05 23.4882
 25.075 23.3864
 25.1 23.2889
 25.125 23.1955
 25.15 23.1062
 25.175 23.0211
 25.2 22.9401
 25.225 22.8633
 25.25 22.7906
 25.275 22.722
 25.3 22.6576
 25.325 22.5972
 25.35 22.541
 25.375 22.4889
 25.4 22.4409
 25.425 22.3971
 25.45 22.3573
 25.475 22.3217
 25.5 22.2903
 25.525 22.263
 25.55 22.2399
 25.575 22.221
 25.6 22.2062
 25.625 22.1958
 25.65 22.1895
 25.675 22.1876
 25.7 22.19
 25.725 22.1968
 25.75 22.208
 25.775 22.2236
 25.8 22.2438
 25.825 22.2685
 25.85 22.2978
 25.875 22.3318
 25.9 22.3706
 25.925 22.4142
 25.95 22.4628
 25.975 22.5164
 26 22.5751
 26.025 22.639
 26.05 22.7082
 26.075 22.7829
 26.1 22.8632
 26.125 22.9492
 26.15 23.041
 26.175 23.1389
 26.2 23.2429
 26.225 23.3532
 26.25 23.47
 26.275 23.5936
 26.3 23.724
 26.325 23.8615
 26.35 24.0064
 26.375 24.1588
 26.4 24.3189
 26.425 24.487
 26.45 24.6634
 26.475 24.8483
 26.5 25.0419
 26.525 25.2445
 26.55 25.4563
 26.575 25.6777
 26.6 25.9088
 26.625 26.1498
 26.65 26.4011
 26.675 26.6627
 26.7 26.9348
 26.725 27.2176
 26.75 27.5111
 26.775 27.8154
 26.8 28.1304
 26.825 28.456
 26.85 28.7919
 26.875 29.1377
 26.9 29.4931
 26.925 29.8574
 26.95 30.2298
 26.975 30.6094
 27 30.9948
 27.025 31.3849
 27.05 31.778
 27.075 32.1723
 27.1 32.5658
 27.125 32.9562
 27.15 33.3411
 27.175 33.7181
 27.2 34.0843
 27.225 34.4371
 27.25 34.7738
 27.275 35.0917
 27.3 35.3881
 27.325 35.6608
 27.35 35.9076
 27.375 36.1265
 27.4 36.3161
 27.425 36.4752
 27.45 36.6029
 27.475 36.6988
 27.5 36.7627
 27.525 36.795
 27.55 36.7962
 27.575 36.767
 27.6 36.7087
 27.625 36.6226
 27.65 36.51
 27.675 36.3725
 27.7 36.212
 27.725 36.03
 27.75 35.8285
 27.775 35.6091
 27.8 35.3736
 27.825 35.1238
 27.85 34.8613
 27.875 34.5876
 27.9 34.3044
 27.925 34.0129
 27.95 33.7147
 27.975 33.4108
 28 33.1024
 28.025 32.7907
 28.05 32.4765
 28.075 32.1608
 28.1 31.8443
 28.125 31.5278
 28.15 31.2119
 28.175 30.8973
 28.2 30.5843
 28.225 30.2736
 28.25 29.9654
 28.275 29.6602
 28.3 29.3582
 28.325 29.0598
 28.35 28.7652
 28.375 28.4745
 28.4 28.1881
 28.425 27.9059
 28.45 27.6282
 28.475 27.3551
 28.5 27.0866
 28.525 26.8228
 28.55 26.5638
 28.575 26.3096
 28.6 26.0603
 28.625 25.8159
 28.65 25.5764
 28.675 25.3419
 28.7 25.1122
 28.725 24.8875
 28.75 24.6677
 28.775 24.4528
 28.8 24.2428
 28.825 24.0377
 28.85 23.8374
 28.875 23.642
 28.9 23.4514
 28.925 23.2656
 28.95 23.0846
 28.975 22.9083
 29 22.7367
 29.025 22.5698
 29.05 22.4076
 29.075 22.25
 29.1 22.097
 29.125 21.9486
 29.15 21.8046
 29.175 21.6652
 29.2 21.5303
 29.225 21.3998
 29.25 21.2738
 29.275 21.1521
 29.3 21.0348
 29.325 20.9218
 29.35 20.8131
 29.375 20.7087
 29.4 20.6085
 29.425 20.5126
 29.45 20.4208
 29.475 20.3332
 29.5 20.2498
 29.525 20.1705
 29.55 20.0953
 29.575 20.0242
 29.6 19.9572
 29.625 19.8942
 29.65 19.8353
 29.675 19.7804
 29.7 19.7295
 29.725 19.6827
 29.75 19.6398
 29.775 19.6009
 29.8 19.566
 29.825 19.5352
 29.85 19.5083
 29.875 19.4855
 29.9 19.4666
 29.925 19.4518
 29.95 19.4411
 29.975 19.4344
 30 19.4318
 30.025 19.4333
 30.05 19.439
 30.075 19.4488
 30.1 19.463
 30.125 19.4813
 30.15 19.5041
 30.175 19.5312
 30.2 19.5628
 30.225 19.5989
 30.25 19.6396
 30.275 19.685
 30.3 19.7352
 30.325 19.7902
 30.35 19.8503
 30.375 19.9155
 30.4 19.986
 30.425 20.0619
 30.45 20.1433
 30.475 20.2304
 30.5 20.3235
 30.525 20.4226
 30.55 20.528
 30.575 20.64
 30.6 20.7587
 30.625 20.8845
 30.65 21.0176
 30.675 21.1583
 30.7 21.307
 30.725 21.464
 30.75 21.6297
 30.775 21.8045
 30.8 21.9888
 30.825 22.1832
 30.85 22.388
 30.875 22.6039
 30.9 22.8314
 30.925 23.0711
 30.95 23.3237
 30.975 23.5898
 31 23.8703
 31.025 24.1658
 31.05 24.4772
 31.075 24.8053
 31.1 25.1509
 31.125 25.515
 31.15 25.8983
 31.175 26.3019
 31.2 26.7265
 31.225 27.1729
 31.25 27.6419
 31.275 28.1339
 31.3 28.6493
 31.325 29.1884
 31.35 29.7508
 31.375 30.336
 31.4 30.943
 31.425 31.5699
 31.45 32.2144
 31.475 32.8734
 31.5 33.5429
 31.525 34.2179
 31.55 34.8926
 31.575 35.5607
 31.6 36.2147
 31.625 36.8473
 31.65 37.4505
 31.675 38.0168
 31.7 38.5391
 31.725 39.0111
 31.75 39.4274
 31.775 39.7838
 31.8 40.0776
 31.825 40.3071
 31.85 40.4719
 31.875 40.5728
 31.9 40.6115
 31.925 40.5903
 31.95 40.5126
 31.975 40.3818
 32 40.202
 32.025 39.9773
 32.05 39.7121
 32.075 39.4105
 32.1 39.077
 32.125 38.7154
 32.15 38.3298
 32.175 37.9239
 32.2 37.5011
 32.225 37.0647
 32.25 36.6175
 32.275 36.1623
 32.3 35.7014
 32.325 35.237
 32.35 34.771
 32.375 34.305
 32.4 33.8405
 32.425 33.3788
 32.45 32.9209
 32.475 32.4677
 32.5 32.0199
 32.525 31.5783
 32.55 31.1432
 32.575 30.7151
 32.6 30.2943
 32.625 29.881
 32.65 29.4754
 32.675 29.0777
 32.7 28.6879
 32.725 28.306
 32.75 27.932
 32.775 27.5659
 32.8 27.2077
 32.825 26.8572
 32.85 26.5144
 32.875 26.1793
 32.9 25.8515
 32.925 25.5312
 32.95 25.2181
 32.975 24.9122
 33 24.6133
 33.025 24.3213
 33.05 24.036
 33.075 23.7575
 33.1 23.4854
 33.125 23.2198
 33.15 22.9606
 33.175 22.7075
 33.2 22.4605
 33.225 22.2195
 33.25 21.9844
 33.275 21.7551
 33.3 21.5314
 33.325 21.3134
 33.35 21.1009
 33.375 20.8937
 33.4 20.6919
 33.425 20.4954
 33.45 20.3039
 33.475 20.1176
 33.5 19.9362
 33.525 19.7598
 33.55 19.5882
 33.575 19.4213
 33.6 19.2592
 33.625 19.1016
 33.65 18.9486
 33.675 18.8
 33.7 18.6558
 33.725 18.516
 33.75 18.3804
 33.775 18.2491
 33.8 18.1218
 33.825 17.9986
 33.85 17.8795
 33.875 17.7642
 33.9 17.6529
 33.925 17.5453
 33.95 17.4415
 33.975 17.3414
 34 17.245
 34.025 17.1521
 34.05 17.0627
 34.075 16.9769
 34.1 16.8944
 34.125 16.8153
 34.15 16.7396
 34.175 16.6671
 34.2 16.5978
 34.225 16.5317
 34.25 16.4687
 34.275 16.4087
 34.3 16.3519
 34.325 16.298
 34.35 16.2471
 34.375 16.199
 34.4 16.1539
 34.425 16.1116
 34.45 16.0721
 34.475 16.0354
 34.5 16.0014
 34.525 15.9701
 34.55 15.9415
 34.575 15.9156
 34.6 15.8923
 34.625 15.8716
 34.65 15.8535
 34.675 15.838
 34.7 15.825
 34.725 15.8145
 34.75 15.8066
 34.775 15.8012
 34.8 15.7983
 34.825 15.7979
 34.85 15.8
 34.875 15.8046
 34.9 15.8117
 34.925 15.8213
 34.95 15.8334
 34.975 15.848
 35 15.8652
 35.025 15.8849
 35.05 15.9071
 35.075 15.932
 35.1 15.9594
 35.125 15.9895
 35.15 16.0222
 35.175 16.0577
 35.2 16.0959
 35.225 16.1369
 35.25 16.1807
 35.275 16.2274
 35.3 16.2771
 35.325 16.3298
 35.35 16.3855
 35.375 16.4445
 35.4 16.5067
 35.425 16.5722
 35.45 16.6412
 35.475 16.7138
 35.5 16.79
 35.525 16.8701
 35.55 16.954
 35.575 17.0421
 35.6 17.1344
 35.625 17.2312
 35.65 17.3326
 35.675 17.4388
 35.7 17.55
 35.725 17.6666
 35.75 17.7887
 35.775 17.9167
 35.8 18.0508
 35.825 18.1914
 35.85 18.3389
 35.875 18.4936
 35.9 18.656
 35.925 18.8267
 35.95 19.006
 35.975 19.1946
 36 19.393
 36.025 19.6021
 36.05 19.8224
 36.075 20.0549
 36.1 20.3005
 36.125 20.56
 36.15 20.8346
 36.175 21.1256
 36.2 21.4342
 36.225 21.7618
 36.25 22.11
 36.275 22.4806
 36.3 22.8756
 36.325 23.2968
 36.35 23.7468
 36.375 24.2278
 36.4 24.7426
 36.425 25.294
 36.45 25.885
 36.475 26.5186
 36.5 27.1981
 36.525 27.9265
 36.55 28.7065
 36.575 29.5405
 36.6 30.43
 36.625 31.3753
 36.65 32.375
 36.675 33.4254
 36.7 34.52
 36.725 35.6488
 36.75 36.7982
 36.775 37.951
 36.8 39.0875
 36.825 40.1859
 36.85 41.2247
 36.875 42.1839
 36.9 43.0465
 36.925 43.7996
 36.95 44.4344
 36.975 44.9465
 37 45.3352
 37.025 45.6028
 37.05 45.754
 37.075 45.7951
 37.1 45.7336
 37.125 45.5777
 37.15 45.336
 37.175 45.0172
 37.2 44.6297
 37.225 44.1822
 37.25 43.6826
 37.275 43.1388
 37.3 42.558
 37.325 41.9471
 37.35 41.3126
 37.375 40.6602
 37.4 39.9953
 37.425 39.3227
 37.45 38.6467
 37.475 37.971
 37.5 37.2988
 37.525 36.6328
 37.55 35.9754
 37.575 35.3284
 37.6 34.6935
 37.625 34.0717
 37.65 33.4641
 37.675 32.8713
 37.7 32.2938
 37.725 31.7318
 37.75 31.1855
 37.775 30.655
 37.8 30.14
 37.825 29.6406
 37.85 29.1564
 37.875 28.6872
 37.9 28.2327
 37.925 27.7924
 37.95 27.3662
 37.975 26.9535
 38 26.554
 38.025 26.1674
 38.05 25.7932
 38.075 25.431
 38.1 25.0805
 38.125 24.7413
 38.15 24.413
 38.175 24.0952
 38.2 23.7877
 38.225 23.4899
 38.25 23.2017
 38.275 22.9226
 38.3 22.6524
 38.325 22.3907
 38.35 22.1372
 38.375 21.8917
 38.4 21.6538
 38.425 21.4232
 38.45 21.1997
 38.475 20.9831
 38.5 20.773
 38.525 20.5692
 38.55 20.3715
 38.575 20.1797
 38.6 19.9935
 38.625 19.8127
 38.65 19.6371
 38.675 19.4666
 38.7 19.3008
 38.725 19.1397
 38.75 18.9831
 38.775 18.8307
 38.8 18.6825
 38.825 18.5382
 38.85 18.3977
 38.875 18.2609
 38.9 18.1276
 38.925 17.9977
 38.95 17.871
 38.975 17.7475
 39 17.6269
 39.025 17.5092
 39.05 17.3943
 39.075 17.282
 39.1 17.1723
 39.125 17.0651
 39.15 16.9602
 39.175 16.8575
 39.2 16.7571
 39.225 16.6587
 39.25 16.5623
 39.275 16.4679
 39.3 16.3753
 39.325 16.2845
 39.35 16.1954
 39.375 16.1079
 39.4 16.022
 39.425 15.9376
 39.45 15.8547
 39.475 15.7732
 39.5 15.693
 39.525 15.6141
 39.55 15.5365
 39.575 15.4601
 39.6 15.3849
 39.625 15.3107
 39.65 15.2377
 39.675 15.1657
 39.7 15.0947
 39.725 15.0247
 39.75 14.9556
 39.775 14.8875
 39.8 14.8203
 39.825 14.7539
 39.85 14.6884
 39.875 14.6237
 39.9 14.5599
 39.925 14.4968
 39.95 14.4345
 39.975 14.373
 40 14.3122
 40.025 14.2522
 40.05 14.1929
 40.075 14.1343
 40.1 14.0764
 40.125 14.0193
 40.15 13.9628
 40.175 13.9071
 40.2 13.8521
 40.225 13.7977
 40.25 13.744
 40.275 13.691
 40.3 13.6388
 40.325 13.5872
 40.35 13.5363
 40.375 13.486
 40.4 13.4365
 40.425 13.3877
 40.45 13.3395
 40.475 13.2921
 40.5 13.2454
 40.525 13.1993
 40.55 13.154
 40.575 13.1094
 40.6 13.0655
 40.625 13.0223
 40.65 12.9799
 40.675 12.9382
 40.7 12.8972
 40.725 12.8569
 40.75 12.8174
 40.775 12.7786
 40.8 12.7406
 40.825 12.7033
 40.85 12.6667
 40.875 12.631
 40.9 12.5959
 40.925 12.5617
 40.95 12.5282
 40.975 12.4954
 41 12.4635
 41.025 12.4323
 41.05 12.4019
 41.075 12.3723
 41.1 12.3435
 41.125 12.3154
 41.15 12.2882
 41.175 12.2617
 41.2 12.236
 41.225 12.2111
 41.25 12.1871
 41.275 12.1638
 41.3 12.1413
 41.325 12.1196
 41.35 12.0988
 41.375 12.0787
 41.4 12.0595
 41.425 12.0411
 41.45 12.0235
 41.475 12.0067
 41.5 11.9907
 41.525 11.9755
 41.55 11.9612
 41.575 11.9477
 41.6 11.935
 41.625 11.9232
 41.65 11.9122
 41.675 11.902
 41.7 11.8927
 41.725 11.8842
 41.75 11.8766
 41.775 11.8698
 41.8 11.8639
 41.825 11.8588
 41.85 11.8546
 41.875 11.8512
 41.9 11.8487
 41.925 11.8471
 41.95 11.8464
 41.975 11.8465
 42 11.8475
 42.025 11.8495
 42.05 11.8523
 42.075 11.856
 42.1 11.8606
 42.125 11.8661
 42.15 11.8726
 42.175 11.88
 42.2 11.8883
 42.225 11.8976
 42.25 11.9079
 42.275 11.9191
 42.3 11.9312
 42.325 11.9444
 42.35 11.9586
 42.375 11.9738
 42.4 11.99
 42.425 12.0072
 42.45 12.0255
 42.475 12.0449
 42.5 12.0653
 42.525 12.0868
 42.55 12.1095
 42.575 12.1333
 42.6 12.1582
 42.625 12.1844
 42.65 12.2117
 42.675 12.2403
 42.7 12.2701
 42.725 12.3011
 42.75 12.3335
 42.775 12.3673
 42.8 12.4023
 42.825 12.4388
 42.85 12.4767
 42.875 12.5161
 42.9 12.557
 42.925 12.5995
 42.95 12.6435
 42.975 12.6892
 43 12.7366
 43.025 12.7858
 43.05 12.8367
 43.075 12.8896
 43.1 12.9443
 43.125 13.0011
 43.15 13.0599
 43.175 13.1209
 43.2 13.1841
 43.225 13.2497
 43.25 13.3177
 43.275 13.3882
 43.3 13.4613
 43.325 13.5372
 43.35 13.616
 43.375 13.6979
 43.4 13.7828
 43.425 13.8711
 43.45 13.963
 43.475 14.0584
 43.5 14.1578
 43.525 14.2613
 43.55 14.3691
 43.575 14.4815
 43.6 14.5988
 43.625 14.7213
 43.65 14.8493
 43.675 14.9831
 43.7 15.1232
 43.725 15.2701
 43.75 15.4241
 43.775 15.5859
 43.8 15.7559
 43.825 15.935
 43.85 16.1237
 43.875 16.323
 43.9 16.5337
 43.925 16.7568
 43.95 16.9934
 43.975 17.2449
 44 17.5127
 44.025 17.7984
 44.05 18.1038
 44.075 18.4312
 44.1 18.7829
 44.125 19.1616
 44.15 19.5706
 44.175 20.0136
 44.2 20.4948
 44.225 21.0191
 44.25 21.5923
 44.275 22.221
 44.3 22.9128
 44.325 23.6766
 44.35 24.5227
 44.375 25.4627
 44.4 26.5096
 44.425 27.6777
 44.45 28.9817
 44.475 30.4362
 44.5 32.0528
 44.525 33.8375
 44.55 35.7857
 44.575 37.8771
 44.6 40.071
 44.625 42.3071
 44.65 44.5122
 44.675 46.6118
 44.7 48.5417
 44.725 50.2549
 44.75 51.7239
 44.775 52.9398
 44.8 53.9062
 44.825 54.6351
 44.85 55.1428
 44.875 55.4472
 44.9 55.5661
 44.925 55.5166
 44.95 55.3146
 44.975 54.9749
 45 54.5116
 45.025 53.9379
 45.05 53.2667
 45.075 52.51
 45.1 51.6796
 45.125 50.7868
 45.15 49.8422
 45.175 48.8562
 45.2 47.8395
 45.225 46.8019
 45.25 45.7523
 45.275 44.6988
 45.3 43.6487
 45.325 42.6083
 45.35 41.5829
 45.375 40.5772
 45.4 39.5948
 45.425 38.6389
 45.45 37.7117
 45.475 36.8147
 45.5 35.9491
 45.525 35.1155
 45.55 34.3141
 45.575 33.5447
 45.6 32.8072
 45.625 32.1009
 45.65 31.4253
 45.675 30.7797
 45.7 30.1633
 45.725 29.5753
 45.75 29.0151
 45.775 28.4817
 45.8 27.9745
 45.825 27.4925
 45.85 27.0351
 45.875 26.6014
 45.9 26.1903
 45.925 25.8011
 45.95 25.4327
 45.975 25.084
 46 24.7539
 46.025 24.4414
 46.05 24.1453
 46.075 23.8644
 46.1 23.5976
 46.125 23.3436
 46.15 23.1015
 46.175 22.8702
 46.2 22.6485
 46.225 22.4357
 46.25 22.2307
 46.275 22.0327
 46.3 21.8409
 46.325 21.6547
 46.35 21.4734
 46.375 21.2964
 46.4 21.1231
 46.425 20.9532
 46.45 20.7861
 46.475 20.6215
 46.5 20.4591
 46.525 20.2986
 46.55 20.1398
 46.575 19.9823
 46.6 19.8261
 46.625 19.6709
 46.65 19.5166
 46.675 19.3631
 46.7 19.2103
 46.725 19.0581
 46.75 18.9063
 46.775 18.755
 46.8 18.6041
 46.825 18.4534
 46.85 18.3031
 46.875 18.1529
 46.9 18.003
 46.925 17.8533
 46.95 17.7037
 46.975 17.5543
 47 17.405
 47.025 17.2558
 47.05 17.1067
 47.075 16.9577
 47.1 16.8088
 47.125 16.66
 47.15 16.5112
 47.175 16.3626
 47.2 16.2141
 47.225 16.0657
 47.25 15.9174
 47.275 15.7692
 47.3 15.6211
 47.325 15.4732
 47.35 15.3254
 47.375 15.1778
 47.4 15.0304
 47.425 14.8831
 47.45 14.7361
 47.475 14.5893
 47.5 14.4428
 47.525 14.2965
 47.55 14.1505
 47.575 14.0048
 47.6 13.8595
 47.625 13.7145
 47.65 13.5699
 47.675 13.4257
 47.7 13.282
 47.725 13.1387
 47.75 12.9959
 47.775 12.8537
 47.8 12.712
 47.825 12.5709
 47.85 12.4304
 47.875 12.2905
 47.9 12.1513
 47.925 12.0129
 47.95 11.8751
 47.975 11.7381
 48 11.6019
 48.025 11.4665
 48.05 11.3319
 48.075 11.1982
 48.1 11.0654
 48.125 10.9336
 48.15 10.8026
 48.175 10.6727
 48.2 10.5437
 48.225 10.4158
 48.25 10.2888
 48.275 10.163
 48.3 10.0382
 48.325 9.91451
 48.35 9.79193
 48.375 9.67048
 48.4 9.55017
 48.425 9.43101
 48.45 9.31302
 48.475 9.19621
 48.5 9.08058
 48.525 8.96616
 48.55 8.85295
 48.575 8.74095
 48.6 8.63017
 48.625 8.52062
 48.65 8.4123
 48.675 8.30521
 48.7 8.19937
 48.725 8.09476
 48.75 7.99139
 48.775 7.88926
 48.8 7.78837
 48.825 7.68871
 48.85 7.5903
 48.875 7.49311
 48.9 7.39716
 48.925 7.30243
 48.95 7.20892
 48.975 7.11663
 49 7.02555
 49.025 6.93567
 49.05 6.84699
 49.075 6.7595
 49.1 6.6732
 49.125 6.58806
 49.15 6.5041
 49.175 6.42129
 49.2 6.33964
 49.225 6.25912
 49.25 6.17974
 49.275 6.10148
 49.3 6.02433
 49.325 5.94829
 49.35 5.87334
 49.375 5.79947
 49.4 5.72667
 49.425 5.65494
 49.45 5.58425
 49.475 5.51461
 49.5 5.446
 49.525 5.37841
 49.55 5.31182
 49.575 5.24624
 49.6 5.18164
 49.625 5.11802
 49.65 5.05536
 49.675 4.99366
 49.7 4.9329
 49.725 4.87307
 49.75 4.81417
 49.775 4.75618
 49.8 4.69908
 49.825 4.64288
 49.85 4.58755
 49.875 4.53309
 49.9 4.47949
 49.925 4.42674
 49.95 4.37482
 49.975 4.32372
 50 4.27344
 50.025 4.22397
 50.05 4.17529
 50.075 4.12739
 50.1 4.08027
 50.125 4.03391
 50.15 3.98831
 50.175 3.94345
 50.2 3.89932
 50.225 3.85592
 50.25 3.81323
 50.275 3.77124
 50.3 3.72995
 50.325 3.68935
 50.35 3.64942
 50.375 3.61017
 50.4 3.57156
 50.425 3.53361
 50.45 3.4963
 50.475 3.45962
 50.5 3.42356
 50.525 3.38811
 50.55 3.35327
 50.575 3.31903
 50.6 3.28537
 50.625 3.25229
 50.65 3.21978
 50.675 3.18784
 50.7 3.15645
 50.725 3.12561
 50.75 3.09531
 50.775 3.06553
 50.8 3.03628
 50.825 3.00755
 50.85 2.97933
 50.875 2.9516
 50.9 2.92437
 50.925 2.89762
 50.95 2.87135
 50.975 2.84556
 51 2.82023
 51.025 2.79535
 51.05 2.77093
 51.075 2.74695
 51.1 2.72341
 51.125 2.7003
 51.15 2.67761
 51.175 2.65534
 51.2 2.63348
 51.225 2.61202
 51.25 2.59097
 51.275 2.5703
 51.3 2.55002
 51.325 2.53012
 51.35 2.5106
 51.375 2.49145
 51.4 2.47265
 51.425 2.45422
 51.45 2.43614
 51.475 2.4184
 51.5 2.401
 51.525 2.38394
 51.55 2.3672
 51.575 2.3508
 51.6 2.33471
 51.625 2.31893
 51.65 2.30347
 51.675 2.28831
 51.7 2.27344
 51.725 2.25888
 51.75 2.2446
 51.775 2.23061
 51.8 2.21689
 51.825 2.20346
 51.85 2.19029
 51.875 2.17739
 51.9 2.16475
 51.925 2.15237
 51.95 2.14025
 51.975 2.12837
 52 2.11674
 52.025 2.10535
 52.05 2.0942
 52.075 2.08328
 52.1 2.07259
 52.125 2.06213
 52.15 2.05189
 52.175 2.04186
 52.2 2.03205
 52.225 2.02245
 52.25 2.01306
 52.275 2.00387
 52.3 1.99488
 52.325 1.98608
 52.35 1.97748
 52.375 1.96907
 52.4 1.96085
 52.425 1.9528
 52.45 1.94494
 52.475 1.93726
 52.5 1.92975
 52.525 1.9224
 52.55 1.91523
 52.575 1.90822
 52.6 1.90138
 52.625 1.89469
 52.65 1.88816
 52.675 1.88178
 52.7 1.87555
 52.725 1.86946
 52.75 1.86353
 52.775 1.85773
 52.8 1.85208
 52.825 1.84656
 52.85 1.84117
 52.875 1.83592
 52.9 1.8308
 52.925 1.8258
 52.95 1.82093
 52.975 1.81618
 53 1.81155
 53.025 1.80704
 53.05 1.80265
 53.075 1.79836
 53.1 1.79419
 53.125 1.79013
 53.15 1.78617
 53.175 1.78232
 53.2 1.77857
 53.225 1.77493
 53.25 1.77138
 53.275 1.76793
 53.3 1.76457
 53.325 1.76131
 53.35 1.75814
 53.375 1.75506
 53.4 1.75206
 53.425 1.74915
 53.45 1.74633
 53.475 1.74359
 53.5 1.74093
 53.525 1.73834
 53.55 1.73584
 53.575 1.73341
 53.6 1.73105
 53.625 1.72877
 53.65 1.72656
 53.675 1.72441
 53.7 1.72234
 53.725 1.72033
 53.75 1.71839
 53.775 1.71651
 53.8 1.71469
 53.825 1.71293
 53.85 1.71124
 53.875 1.7096
 53.9 1.70802
 53.925 1.70649
 53.95 1.70502
 53.975 1.7036
 54 1.70223
 54.025 1.70091
 54.05 1.69964
 54.075 1.69842
 54.1 1.69725
 54.125 1.69613
 54.15 1.69504
 54.175 1.69401
 54.2 1.69301
 54.225 1.69206
 54.25 1.69115
 54.275 1.69028
 54.3 1.68944
 54.325 1.68865
 54.35 1.68789
 54.375 1.68717
 54.4 1.68648
 54.425 1.68583
 54.45 1.68521
 54.475 1.68462
 54.5 1.68407
 54.525 1.68354
 54.55 1.68305
 54.575 1.68258
 54.6 1.68215
 54.625 1.68174
 54.65 1.68136
 54.675 1.681
 54.7 1.68067
 54.725 1.68037
 54.75 1.68008
 54.775 1.67982
 54.8 1.67959
 54.825 1.67937
 54.85 1.67918
 54.875 1.67901
 54.9 1.67886
 54.925 1.67872
 54.95 1.67861
 54.975 1.67851
 55 1.67843
 55.025 1.67837
 55.05 1.67832
 55.075 1.67829
 55.1 1.67827
 55.125 1.67827
 55.15 1.67828
 55.175 1.6783
 55.2 1.67834
 55.225 1.67839
 55.25 1.67845
 55.275 1.67853
 55.3 1.67861
 55.325 1.67871
 55.35 1.67881
 55.375 1.67892
 55.4 1.67904
 55.425 1.67918
 55.45 1.67931
 55.475 1.67946
 55.5 1.67961
 55.525 1.67977
 55.55 1.67994
 55.575 1.68011
 55.6 1.68029
 55.625 1.68047
 55.65 1.68066
 55.675 1.68085
 55.7 1.68104
 55.725 1.68124
 55.75 1.68145
 55.775 1.68165
 55.8 1.68186
 55.825 1.68207
 55.85 1.68228
 55.875 1.6825
 55.9 1.68271
 55.925 1.68293
 55.95 1.68315
 55.975 1.68337
 56 1.68359
 56.025 1.68381
 56.05 1.68402
 56.075 1.68424
 56.1 1.68446
 56.125 1.68468
 56.15 1.68489
 56.175 1.68511
 56.2 1.68532
 56.225 1.68553
 56.25 1.68574
 56.275 1.68594
 56.3 1.68615
 56.325 1.68635
 56.35 1.68655
 56.375 1.68674
 56.4 1.68693
 56.425 1.68712
 56.45 1.68731
 56.475 1.68749
 56.5 1.68766
 56.525 1.68784
 56.55 1.68801
 56.575 1.68817
 56.6 1.68833
 56.625 1.68848
 56.65 1.68863
 56.675 1.68878
 56.7 1.68892
 56.725 1.68905
 56.75 1.68918
 56.775 1.6893
 56.8 1.68942
 56.825 1.68953
 56.85 1.68964
 56.875 1.68974
 56.9 1.68983
 56.925 1.68992
 56.95 1.69
 56.975 1.69008
 57 1.69014
 57.025 1.69021
 57.05 1.69026
 57.075 1.69031
 57.1 1.69035
 57.125 1.69039
 57.15 1.69042
 57.175 1.69044
 57.2 1.69046
 57.225 1.69046
 57.25 1.69046
 57.275 1.69046
 57.3 1.69044
 57.325 1.69042
 57.35 1.6904
 57.375 1.69036
 57.4 1.69032
 57.425 1.69027
 57.45 1.69021
 57.475 1.69015
 57.5 1.69008
 57.525 1.69
 57.55 1.68991
 57.575 1.68981
 57.6 1.68971
 57.625 1.6896
 57.65 1.68948
 57.675 1.68936
 57.7 1.68922
 57.725 1.68908
 57.75 1.68893
 57.775 1.68878
 57.8 1.68861
 57.825 1.68844
 57.85 1.68826
 57.875 1.68807
 57.9 1.68788
 57.925 1.68767
 57.95 1.68746
 57.975 1.68724
 58 1.68701
 58.025 1.68677
 58.05 1.68653
 58.075 1.68628
 58.1 1.68602
 58.125 1.68575
 58.15 1.68547
 58.175 1.68519
 58.2 1.6849
 58.225 1.6846
 58.25 1.68429
 58.275 1.68397
 58.3 1.68365
 58.325 1.68331
 58.35 1.68297
 58.375 1.68262
 58.4 1.68227
 58.425 1.6819
 58.45 1.68153
 58.475 1.68115
 58.5 1.68076
 58.525 1.68036
 58.55 1.67996
 58.575 1.67955
 58.6 1.67913
 58.625 1.6787
 58.65 1.67826
 58.675 1.67782
 58.7 1.67736
 58.725 1.6769
 58.75 1.67643
 58.775 1.67596
 58.8 1.67547
 58.825 1.67498
 58.85 1.67448
 58.875 1.67398
 58.9 1.67346
 58.925 1.67294
 58.95 1.67241
 58.975 1.67187
 59 1.67132
 59.025 1.67077
 59.05 1.67021
 59.075 1.66964
 59.1 1.66907
 59.125 1.66848
 59.15 1.66789
 59.175 1.66729
 59.2 1.66669
 59.225 1.66607
 59.25 1.66545
 59.275 1.66482
 59.3 1.66419
 59.325 1.66355
 59.35 1.6629
 59.375 1.66224
 59.4 1.66158
 59.425 1.66091
 59.45 1.66023
 59.475 1.65954
 59.5 1.65885
 59.525 1.65815
 59.55 1.65745
 59.575 1.65673
 59.6 1.65601
 59.625 1.65529
 59.65 1.65455
 59.675 1.65381
 59.7 1.65306
 59.725 1.65231
 59.75 1.65155
 59.775 1.65078
 59.8 1.65001
 59.825 1.64923
 59.85 1.64844
 59.875 1.64765
 59.9 1.64685
 59.925 1.64605
 59.95 1.64523
 59.975 1.64442
 60 1.64359
 60.025 1.64276
 60.05 1.64192
 60.075 1.64108
 60.1 1.64023
 60.125 1.63938
 60.15 1.63852
 60.175 1.63765
 60.2 1.63678
 60.225 1.6359
 60.25 1.63501
 60.275 1.63412
 60.3 1.63323
 60.325 1.63233
 60.35 1.63142
 60.375 1.63051
 60.4 1.62959
 60.425 1.62867
 60.45 1.62774
 60.475 1.6268
 60.5 1.62586
 60.525 1.62492
 60.55 1.62397
 60.575 1.62301
 60.6 1.62205
 60.625 1.62109
 60.65 1.62012
 60.675 1.61914
 60.7 1.61816
 60.725 1.61718
 60.75 1.61619
 60.775 1.61519
 60.8 1.61419
 60.825 1.61319
 60.85 1.61218
 60.875 1.61117
 60.9 1.61015
 60.925 1.60913
 60.95 1.60811
 60.975 1.60708
 61 1.60604
 61.025 1.60501
 61.05 1.60396
 61.075 1.60292
 61.1 1.60187
 61.125 1.60081
 61.15 1.59976
 61.175 1.59869
 61.2 1.59763
 61.225 1.59656
 61.25 1.59549
 61.275 1.59441
 61.3 1.59333
 61.325 1.59225
 61.35 1.59116
 61.375 1.59007
 61.4 1.58898
 61.425 1.58788
 61.45 1.58679
 61.475 1.58568
 61.5 1.58458
 61.525 1.58347
 61.55 1.58236
 61.575 1.58124
 61.6 1.58013
 61.625 1.57901
 61.65 1.57788
 61.675 1.57676
 61.7 1.57563
 61.725 1.5745
 61.75 1.57336
 61.775 1.57223
 61.8 1.57109
 61.825 1.56995
 61.85 1.5688
 61.875 1.56766
 61.9 1.56651
 61.925 1.56536
 61.95 1.5642
 61.975 1.56305
 62 1.56189
 62.025 1.56073
 62.05 1.55957
 62.075 1.5584
 62.1 1.55724
 62.125 1.55607
 62.15 1.5549
 62.175 1.55373
 62.2 1.55255
 62.225 1.55138
 62.25 1.5502
 62.275 1.54902
 62.3 1.54784
 62.325 1.54666
 62.35 1.54547
 62.375 1.54429
 62.4 1.5431
 62.425 1.54191
 62.45 1.54072
 62.475 1.53953
 62.5 1.53834
 62.525 1.53714
 62.55 1.53595
 62.575 1.53475
 62.6 1.53355
 62.625 1.53235
 62.65 1.53115
 62.675 1.52995
 62.7 1.52875
 62.725 1.52754
 62.75 1.52634
 62.775 1.52513
 62.8 1.52393
 62.825 1.52272
 62.85 1.52151
 62.875 1.5203
 62.9 1.51909
 62.925 1.51788
 62.95 1.51667
 62.975 1.51545
 63 1.51424
 63.025 1.51303
 63.05 1.51181
 63.075 1.5106
 63.1 1.50938
 63.125 1.50816
 63.15 1.50695
 63.175 1.50573
 63.2 1.50451
 63.225 1.50329
 63.25 1.50208
 63.275 1.50086
 63.3 1.49964
 63.325 1.49842
 63.35 1.4972
 63.375 1.49598
 63.4 1.49476
 63.425 1.49354
 63.45 1.49232
 63.475 1.4911
 63.5 1.48988
 63.525 1.48866
 63.55 1.48744
 63.575 1.48622
 63.6 1.485
 63.625 1.48378
 63.65 1.48256
 63.675 1.48134
 63.7 1.48012
 63.725 1.4789
 63.75 1.47768
 63.775 1.47646
 63.8 1.47524
 63.825 1.47402
 63.85 1.4728
 63.875 1.47159
 63.9 1.47037
 63.925 1.46915
 63.95 1.46793
 63.975 1.46672
 64 1.4655
 64.025 1.46429
 64.05 1.46307
 64.075 1.46186
 64.1 1.46064
 64.125 1.45943
 64.15 1.45822
 64.175 1.457
 64.2 1.45579
 64.225 1.45458
 64.25 1.45337
 64.275 1.45216
 64.3 1.45095
 64.325 1.44975
 64.35 1.44854
 64.375 1.44733
 64.4 1.44613
 64.425 1.44492
 64.45 1.44372
 64.475 1.44252
 64.5 1.44132
 64.525 1.44012
 64.55 1.43892
 64.575 1.43772
 64.6 1.43652
 64.625 1.43532
 64.65 1.43413
 64.675 1.43293
 64.7 1.43174
 64.725 1.43054
 64.75 1.42935
 64.775 1.42816
 64.8 1.42697
 64.825 1.42579
 64.85 1.4246
 64.875 1.42341
 64.9 1.42223
 64.925 1.42105
 64.95 1.41986
 64.975 1.41868
 65 1.4175
 65.025 1.41633
 65.05 1.41515
 65.075 1.41397
 65.1 1.4128
 65.125 1.41163
 65.15 1.41046
 65.175 1.40929
 65.2 1.40812
 65.225 1.40695
 65.25 1.40579
 65.275 1.40462
 65.3 1.40346
 65.325 1.4023
 65.35 1.40114
 65.375 1.39998
 65.4 1.39883
 65.425 1.39767
 65.45 1.39652
 65.475 1.39537
 65.5 1.39422
 65.525 1.39307
 65.55 1.39192
 65.575 1.39078
 65.6 1.38964
 65.625 1.3885
 65.65 1.38736
 65.675 1.38622
 65.7 1.38509
 65.725 1.38395
 65.75 1.38282
 65.775 1.38169
 65.8 1.38056
 65.825 1.37944
 65.85 1.37831
 65.875 1.37719
 65.9 1.37607
 65.925 1.37495
 65.95 1.37383
 65.975 1.37272
 66 1.37161
 66.025 1.3705
 66.05 1.36939
 66.075 1.36828
 66.1 1.36717
 66.125 1.36607
 66.15 1.36497
 66.175 1.36387
 66.2 1.36277
 66.225 1.36168
 66.25 1.36059
 66.275 1.35949
 66.3 1.35841
 66.325 1.35732
 66.35 1.35623
 66.375 1.35515
 66.4 1.35407
 66.425 1.35299
 66.45 1.35192
 66.475 1.35084
 66.5 1.34977
 66.525 1.3487
 66.55 1.34763
 66.575 1.34657
 66.6 1.3455
 66.625 1.34444
 66.65 1.34338
 66.675 1.34232
 66.7 1.34127
 66.725 1.34022
 66.75 1.33917
 66.775 1.33812
 66.8 1.33707
 66.825 1.33603
 66.85 1.33499
 66.875 1.33395
 66.9 1.33291
 66.925 1.33187
 66.95 1.33084
 66.975 1.32981
 67 1.32878
 67.025 1.32776
 67.05 1.32673
 67.075 1.32571
 67.1 1.32469
 67.125 1.32368
 67.15 1.32266
 67.175 1.32165
 67.2 1.32064
 67.225 1.31963
 67.25 1.31863
 67.275 1.31763
 67.3 1.31663
 67.325 1.31563
 67.35 1.31463
 67.375 1.31364
 67.4 1.31265
 67.425 1.31166
 67.45 1.31067
 67.475 1.30969
 67.5 1.30871
 67.525 1.30773
 67.55 1.30675
 67.575 1.30578
 67.6 1.30481
 67.625 1.30384
 67.65 1.30287
 67.675 1.30191
 67.7 1.30094
 67.725 1.29998
 67.75 1.29903
 67.775 1.29807
 67.8 1.29712
 67.825 1.29617
 67.85 1.29522
 67.875 1.29428
 67.9 1.29333
 67.925 1.29239
 67.95 1.29146
 67.975 1.29052
 68 1.28959
 68.025 1.28866
 68.05 1.28773
 68.075 1.2868
 68.1 1.28588
 68.125 1.28496
 68.15 1.28404
 68.175 1.28313
 68.2 1.28221
 68.225 1.2813
 68.25 1.2804
 68.275 1.27949
 68.3 1.27859
 68.325 1.27769
 68.35 1.27679
 68.375 1.27589
 68.4 1.275
 68.425 1.27411
 68.45 1.27322
 68.475 1.27234
 68.5 1.27145
 68.525 1.27057
 68.55 1.26969
 68.575 1.26882
 68.6 1.26794
 68.625 1.26707
 68.65 1.26621
 68.675 1.26534
 68.7 1.26448
 68.725 1.26362
 68.75 1.26276
 68.775 1.2619
 68.8 1.26105
 68.825 1.2602
 68.85 1.25935
 68.875 1.25851
 68.9 1.25766
 68.925 1.25682
 68.95 1.25599
 68.975 1.25515
 69 1.25432
 69.025 1.25349
 69.05 1.25266
 69.075 1.25183
 69.1 1.25101
 69.125 1.25019
 69.15 1.24937
 69.175 1.24856
 69.2 1.24775
 69.225 1.24694
 69.25 1.24613
 69.275 1.24532
 69.3 1.24452
 69.325 1.24372
 69.35 1.24292
 69.375 1.24213
 69.4 1.24134
 69.425 1.24055
 69.45 1.23976
 69.475 1.23897
 69.5 1.23819
 69.525 1.23741
 69.55 1.23664
 69.575 1.23586
 69.6 1.23509
 69.625 1.23432
 69.65 1.23355
 69.675 1.23279
 69.7 1.23202
 69.725 1.23126
 69.75 1.23051
 69.775 1.22975
 69.8 1.229
 69.825 1.22825
 69.85 1.2275
 69.875 1.22676
 69.9 1.22602
 69.925 1.22528
 69.95 1.22454
 69.975 1.22381
 70 1.22307
 70.025 1.22234
 70.05 1.22162
 70.075 1.22089
 70.1 1.22017
 70.125 1.21945
 70.15 1.21873
 70.175 1.21802
 70.2 1.21731
 70.225 1.2166
 70.25 1.21589
 70.275 1.21518
 70.3 1.21448
 70.325 1.21378
 70.35 1.21308
 70.375 1.21239
 70.4 1.2117
 70.425 1.21101
 70.45 1.21032
 70.475 1.20964
 70.5 1.20895
 70.525 1.20827
 70.55 1.2076
 70.575 1.20692
 70.6 1.20625
 70.625 1.20558
 70.65 1.20491
 70.675 1.20424
 70.7 1.20358
 70.725 1.20292
 70.75 1.20226
 70.775 1.20161
 70.8 1.20095
 70.825 1.2003
 70.85 1.19966
 70.875 1.19901
 70.9 1.19837
 70.925 1.19773
 70.95 1.19709
 70.975 1.19645
 71 1.19582
 71.025 1.19519
 71.05 1.19456
 71.075 1.19393
 71.1 1.19331
 71.125 1.19269
 71.15 1.19207
 71.175 1.19145
 71.2 1.19084
 71.225 1.19023
 71.25 1.18962
 71.275 1.18901
 71.3 1.18841
 71.325 1.18781
 71.35 1.18721
 71.375 1.18661
 71.4 1.18601
 71.425 1.18542
 71.45 1.18483
 71.475 1.18425
 71.5 1.18366
 71.525 1.18308
 71.55 1.1825
 71.575 1.18192
 71.6 1.18134
 71.625 1.18077
 71.65 1.1802
 71.675 1.17963
 71.7 1.17907
 71.725 1.1785
 71.75 1.17794
 71.775 1.17738
 71.8 1.17683
 71.825 1.17627
 71.85 1.17572
 71.875 1.17517
 71.9 1.17462
 71.925 1.17408
 71.95 1.17354
 71.975 1.173
 72 1.17246
 72.025 1.17192
 72.05 1.17139
 72.075 1.17086
 72.1 1.17033
 72.125 1.1698
 72.15 1.16928
 72.175 1.16876
 72.2 1.16824
 72.225 1.16772
 72.25 1.1672
 72.275 1.16669
 72.3 1.16618
 72.325 1.16567
 72.35 1.16517
 72.375 1.16466
 72.4 1.16416
 72.425 1.16366
 72.45 1.16317
 72.475 1.16267
 72.5 1.16218
 72.525 1.16169
 72.55 1.1612
 72.575 1.16072
 72.6 1.16023
 72.625 1.15975
 72.65 1.15927
 72.675 1.1588
 72.7 1.15832
 72.725 1.15785
 72.75 1.15738
 72.775 1.15691
 72.8 1.15644
 72.825 1.15598
 72.85 1.15552
 72.875 1.15506
 72.9 1.1546
 72.925 1.15415
 72.95 1.1537
 72.975 1.15324
 73 1.1528
 73.025 1.15235
 73.05 1.15191
 73.075 1.15146
 73.1 1.15102
 73.125 1.15059
 73.15 1.15015
 73.175 1.14972
 73.2 1.14929
 73.225 1.14886
 73.25 1.14843
 73.275 1.14801
 73.3 1.14758
 73.325 1.14716
 73.35 1.14675
 73.375 1.14633
 73.4 1.14591
 73.425 1.1455
 73.45 1.14509
 73.475 1.14468
 73.5 1.14428
 73.525 1.14387
 73.55 1.14347
 73.575 1.14307
 73.6 1.14268
 73.625 1.14228
 73.65 1.14189
 73.675 1.1415
 73.7 1.14111
 73.725 1.14072
 73.75 1.14033
 73.775 1.13995
 73.8 1.13957
 73.825 1.13919
 73.85 1.13881
 73.875 1.13844
 73.9 1.13807
 73.925 1.13769
 73.95 1.13733
 73.975 1.13696
 74 1.13659
 74.025 1.13623
 74.05 1.13587
 74.075 1.13551
 74.1 1.13515
 74.125 1.1348
 74.15 1.13445
 74.175 1.13409
 74.2 1.13375
 74.225 1.1334
 74.25 1.13305
 74.275 1.13271
 74.3 1.13237
 74.325 1.13203
 74.35 1.13169
 74.375 1.13136
 74.4 1.13102
 74.425 1.13069
 74.45 1.13036
 74.475 1.13004
 74.5 1.12971
 74.525 1.12939
 74.55 1.12906
 74.575 1.12874
 74.6 1.12843
 74.625 1.12811
 74.65 1.1278
 74.675 1.12748
 74.7 1.12717
 74.725 1.12686
 74.75 1.12656
 74.775 1.12625
 74.8 1.12595
 74.825 1.12565
 74.85 1.12535
 74.875 1.12505
 74.9 1.12476
 74.925 1.12446
 74.95 1.12417
 74.975 1.12388
 75 1.12359
 75.025 1.12331
 75.05 1.12302
 75.075 1.12274
 75.1 1.12246
 75.125 1.12218
 75.15 1.1219
 75.175 1.12163
 75.2 1.12136
 75.225 1.12108
 75.25 1.12081
 75.275 1.12055
 75.3 1.12028
 75.325 1.12001
 75.35 1.11975
 75.375 1.11949
 75.4 1.11923
 75.425 1.11897
 75.45 1.11872
 75.475 1.11847
 75.5 1.11821
 75.525 1.11796
 75.55 1.11771
 75.575 1.11747
 75.6 1.11722
 75.625 1.11698
 75.65 1.11674
 75.675 1.1165
 75.7 1.11626
 75.725 1.11602
 75.75 1.11579
 75.775 1.11556
 75.8 1.11533
 75.825 1.1151
 75.85 1.11487
 75.875 1.11464
 75.9 1.11442
 75.925 1.1142
 75.95 1.11397
 75.975 1.11375
 76 1.11354
 76.025 1.11332
 76.05 1.11311
 76.075 1.11289
 76.1 1.11268
 76.125 1.11247
 76.15 1.11227
 76.175 1.11206
 76.2 1.11186
 76.225 1.11165
 76.25 1.11145
 76.275 1.11125
 76.3 1.11106
 76.325 1.11086
 76.35 1.11067
 76.375 1.11047
 76.4 1.11028
 76.425 1.11009
 76.45 1.1099
 76.475 1.10972
 76.5 1.10953
 76.525 1.10935
 76.55 1.10917
 76.575 1.10899
 76.6 1.10881
 76.625 1.10863
 76.65 1.10846
 76.675 1.10828
 76.7 1.10811
 76.725 1.10794
 76.75 1.10777
 76.775 1.10761
 76.8 1.10744
 76.825 1.10728
 76.85 1.10711
 76.875 1.10695
 76.9 1.10679
 76.925 1.10664
 76.95 1.10648
 76.975 1.10632
 77 1.10617
 77.025 1.10602
 77.05 1.10587
 77.075 1.10572
 77.1 1.10557
 77.125 1.10543
 77.15 1.10528
 77.175 1.10514
 77.2 1.105
 77.225 1.10486
 77.25 1.10472
 77.275 1.10458
 77.3 1.10445
 77.325 1.10431
 77.35 1.10418
 77.375 1.10405
 77.4 1.10392
 77.425 1.10379
 77.45 1.10367
 77.475 1.10354
 77.5 1.10342
 77.525 1.1033
 77.55 1.10318
 77.575 1.10306
 77.6 1.10294
 77.625 1.10282
 77.65 1.10271
 77.675 1.1026
 77.7 1.10248
 77.725 1.10237
 77.75 1.10226
 77.775 1.10216
 77.8 1.10205
 77.825 1.10195
 77.85 1.10184
 77.875 1.10174
 77.9 1.10164
 77.925 1.10154
 77.95 1.10144
 77.975 1.10135
 78 1.10125
 78.025 1.10116
 78.05 1.10106
 78.075 1.10097
 78.1 1.10088
 78.125 1.1008
 78.15 1.10071
 78.175 1.10062
 78.2 1.10054
 78.225 1.10046
 78.25 1.10038
 78.275 1.1003
 78.3 1.10022
 78.325 1.10014
 78.35 1.10006
 78.375 1.09999
 78.4 1.09992
 78.425 1.09984
 78.45 1.09977
 78.475 1.0997
 78.5 1.09964
 78.525 1.09957
 78.55 1.0995
 78.575 1.09944
 78.6 1.09938
 78.625 1.09931
 78.65 1.09925
 78.675 1.0992
 78.7 1.09914
 78.725 1.09908
 78.75 1.09903
 78.775 1.09897
 78.8 1.09892
 78.825 1.09887
 78.85 1.09882
 78.875 1.09877
 78.9 1.09872
 78.925 1.09868
 78.95 1.09863
 78.975 1.09859
 79 1.09854
 79.025 1.0985
 79.05 1.09846
 79.075 1.09842
 79.1 1.09839
 79.125 1.09835
 79.15 1.09832
 79.175 1.09828
 79.2 1.09825
 79.225 1.09822
 79.25 1.09819
 79.275 1.09816
 79.3 1.09813
 79.325 1.09811
 79.35 1.09808
 79.375 1.09806
 79.4 1.09803
 79.425 1.09801
 79.45 1.09799
 79.475 1.09797
 79.5 1.09795
 79.525 1.09794
 79.55 1.09792
 79.575 1.09791
 79.6 1.09789
 79.625 1.09788
 79.65 1.09787
 79.675 1.09786
 79.7 1.09785
 79.725 1.09784
 79.75 1.09784
 79.775 1.09783
 79.8 1.09783
 79.825 1.09782
 79.85 1.09782
 79.875 1.09782
 79.9 1.09782
 79.925 1.09782
 79.95 1.09783
 79.975 1.09783
 80 1.09783
 80.025 1.09784
 80.05 1.09785
 80.075 1.09786
 80.1 1.09787
 80.125 1.09788
 80.15 1.09789
 80.175 1.0979
 80.2 1.09791
 80.225 1.09793
 80.25 1.09795
 80.275 1.09796
 80.3 1.09798
 80.325 1.098
 80.35 1.09802
 80.375 1.09804
 80.4 1.09806
 80.425 1.09809
 80.45 1.09811
 80.475 1.09814
 80.5 1.09816
 80.525 1.09819
 80.55 1.09822
 80.575 1.09825
 80.6 1.09828
 80.625 1.09831
 80.65 1.09835
 80.675 1.09838
 80.7 1.09842
 80.725 1.09845
 80.75 1.09849
 80.775 1.09853
 80.8 1.09857
 80.825 1.09861
 80.85 1.09865
 80.875 1.09869
 80.9 1.09874
 80.925 1.09878
 80.95 1.09882
 80.975 1.09887
 81 1.09892
 81.025 1.09897
 81.05 1.09902
 81.075 1.09907
 81.1 1.09912
 81.125 1.09917
 81.15 1.09922
 81.175 1.09928
 81.2 1.09933
 81.225 1.09939
 81.25 1.09945
 81.275 1.09951
 81.3 1.09957
 81.325 1.09963
 81.35 1.09969
 81.375 1.09975
 81.4 1.09981
 81.425 1.09988
 81.45 1.09994
 81.475 1.10001
 81.5 1.10007
 81.525 1.10014
 81.55 1.10021
 81.575 1.10028
 81.6 1.10035
 81.625 1.10042
 81.65 1.1005
 81.675 1.10057
 81.7 1.10064
 81.725 1.10072
 81.75 1.1008
 81.775 1.10087
 81.8 1.10095
 81.825 1.10103
 81.85 1.10111
 81.875 1.10119
 81.9 1.10127
 81.925 1.10136
 81.95 1.10144
 81.975 1.10152
 82 1.10161
 82.025 1.1017
 82.05 1.10178
 82.075 1.10187
 82.1 1.10196
 82.125 1.10205
 82.15 1.10214
 82.175 1.10223
 82.2 1.10233
 82.225 1.10242
 82.25 1.10251
 82.275 1.10261
 82.3 1.1027
 82.325 1.1028
 82.35 1.1029
 82.375 1.103
 82.4 1.1031
 82.425 1.1032
 82.45 1.1033
 82.475 1.1034
 82.5 1.1035
 82.525 1.10361
 82.55 1.10371
 82.575 1.10382
 82.6 1.10392
 82.625 1.10403
 82.65 1.10414
 82.675 1.10425
 82.7 1.10436
 82.725 1.10447
 82.75 1.10458
 82.775 1.10469
 82.8 1.1048
 82.825 1.10492
 82.85 1.10503
 82.875 1.10515
 82.9 1.10526
 82.925 1.10538
 82.95 1.1055
 82.975 1.10562
 83 1.10574
 83.025 1.10586
 83.05 1.10598
 83.075 1.1061
 83.1 1.10622
 83.125 1.10635
 83.15 1.10647
 83.175 1.10659
 83.2 1.10672
 83.225 1.10685
 83.25 1.10697
 83.275 1.1071
 83.3 1.10723
 83.325 1.10736
 83.35 1.10749
 83.375 1.10762
 83.4 1.10775
 83.425 1.10789
 83.45 1.10802
 83.475 1.10815
 83.5 1.10829
 83.525 1.10842
 83.55 1.10856
 83.575 1.1087
 83.6 1.10884
 83.625 1.10897
 83.65 1.10911
 83.675 1.10925
 83.7 1.10939
 83.725 1.10954
 83.75 1.10968
 83.775 1.10982
 83.8 1.10997
 83.825 1.11011
 83.85 1.11026
 83.875 1.1104
 83.9 1.11055
 83.925 1.1107
 83.95 1.11084
 83.975 1.11099
 84 1.11114
 84.025 1.11129
 84.05 1.11144
 84.075 1.1116
 84.1 1.11175
 84.125 1.1119
 84.15 1.11205
 84.175 1.11221
 84.2 1.11236
 84.225 1.11252
 84.25 1.11268
 84.275 1.11283
 84.3 1.11299
 84.325 1.11315
 84.35 1.11331
 84.375 1.11347
 84.4 1.11363
 84.425 1.11379
 84.45 1.11395
 84.475 1.11412
 84.5 1.11428
 84.525 1.11444
 84.55 1.11461
 84.575 1.11478
 84.6 1.11494
 84.625 1.11511
 84.65 1.11528
 84.675 1.11544
 84.7 1.11561
 84.725 1.11578
 84.75 1.11595
 84.775 1.11612
 84.8 1.11629
 84.825 1.11647
 84.85 1.11664
 84.875 1.11681
 84.9 1.11698
 84.925 1.11716
 84.95 1.11733
 84.975 1.11751
 85 1.11769
 85.025 1.11786
 85.05 1.11804
 85.075 1.11822
 85.1 1.1184
 85.125 1.11858
 85.15 1.11876
 85.175 1.11894
 85.2 1.11912
 85.225 1.1193
 85.25 1.11949
 85.275 1.11967
 85.3 1.11985
 85.325 1.12004
 85.35 1.12022
 85.375 1.12041
 85.4 1.12059
 85.425 1.12078
 85.45 1.12097
 85.475 1.12116
 85.5 1.12134
 85.525 1.12153
 85.55 1.12172
 85.575 1.12191
 85.6 1.1221
 85.625 1.1223
 85.65 1.12249
 85.675 1.12268
 85.7 1.12287
 85.725 1.12307
 85.75 1.12326
 85.775 1.12346
 85.8 1.12365
 85.825 1.12385
 85.85 1.12405
 85.875 1.12424
 85.9 1.12444
 85.925 1.12464
 85.95 1.12484
 85.975 1.12504
 86 1.12524
 86.025 1.12544
 86.05 1.12564
 86.075 1.12584
 86.1 1.12604
 86.125 1.12625
 86.15 1.12645
 86.175 1.12666
 86.2 1.12686
 86.225 1.12706
 86.25 1.12727
 86.275 1.12748
 86.3 1.12768
 86.325 1.12789
 86.35 1.1281
 86.375 1.12831
 86.4 1.12851
 86.425 1.12872
 86.45 1.12893
 86.475 1.12914
 86.5 1.12936
 86.525 1.12957
 86.55 1.12978
 86.575 1.12999
 86.6 1.1302
 86.625 1.13042
 86.65 1.13063
 86.675 1.13085
 86.7 1.13106
 86.725 1.13128
 86.75 1.13149
 86.775 1.13171
 86.8 1.13193
 86.825 1.13214
 86.85 1.13236
 86.875 1.13258
 86.9 1.1328
 86.925 1.13302
 86.95 1.13324
 86.975 1.13346
 87 1.13368
 87.025 1.1339
 87.05 1.13412
 87.075 1.13435
 87.1 1.13457
 87.125 1.13479
 87.15 1.13502
 87.175 1.13524
 87.2 1.13547
 87.225 1.13569
 87.25 1.13592
 87.275 1.13614
 87.3 1.13637
 87.325 1.1366
 87.35 1.13683
 87.375 1.13705
 87.4 1.13728
 87.425 1.13751
 87.45 1.13774
 87.475 1.13797
 87.5 1.1382
 87.525 1.13843
 87.55 1.13866
 87.575 1.1389
 87.6 1.13913
 87.625 1.13936
 87.65 1.13959
 87.675 1.13983
 87.7 1.14006
 87.725 1.1403
 87.75 1.14053
 87.775 1.14077
 87.8 1.141
 87.825 1.14124
 87.85 1.14148
 87.875 1.14171
 87.9 1.14195
 87.925 1.14219
 87.95 1.14243
 87.975 1.14267
 88 1.14291
 88.025 1.14315
 88.05 1.14339
 88.075 1.14363
 88.1 1.14387
 88.125 1.14411
 88.15 1.14435
 88.175 1.14459
 88.2 1.14484
 88.225 1.14508
 88.25 1.14532
 88.275 1.14557
 88.3 1.14581
 88.325 1.14606
 88.35 1.1463
 88.375 1.14655
 88.4 1.14679
 88.425 1.14704
 88.45 1.14729
 88.475 1.14753
 88.5 1.14778
 88.525 1.14803
 88.55 1.14828
 88.575 1.14853
 88.6 1.14878
 88.625 1.14902
 88.65 1.14927
 88.675 1.14953
 88.7 1.14978
 88.725 1.15003
 88.75 1.15028
 88.775 1.15053
 88.8 1.15078
 88.825 1.15104
 88.85 1.15129
 88.875 1.15154
 88.9 1.1518
 88.925 1.15205
 88.95 1.15231
 88.975 1.15256
 89 1.15282
 89.025 1.15307
 89.05 1.15333
 89.075 1.15358
 89.1 1.15384
 89.125 1.1541
 89.15 1.15436
 89.175 1.15461
 89.2 1.15487
 89.225 1.15513
 89.25 1.15539
 89.275 1.15565
 89.3 1.15591
 89.325 1.15617
 89.35 1.15643
 89.375 1.15669
 89.4 1.15695
 89.425 1.15721
 89.45 1.15748
 89.475 1.15774
 89.5 1.158
 89.525 1.15826
 89.55 1.15853
 89.575 1.15879
 89.6 1.15906
 89.625 1.15932
 89.65 1.15958
 89.675 1.15985
 89.7 1.16011
 89.725 1.16038
 89.75 1.16065
 89.775 1.16091
 89.8 1.16118
 89.825 1.16145
 89.85 1.16171
 89.875 1.16198
 89.9 1.16225
 89.925 1.16252
 89.95 1.16279
 89.975 1.16306
 90 1.16333
 90.025 1.1636
 90.05 1.16387
 90.075 1.16414
 90.1 1.16441
 90.125 1.16468
 90.15 1.16495
 90.175 1.16522
 90.2 1.16549
 90.225 1.16576
 90.25 1.16604
 90.275 1.16631
 90.3 1.16658
 90.325 1.16686
 90.35 1.16713
 90.375 1.1674
 90.4 1.16768
 90.425 1.16795
 90.45 1.16823
 90.475 1.1685
 90.5 1.16878
 90.525 1.16906
 90.55 1.16933
 90.575 1.16961
 90.6 1.16989
 90.625 1.17016
 90.65 1.17044
 90.675 1.17072
 90.7 1.171
 90.725 1.17128
 90.75 1.17155
 90.775 1.17183
 90.8 1.17211
 90.825 1.17239
 90.85 1.17267
 90.875 1.17295
 90.9 1.17323
 90.925 1.17351
 90.95 1.17379
 90.975 1.17408
 91 1.17436
 91.025 1.17464
 91.05 1.17492
 91.075 1.1752
 91.1 1.17549
 91.125 1.17577
 91.15 1.17605
 91.175 1.17634
 91.2 1.17662
 91.225 1.1769
 91.25 1.17719
 91.275 1.17747
 91.3 1.17776
 91.325 1.17804
 91.35 1.17833
 91.375 1.17861
 91.4 1.1789
 91.425 1.17919
 91.45 1.17947
 91.475 1.17976
 91.5 1.18005
 91.525 1.18033
 91.55 1.18062
 91.575 1.18091
 91.6 1.1812
 91.625 1.18148
 91.65 1.18177
 91.675 1.18206
 91.7 1.18235
 91.725 1.18264
 91.75 1.18293
 91.775 1.18322
 91.8 1.18351
 91.825 1.1838
 91.85 1.18409
 91.875 1.18438
 91.9 1.18467
 91.925 1.18496
 91.95 1.18526
 91.975 1.18555
 92 1.18584
 92.025 1.18613
 92.05 1.18642
 92.075 1.18672
 92.1 1.18701
 92.125 1.1873
 92.15 1.1876
 92.175 1.18789
 92.2 1.18818
 92.225 1.18848
 92.25 1.18877
 92.275 1.18907
 92.3 1.18936
 92.325 1.18966
 92.35 1.18995
 92.375 1.19025
 92.4 1.19054
 92.425 1.19084
 92.45 1.19114
 92.475 1.19143
 92.5 1.19173
 92.525 1.19203
 92.55 1.19232
 92.575 1.19262
 92.6 1.19292
 92.625 1.19322
 92.65 1.19351
 92.675 1.19381
 92.7 1.19411
 92.725 1.19441
 92.75 1.19471
 92.775 1.19501
 92.8 1.19531
 92.825 1.19561
 92.85 1.19591
 92.875 1.19621
 92.9 1.19651
 92.925 1.19681
 92.95 1.19711
 92.975 1.19741
 93 1.19771
 93.025 1.19801
 93.05 1.19831
 93.075 1.19861
 93.1 1.19892
 93.125 1.19922
 93.15 1.19952
 93.175 1.19982
 93.2 1.20012
 93.225 1.20043
 93.25 1.20073
 93.275 1.20103
 93.3 1.20134
 93.325 1.20164
 93.35 1.20194
 93.375 1.20225
 93.4 1.20255
 93.425 1.20286
 93.45 1.20316
 93.475 1.20347
 93.5 1.20377
 93.525 1.20408
 93.55 1.20438
 93.575 1.20469
 93.6 1.20499
 93.625 1.2053
 93.65 1.20561
 93.675 1.20591
 93.7 1.20622
 93.725 1.20653
 93.75 1.20684
 93.775 1.20714
 93.8 1.20745
 93.825 1.20776
 93.85 1.20807
 93.875 1.20837
 93.9 1.20868
 93.925 1.20899
 93.95 1.2093
 93.975 1.20961
 94 1.20992
 94.025 1.21023
 94.05 1.21054
 94.075 1.21085
 94.1 1.21116
 94.125 1.21147
 94.15 1.21178
 94.175 1.21209
 94.2 1.2124
 94.225 1.21271
 94.25 1.21302
 94.275 1.21333
 94.3 1.21364
 94.325 1.21395
 94.35 1.21426
 94.375 1.21458
 94.4 1.21489
 94.425 1.2152
 94.45 1.21551
 94.475 1.21583
 94.5 1.21614
 94.525 1.21645
 94.55 1.21676
 94.575 1.21708
 94.6 1.21739
 94.625 1.2177
 94.65 1.21802
 94.675 1.21833
 94.7 1.21865
 94.725 1.21896
 94.75 1.21927
 94.775 1.21959
 94.8 1.2199
 94.825 1.22022
 94.85 1.22053
 94.875 1.22085
 94.9 1.22116
 94.925 1.22148
 94.95 1.22179
 94.975 1.22211
 95 1.22243
 95.025 1.22274
 95.05 1.22306
 95.075 1.22337
 95.1 1.22369
 95.125 1.22401
 95.15 1.22432
 95.175 1.22464
 95.2 1.22496
 95.225 1.22528
 95.25 1.22559
 95.275 1.22591
 95.3 1.22623
 95.325 1.22655
 95.35 1.22686
 95.375 1.22718
 95.4 1.2275
 95.425 1.22782
 95.45 1.22814
 95.475 1.22846
 95.5 1.22877
 95.525 1.22909
 95.55 1.22941
 95.575 1.22973
 95.6 1.23005
 95.625 1.23037
 95.65 1.23069
 95.675 1.23101
 95.7 1.23133
 95.725 1.23165
 95.75 1.23197
 95.775 1.23229
 95.8 1.23261
 95.825 1.23293
 95.85 1.23325
 95.875 1.23357
 95.9 1.23389
 95.925 1.23422
 95.95 1.23454
 95.975 1.23486
 96 1.23518
 96.025 1.2355
 96.05 1.23582
 96.075 1.23615
 96.1 1.23647
 96.125 1.23679
 96.15 1.23711
 96.175 1.23743
 96.2 1.23776
 96.225 1.23808
 96.25 1.2384
 96.275 1.23872
 96.3 1.23905
 96.325 1.23937
 96.35 1.23969
 96.375 1.24002
 96.4 1.24034
 96.425 1.24066
 96.45 1.24099
 96.475 1.24131
 96.5 1.24164
 96.525 1.24196
 96.55 1.24228
 96.575 1.24261
 96.6 1.24293
 96.625 1.24326
 96.65 1.24358
 96.675 1.24391
 96.7 1.24423
 96.725 1.24456
 96.75 1.24488
 96.775 1.24521
 96.8 1.24553
 96.825 1.24586
 96.85 1.24618
 96.875 1.24651
 96.9 1.24683
 96.925 1.24716
 96.95 1.24748
 96.975 1.24781
 97 1.24814
 97.025 1.24846
 97.05 1.24879
 97.075 1.24912
 97.1 1.24944
 97.125 1.24977
 97.15 1.25009
 97.175 1.25042
 97.2 1.25075
 97.225 1.25108
 97.25 1.2514
 97.275 1.25173
 97.3 1.25206
 97.325 1.25238
 97.35 1.25271
 97.375 1.25304
 97.4 1.25337
 97.425 1.25369
 97.45 1.25402
 97.475 1.25435
 97.5 1.25468
 97.525 1.25501
 97.55 1.25533
 97.575 1.25566
 97.6 1.25599
 97.625 1.25632
 97.65 1.25665
 97.675 1.25698
 97.7 1.25731
 97.725 1.25763
 97.75 1.25796
 97.775 1.25829
 97.8 1.25862
 97.825 1.25895
 97.85 1.25928
 97.875 1.25961
 97.9 1.25994
 97.925 1.26027
 97.95 1.2606
 97.975 1.26093
 98 1.26126
 98.025 1.26159
 98.05 1.26192
 98.075 1.26225
 98.1 1.26258
 98.125 1.26291
 98.15 1.26324
 98.175 1.26357
 98.2 1.2639
 98.225 1.26423
 98.25 1.26456
 98.275 1.26489
 98.3 1.26522
 98.325 1.26555
 98.35 1.26588
 98.375 1.26621
 98.4 1.26654
 98.425 1.26687
 98.45 1.2672
 98.475 1.26753
 98.5 1.26787
 98.525 1.2682
 98.55 1.26853
 98.575 1.26886
 98.6 1.26919
 98.625 1.26952
 98.65 1.26985
 98.675 1.27019
 98.7 1.27052
 98.725 1.27085
 98.75 1.27118
 98.775 1.27151
 98.8 1.27185
 98.825 1.27218
 98.85 1.27251
 98.875 1.27284
 98.9 1.27317
 98.925 1.27351
 98.95 1.27384
 98.975 1.27417
 99 1.2745
 99.025 1.27484
 99.05 1.27517
 99.075 1.2755
 99.1 1.27584
 99.125 1.27617
 99.15 1.2765
 99.175 1.27683
 99.2 1.27717
 99.225 1.2775
 99.25 1.27783
 99.275 1.27817
 99.3 1.2785
 99.325 1.27883
 99.35 1.27917
 99.375 1.2795
 99.4 1.27983
 99.425 1.28017
 99.45 1.2805
 99.475 1.28083
 99.5 1.28117
 99.525 1.2815
 99.55 1.28184
 99.575 1.28217
 99.6 1.2825
 99.625 1.28284
 99.65 1.28317
 99.675 1.2835
 99.7 1.28384
 99.725 1.28417
 99.75 1.28451
 99.775 1.28484
 99.8 1.28518
 99.825 1.28551
 99.85 1.28584
 99.875 1.28618
 99.9 1.28651
 99.925 1.28685
 99.95 1.28718
 99.975 1.28752
 100 1.28785
