4001 2
 0 0
 0.025 0.0226354
 0.05 0.0433878
 0.075 0.062598
 0.1 0.0805344
 0.125 0.0974099
 0.15 0.113394
 0.175 0.128623
 0.2 0.143207
 0.225 0.157233
 0.25 0.170776
 0.275 0.183895
 0.3 0.196639
 0.325 0.20905
 0.35 0.221163
 0.375 0.233007
 0.4 0.244607
 0.425 0.255985
 0.45 0.26716
 0.475 0.278146
 0.5 0.28896
 0.525 0.299611
 0.55 0.310113
 0.575 0.320473
 0.6 0.330701
 0.625 0.340805
 0.65 0.35079
 0.675 0.360665
 0.7 0.370434
 0.725 0.380102
 0.75 0.389674
 0.775 0.399155
 0.8 0.408548
 0.825 0.417858
 0.85 0.427088
 0.875 0.436241
 0.9 0.44532
 0.925 0.454328
 0.95 0.463267
 0.975 0.472141
 1 0.48095
 1.025 0.489697
 1.05 0.498385
 1.075 0.507015
 1.1 0.515588
 1.125 0.524106
 1.15 0.532571
 1.175 0.540985
 1.2 0.549348
 1.225 0.557663
 1.25 0.565929
 1.275 0.574149
 1.3 0.582324
 1.325 0.590455
 1.35 0.598542
 1.375 0.606587
 1.4 0.614592
 1.425 0.622556
 1.45 0.630481
 1.475 0.638368
 1.5 0.646218
 1.525 0.654032
 1.55 0.661809
 1.575 0.669552
 1.6 0.67726
 1.625 0.684935
 1.65 0.692577
 1.675 0.700186
 1.7 0.707763
 1.725 0.715309
 1.75 0.722825
 1.775 0.73031
 1.8 0.737765
 1.825 0.745192
 1.85 0.752589
 1.875 0.759959
 1.9 0.767301
 1.925 0.774615
 1.95 0.781903
 1.975 0.789164
 2 0.796399
 2.025 0.803609
 2.05 0.810794
 2.075 0.817954
 2.1 0.82509
 2.125 0.832203
 2.15 0.839292
 2.175 0.846359
 2.2 0.853403
 2.225 0.860425
 2.25 0.867424
 2.275 0.874403
 2.3 0.88136
 2.325 0.888296
 2.35 0.895211
 2.375 0.902106
 2.4 0.908981
 2.425 0.915836
 2.45 0.922671
 2.475 0.929486
 2.5 0.936283
 2.525 0.94306
 2.55 0.949819
 2.575 0.956559
 2.6 0.963281
 2.625 0.969985
 2.65 0.976672
 2.675 0.983341
 2.7 0.989992
 2.725 0.996627
 2.75 1.00324
 2.775 1.00985
 2.8 1.01643
 2.825 1.023
 2.85 1.02955
 2.875 1.03609
 2.9 1.04261
 2.925 1.04912
 2.95 1.05562
 2.975 1.06209
 3 1.06856
 3.025 1.07501
 3.05 1.08144
 3.075 1.08786
 3.1 1.09427
 3.125 1.10066
 3.15 1.10704
 3.175 1.11341
 3.2 1.11976
 3.225 1.12611
 3.25 1.13243
 3.275 1.13875
 3.3 1.14505
 3.325 1.15134
 3.35 1.15761
 3.375 1.16388
 3.4 1.17013
 3.425 1.17637
 3.45 1.1826
 3.475 1.18881
 3.5 1.19502
 3.525 1.20121
 3.55 1.20739
 3.575 1.21357
 3.6 1.21973
 3.625 1.22588
 3.65 1.23201
 3.675 1.23814
 3.7 1.24426
 3.725 1.25037
 3.75 1.25647
 3.775 1.26256
 3.8 1.26864
 3.825 1.27471
 3.85 1.28077
 3.875 1.28682
 3.9 1.29286
 3.925 1.29889
 3.95 1.30492
 3.975 1.31093
 4 1.31693
 4.025 1.32293
 4.05 1.32892
 4.075 1.3349
 4.1 1.34087
 4.125 1.34683
 4.15 1.35278
 4.175 1.35872
 4.2 1.36466
 4.225 1.37059
 4.25 1.37651
 4.275 1.38242
 4.3 1.38832
 4.325 1.39422
 4.35 1.40011
 4.375 1.40599
 4.4 1.41186
 4.425 1.41773
 4.45 1.42359
 4.475 1.42944
 4.5 1.43529
 4.525 1.44113
 4.55 1.44696
 4.575 1.45278
 4.6 1.4586
 4.625 1.46442
 4.65 1.47022
 4.675 1.47602
 4.7 1.48182
 4.725 1.48761
 4.75 1.49339
 4.775 1.49917
 4.8 1.50494
 4.825 1.5107
 4.85 1.51646
 4.875 1.52221
 4.9 1.52796
 4.925 1.5337
 4.95 1.53944
 4.975 1.54517
 5 1.55089
 5.025 1.55661
 5.05 1.56233
 5.075 1.56804
 5.1 1.57374
 5.125 1.57944
 5.15 1.58513
 5.175 1.59082
 5.2 1.5965
 5.225 1.60218
 5.25 1.60785
 5.275 1.61352
 5.3 1.61919
 5.325 1.62485
 5.35 1.63051
 5.375 1.63616
 5.4 1.64181
 5.425 1.64745
 5.45 1.65309
 5.475 1.65873
 5.5 1.66436
 5.525 1.66999
 5.55 1.67562
 5.575 1.68124
 5.6 1.68686
 5.625 1.69248
 5.65 1.69809
 5.675 1.7037
 5.7 1.7093
 5.725 1.7149
 5.75 1.7205
 5.775 1.72609
 5.8 1.73169
 5.825 1.73727
 5.85 1.74286
 5.875 1.74844
 5.9 1.75402
 5.925 1.75959
 5.95 1.76517
 5.975 1.77073
 6 1.7763
 6.025 1.78186
 6.05 1.78742
 6.075 1.79298
 6.1 1.79854
 6.125 1.80409
 6.15 1.80964
 6.175 1.81519
 6.2 1.82073
 6.225 1.82628
 6.25 1.83182
 6.275 1.83736
 6.3 1.8429
 6.325 1.84843
 6.35 1.85397
 6.375 1.8595
 6.4 1.86503
 6.425 1.87056
 6.45 1.87609
 6.475 1.88161
 6.5 1.88714
 6.525 1.89266
 6.55 1.89818
 6.575 1.9037
 6.6 1.90922
 6.625 1.91473
 6.65 1.92025
 6.675 1.92576
 6.7 1.93127
 6.725 1.93679
 6.75 1.9423
 6.775 1.9478
 6.8 1.95331
 6.825 1.95882
 6.85 1.96432
 6.875 1.96982
 6.9 1.97533
 6.925 1.98083
 6.95 1.98633
 6.975 1.99183
 7 1.99732
 7.025 2.00282
 7.05 2.00832
 7.075 2.01381
 7.1 2.01931
 7.125 2.0248
 7.15 2.0303
 7.175 2.03579
 7.2 2.04129
 7.225 2.04678
 7.25 2.05227
 7.275 2.05777
 7.3 2.06326
 7.325 2.06876
 7.35 2.07425
 7.375 2.07975
 7.4 2.08524
 7.425 2.09074
 7.45 2.09623
 7.475 2.10172
 7.5 2.10722
 7.525 2.11271
 7.55 2.11821
 7.575 2.1237
 7.6 2.1292
 7.625 2.1347
 7.65 2.14019
 7.675 2.14569
 7.7 2.15118
 7.725 2.15668
 7.75 2.16218
 7.775 2.16767
 7.8 2.17317
 7.825 2.17867
 7.85 2.18417
 7.875 2.18967
 7.9 2.19517
 7.925 2.20067
 7.95 2.20617
 7.975 2.21167
 8 2.21717
 8.025 2.22267
 8.05 2.22818
 8.075 2.23369
 8.1 2.23919
 8.125 2.2447
 8.15 2.25021
 8.175 2.25572
 8.2 2.26124
 8.225 2.26675
 8.25 2.27227
 8.275 2.27779
 8.3 2.28331
 8.325 2.28883
 8.35 2.29435
 8.375 2.29987
 8.4 2.3054
 8.425 2.31092
 8.45 2.31645
 8.475 2.32198
 8.5 2.32751
 8.525 2.33305
 8.55 2.33858
 8.575 2.34412
 8.6 2.34966
 8.625 2.3552
 8.65 2.36074
 8.675 2.36628
 8.7 2.37183
 8.725 2.37737
 8.75 2.38292
 8.775 2.38847
 8.8 2.39402
 8.825 2.39958
 8.85 2.40513
 8.875 2.41069
 8.9 2.41625
 8.925 2.42181
 8.95 2.42738
 8.975 2.43295
 9 2.43852
 9.025 2.44409
 9.05 2.44967
 9.075 2.45525
 9.1 2.46083
 9.125 2.46641
 9.15 2.472
 9.175 2.47759
 9.2 2.48318
 9.225 2.48878
 9.25 2.49438
 9.275 2.49998
 9.3 2.50558
 9.325 2.51119
 9.35 2.5168
 9.375 2.52242
 9.4 2.52803
 9.425 2.53365
 9.45 2.53927
 9.475 2.5449
 9.5 2.55052
 9.525 2.55616
 9.55 2.56179
 9.575 2.56743
 9.6 2.57306
 9.625 2.57871
 9.65 2.58435
 9.675 2.59
 9.7 2.59565
 9.725 2.60131
 9.75 2.60697
 9.775 2.61263
 9.8 2.61829
 9.825 2.62396
 9.85 2.62964
 9.875 2.63531
 9.9 2.64099
 9.925 2.64668
 9.95 2.65237
 9.975 2.65806
 10 2.66376
 10.025 2.66946
 10.05 2.67517
 10.075 2.68088
 10.1 2.68659
 10.125 2.69231
 10.15 2.69803
 10.175 2.70376
 10.2 2.70949
 10.225 2.71523
 10.25 2.72097
 10.275 2.72671
 10.3 2.73246
 10.325 2.73821
 10.35 2.74396
 10.375 2.74972
 10.4 2.75549
 10.425 2.76126
 10.45 2.76703
 10.475 2.77281
 10.5 2.77859
 10.525 2.78437
 10.55 2.79016
 10.575 2.79596
 10.6 2.80176
 10.625 2.80756
 10.65 2.81337
 10.675 2.81918
 10.7 2.825
 10.725 2.83082
 10.75 2.83665
 10.775 2.84248
 10.8 2.84832
 10.825 2.85417
 10.85 2.86002
 10.875 2.86588
 10.9 2.87174
 10.925 2.8776
 10.95 2.88348
 10.975 2.88935
 11 2.89524
 11.025 2.90113
 11.05 2.90702
 11.075 2.91292
 11.1 2.91883
 11.125 2.92474
 11.15 2.93065
 11.175 2.93657
 11.2 2.9425
 11.225 2.94843
 11.25 2.95437
 11.275 2.96032
 11.3 2.96627
 11.325 2.97222
 11.35 2.97818
 11.375 2.98415
 11.4 2.99012
 11.425 2.9961
 11.45 3.00208
 11.475 3.00807
 11.5 3.01406
 11.525 3.02007
 11.55 3.02607
 11.575 3.03209
 11.6 3.03811
 11.625 3.04414
 11.65 3.05017
 11.675 3.05622
 11.7 3.06227
 11.725 3.06832
 11.75 3.07439
 11.775 3.08045
 11.8 3.08653
 11.825 3.09262
 11.85 3.09871
 11.875 3.1048
 11.9 3.11091
 11.925 3.11702
 11.95 3.12314
 11.975 3.12926
 12 3.13539
 12.025 3.14153
 12.05 3.14768
 12.075 3.15383
 12.1 3.15999
 12.125 3.16616
 12.15 3.17233
 12.175 3.17851
 12.2 3.1847
 12.225 3.1909
 12.25 3.1971
 12.275 3.20331
 12.3 3.20952
 12.325 3.21575
 12.35 3.22198
 12.375 3.22822
 12.4 3.23447
 12.425 3.24073
 12.45 3.24699
 12.475 3.25327
 12.5 3.25955
 12.525 3.26584
 12.55 3.27214
 12.575 3.27845
 12.6 3.28476
 12.625 3.29109
 12.65 3.29742
 12.675 3.30376
 12.7 3.31011
 12.725 3.31647
 12.75 3.32284
 12.775 3.32921
 12.8 3.3356
 12.825 3.34199
 12.85 3.34839
 12.875 3.3548
 12.9 3.36122
 12.925 3.36765
 12.95 3.37408
 12.975 3.38053
 13 3.38698
 13.025 3.39344
 13.05 3.39991
 13.075 3.40639
 13.1 3.41288
 13.125 3.41938
 13.15 3.42588
 13.175 3.4324
 13.2 3.43893
 13.225 3.44547
 13.25 3.45201
 13.275 3.45857
 13.3 3.46514
 13.325 3.47172
 13.35 3.47831
 13.375 3.48491
 13.4 3.49151
 13.425 3.49813
 13.45 3.50476
 13.475 3.5114
 13.5 3.51805
 13.525 3.52471
 13.55 3.53139
 13.575 3.53807
 13.6 3.54476
 13.625 3.55146
 13.65 3.55817
 13.675 3.5649
 13.7 3.57163
 13.725 3.57837
 13.75 3.58513
 13.775 3.59189
 13.8 3.59867
 13.825 3.60545
 13.85 3.61225
 13.875 3.61906
 13.9 3.62588
 13.925 3.63271
 13.95 3.63956
 13.975 3.64641
 14 3.65328
 14.025 3.66016
 14.05 3.66705
 14.075 3.67396
 14.1 3.68087
 14.125 3.6878
 14.15 3.69475
 14.175 3.7017
 14.2 3.70867
 14.225 3.71564
 14.25 3.72264
 14.275 3.72964
 14.3 3.73666
 14.325 3.74368
 14.35 3.75073
 14.375 3.75778
 14.4 3.76485
 14.425 3.77192
 14.45 3.77902
 14.475 3.78612
 14.5 3.79324
 14.525 3.80037
 14.55 3.80751
 14.575 3.81466
 14.6 3.82183
 14.625 3.82902
 14.65 3.83621
 14.675 3.84342
 14.7 3.85065
 14.725 3.85789
 14.75 3.86515
 14.775 3.87241
 14.8 3.8797
 14.825 3.887
 14.85 3.89431
 14.875 3.90164
 14.9 3.90898
 14.925 3.91634
 14.95 3.92371
 14.975 3.9311
 15 3.9385
 15.025 3.94592
 15.05 3.95335
 15.075 3.9608
 15.1 3.96827
 15.125 3.97574
 15.15 3.98324
 15.175 3.99074
 15.2 3.99827
 15.225 4.00581
 15.25 4.01336
 15.275 4.02093
 15.3 4.02852
 15.325 4.03612
 15.35 4.04374
 15.375 4.05138
 15.4 4.05903
 15.425 4.0667
 15.45 4.07439
 15.475 4.0821
 15.5 4.08982
 15.525 4.09757
 15.55 4.10532
 15.575 4.1131
 15.6 4.1209
 15.625 4.12871
 15.65 4.13654
 15.675 4.14439
 15.7 4.15225
 15.725 4.16014
 15.75 4.16804
 15.775 4.17596
 15.8 4.1839
 15.825 4.19185
 15.85 4.19983
 15.875 4.20782
 15.9 4.21583
 15.925 4.22386
 15.95 4.23191
 15.975 4.23998
 16 4.24807
 16.025 4.25618
 16.05 4.26431
 16.075 4.27246
 16.1 4.28063
 16.125 4.28883
 16.15 4.29704
 16.175 4.30527
 16.2 4.31353
 16.225 4.32181
 16.25 4.3301
 16.275 4.33842
 16.3 4.34676
 16.325 4.35512
 16.35 4.36351
 16.375 4.37191
 16.4 4.38033
 16.425 4.38878
 16.45 4.39725
 16.475 4.40574
 16.5 4.41425
 16.525 4.42279
 16.55 4.43135
 16.575 4.43993
 16.6 4.44853
 16.625 4.45716
 16.65 4.46582
 16.675 4.4745
 16.7 4.4832
 16.725 4.49193
 16.75 4.50068
 16.775 4.50945
 16.8 4.51826
 16.825 4.52708
 16.85 4.53594
 16.875 4.54481
 16.9 4.55371
 16.925 4.56264
 16.95 4.5716
 16.975 4.58057
 17 4.58958
 17.025 4.59861
 17.05 4.60766
 17.075 4.61675
 17.1 4.62586
 17.125 4.63499
 17.15 4.64416
 17.175 4.65335
 17.2 4.66257
 17.225 4.67183
 17.25 4.68111
 17.275 4.69041
 17.3 4.69975
 17.325 4.70912
 17.35 4.71852
 17.375 4.72794
 17.4 4.7374
 17.425 4.74689
 17.45 4.7564
 17.475 4.76595
 17.5 4.77553
 17.525 4.78513
 17.55 4.79477
 17.575 4.80444
 17.6 4.81414
 17.625 4.82387
 17.65 4.83364
 17.675 4.84343
 17.7 4.85326
 17.725 4.86313
 17.75 4.87303
 17.775 4.88296
 17.8 4.89293
 17.825 4.90293
 17.85 4.91297
 17.875 4.92304
 17.9 4.93315
 17.925 4.94329
 17.95 4.95347
 17.975 4.96368
 18 4.97393
 18.025 4.98422
 18.05 4.99454
 18.075 5.0049
 18.1 5.01529
 18.125 5.02573
 18.15 5.0362
 18.175 5.04671
 18.2 5.05726
 18.225 5.06786
 18.25 5.07849
 18.275 5.08916
 18.3 5.09987
 18.325 5.11063
 18.35 5.12142
 18.375 5.13226
 18.4 5.14314
 18.425 5.15406
 18.45 5.16503
 18.475 5.17604
 18.5 5.18709
 18.525 5.19818
 18.55 5.20932
 18.575 5.2205
 18.6 5.23172
 18.625 5.243
 18.65 5.25432
 18.675 5.26568
 18.7 5.2771
 18.725 5.28856
 18.75 5.30007
 18.775 5.31163
 18.8 5.32324
 18.825 5.3349
 18.85 5.34661
 18.875 5.35837
 18.9 5.37018
 18.925 5.38204
 18.95 5.39395
 18.975 5.40591
 19 5.41792
 19.025 5.42999
 19.05 5.44211
 19.075 5.45429
 19.1 5.46652
 19.125 5.47881
 19.15 5.49116
 19.175 5.50356
 19.2 5.51603
 19.225 5.52855
 19.25 5.54113
 19.275 5.55377
 19.3 5.56646
 19.325 5.57922
 19.35 5.59204
 19.375 5.60492
 19.4 5.61786
 19.425 5.63086
 19.45 5.64393
 19.475 5.65707
 19.5 5.67027
 19.525 5.68354
 19.55 5.69687
 19.575 5.71028
 19.6 5.72375
 19.625 5.73729
 19.65 5.7509
 19.675 5.76458
 19.7 5.77834
 19.725 5.79216
 19.75 5.80606
 19.775 5.82003
 19.8 5.83407
 19.825 5.84819
 19.85 5.86239
 19.875 5.87667
 19.9 5.89103
 19.925 5.90546
 19.95 5.91998
 19.975 5.93458
 20 5.94927
 20.025 5.96403
 20.05 5.97888
 20.075 5.99382
 20.1 6.00884
 20.125 6.02395
 20.15 6.03914
 20.175 6.05443
 20.2 6.06981
 20.225 6.08528
 20.25 6.10085
 20.275 6.11652
 20.3 6.13228
 20.325 6.14813
 20.35 6.16409
 20.375 6.18014
 20.4 6.1963
 20.425 6.21256
 20.45 6.22891
 20.475 6.24538
 20.5 6.26195
 20.525 6.27864
 20.55 6.29543
 20.575 6.31234
 20.6 6.32936
 20.625 6.34649
 20.65 6.36375
 20.675 6.38111
 20.7 6.3986
 20.725 6.41621
 20.75 6.43394
 20.775 6.45179
 20.8 6.46977
 20.825 6.48789
 20.85 6.50613
 20.875 6.52451
 20.9 6.54302
 20.925 6.56167
 20.95 6.58046
 20.975 6.59939
 21 6.61846
 21.025 6.63767
 21.05 6.65704
 21.075 6.67655
 21.1 6.69622
 21.125 6.71604
 21.15 6.73602
 21.175 6.75617
 21.2 6.77647
 21.225 6.79694
 21.25 6.81758
 21.275 6.83838
 21.3 6.85936
 21.325 6.88052
 21.35 6.90186
 21.375 6.92339
 21.4 6.9451
 21.425 6.967
 21.45 6.98909
 21.475 7.01138
 21.5 7.03387
 21.525 7.05656
 21.55 7.07946
 21.575 7.10257
 21.6 7.1259
 21.625 7.14945
 21.65 7.17322
 21.675 7.19722
 21.7 7.22145
 21.725 7.24591
 21.75 7.27062
 21.775 7.29558
 21.8 7.32078
 21.825 7.34625
 21.85 7.37197
 21.875 7.39796
 21.9 7.42423
 21.925 7.45076
 21.95 7.47759
 21.975 7.5047
 22 7.53211
 22.025 7.55983
 22.05 7.58785
 22.075 7.61619
 22.1 7.64485
 22.125 7.67384
 22.15 7.70317
 22.175 7.73285
 22.2 7.76288
 22.225 7.79327
 22.25 7.82403
 22.275 7.85517
 22.3 7.8867
 22.325 7.91863
 22.35 7.95096
 22.375 7.98372
 22.4 8.0169
 22.425 8.05052
 22.45 8.08459
 22.475 8.11912
 22.5 8.15413
 22.525 8.18963
 22.55 8.22562
 22.575 8.26213
 22.6 8.29917
 22.625 8.33675
 22.65 8.37489
 22.675 8.41361
 22.7 8.45291
 22.725 8.49282
 22.75 8.53336
 22.775 8.57455
 22.8 8.6164
 22.825 8.65893
 22.85 8.70217
 22.875 8.74615
 22.9 8.79087
 22.925 8.83637
 22.95 8.88267
 22.975 8.92981
 23 8.9778
 23.025 9.02668
 23.05 9.07647
 23.075 9.12722
 23.1 9.17896
 23.125 9.23171
 23.15 9.28552
 23.175 9.34044
 23.2 9.39649
 23.225 9.45373
 23.25 9.5122
 23.275 9.57195
 23.3 9.63304
 23.325 9.69552
 23.35 9.75944
 23.375 9.82488
 23.4 9.8919
 23.425 9.96056
 23.45 10.031
 23.475 10.1031
 23.5 10.1772
 23.525 10.2533
 23.55 10.3314
 23.575 10.4117
 23.6 10.4943
 23.625 10.5793
 23.65 10.6669
 23.675 10.7571
 23.7 10.8502
 23.725 10.9462
 23.75 11.0455
 23.775 11.148
 23.8 11.2541
 23.825 11.364
 23.85 11.478
 23.875 11.5962
 23.9 11.719
 23.925 11.8466
 23.95 11.9796
 23.975 12.1181
 24 12.2627
 24.025 12.4138
 24.05 12.5719
 24.075 12.7377
 24.1 12.9117
 24.125 13.0948
 24.15 13.2876
 24.175 13.4912
 24.2 13.7065
 24.225 13.9348
 24.25 14.1773
 24.275 14.4357
 24.3 14.7118
 24.325 15.0075
 24.35 15.3253
 24.375 15.668
 24.4 16.0389
 24.425 16.4418
 24.45 16.8815
 24.475 17.3635
 24.5 17.8945
 24.525 18.4826
 24.55 19.1377
 24.575 19.8722
 24.6 20.701
 24.625 21.643
 24.65 22.7216
 24.675 23.9659
 24.7 25.4116
 24.725 27.1024
 24.75 29.0892
 24.775 31.4269
 24.8 34.1654
 24.825 37.3301
 24.85 40.8906
 24.875 44.735
 24.9 48.6806
 24.925 52.5245
 24.95 56.0924
 24.975 59.2658
 25 61.9854
 25.025 64.2395
 25.05 66.0476
 25.075 67.444
 25.1 68.4687
 25.125 69.161
 25.15 69.558
 25.175 69.6936
 25.2 69.599
 25.225 69.3027
 25.25 68.8313
 25.275 68.2093
 25.3 67.4594
 25.325 66.6025
 25.35 65.658
 25.375 64.6435
 25.4 63.5755
 25.425 62.4685
 25.45 61.3361
 25.475 60.1904
 25.5 59.0422
 25.525 57.901
 25.55 56.7751
 25.575 55.6712
 25.6 54.595
 25.625 53.5506
 25.65 52.541
 25.675 51.5681
 25.7 50.6327
 25.725 49.7348
 25.75 48.8737
 25.775 48.0484
 25.8 47.2573
 25.825 46.4988
 25.85 45.7707
 25.875 45.0709
 25.9 44.3971
 25.925 43.7472
 25.95 43.119
 25.975 42.5105
 26 41.9198
 26.025 41.3451
 26.05 40.785
 26.075 40.2381
 26.1 39.7032
 26.125 39.1794
 26.15 38.6656
 26.175 38.1613
 26.2 37.6657
 26.225 37.1784
 26.25 36.6988
 26.275 36.2267
 26.3 35.7617
 26.325 35.3037
 26.35 34.8524
 26.375 34.4076
 26.4 33.9693
 26.425 33.5374
 26.45 33.1117
 26.475 32.6922
 26.5 32.2789
 26.525 31.8717
 26.55 31.4705
 26.575 31.0754
 26.6 30.6862
 26.625 30.3029
 26.65 29.9254
 26.675 29.5538
 26.7 29.1879
 26.725 28.8278
 26.75 28.4732
 26.775 28.1243
 26.8 27.7808
 26.825 27.4428
 26.85 27.1102
 26.875 26.7828
 26.9 26.4607
 26.925 26.1437
 26.95 25.8318
 26.975 25.525
 27 25.223
 27.025 24.926
 27.05 24.6337
 27.075 24.3462
 27.1 24.0633
 27.125 23.785
 27.15 23.5113
 27.175 23.2421
 27.2 22.9772
 27.225 22.7167
 27.25 22.4606
 27.275 22.2086
 27.3 21.9609
 27.325 21.7173
 27.35 21.4778
 27.375 21.2424
 27.4 21.0109
 27.425 20.7835
 27.45 20.5599
 27.475 20.3403
 27.5 20.1245
 27.525 19.9125
 27.55 19.7042
 27.575 19.4997
 27.6 19.2989
 27.625 19.1018
 27.65 18.9083
 27.675 18.7184
 27.7 18.532
 27.725 18.3492
 27.75 18.1699
 27.775 17.994
 27.8 17.8216
 27.825 17.6526
 27.85 17.4869
 27.875 17.3246
 27.9 17.1656
 27.925 17.0098
 27.95 16.8573
 27.975 16.7079
 28 16.5618
 28.025 16.4187
 28.05 16.2788
 28.075 16.1419
 28.1 16.0081
 28.125 15.8772
 28.15 15.7493
 28.175 15.6243
 28.2 15.5022
 28.225 15.383
 28.25 15.2666
 28.275 15.1529
 28.3 15.042
 28.325 14.9338
 28.35 14.8283
 28.375 14.7254
 28.4 14.6251
 28.425 14.5274
 28.45 14.4322
 28.475 14.3396
 28.5 14.2494
 28.525 14.1616
 28.55 14.0763
 28.575 13.9933
 28.6 13.9127
 28.625 13.8345
 28.65 13.7585
 28.675 13.6847
 28.7 13.6133
 28.725 13.544
 28.75 13.4769
 28.775 13.412
 28.8 13.3492
 28.825 13.2886
 28.85 13.23
 28.875 13.1736
 28.9 13.1192
 28.925 13.0668
 28.95 13.0165
 28.975 12.9682
 29 12.9219
 29.025 12.8775
 29.05 12.8352
 29.075 12.7948
 29.1 12.7564
 29.125 12.7199
 29.15 12.6854
 29.175 12.6528
 29.2 12.6222
 29.225 12.5935
 29.25 12.5667
 29.275 12.5419
 29.3 12.519
 29.325 12.498
 29.35 12.479
 29.375 12.4619
 29.4 12.4467
 29.425 12.4336
 29.45 12.4224
 29.475 12.4132
 29.5 12.406
 29.525 12.4008
 29.55 12.3976
 29.575 12.3965
 29.6 12.3975
 29.625 12.4005
 29.65 12.4057
 29.675 12.413
 29.7 12.4224
 29.725 12.4341
 29.75 12.4479
 29.775 12.4641
 29.8 12.4825
 29.825 12.5033
 29.85 12.5264
 29.875 12.552
 29.9 12.58
 29.925 12.6105
 29.95 12.6436
 29.975 12.6792
 30 12.7176
 30.025 12.7586
 30.05 12.8025
 30.075 12.8491
 30.1 12.8987
 30.125 12.9513
 30.15 13.007
 30.175 13.0658
 30.2 13.1278
 30.225 13.1932
 30.25 13.262
 30.275 13.3344
 30.3 13.4104
 30.325 13.4902
 30.35 13.5739
 30.375 13.6616
 30.4 13.7535
 30.425 13.8498
 30.45 13.9506
 30.475 14.0561
 30.5 14.1665
 30.525 14.2821
 30.55 14.403
 30.575 14.5294
 30.6 14.6618
 30.625 14.8003
 30.65 14.9452
 30.675 15.097
 30.7 15.256
 30.725 15.4225
 30.75 15.5971
 30.775 15.7803
 30.8 15.9724
 30.825 16.1742
 30.85 16.3863
 30.875 16.6094
 30.9 16.8443
 30.925 17.0918
 30.95 17.353
 30.975 17.6288
 31 17.9206
 31.025 18.2296
 31.05 18.5573
 31.075 18.9055
 31.1 19.2761
 31.125 19.6711
 31.15 20.093
 31.175 20.5445
 31.2 21.0286
 31.225 21.549
 31.25 22.1093
 31.275 22.7141
 31.3 23.3683
 31.325 24.0774
 31.35 24.8475
 31.375 25.6851
 31.4 26.5974
 31.425 27.5915
 31.45 28.6747
 31.475 29.8532
 31.5 31.1318
 31.525 32.5119
 31.55 33.9904
 31.575 35.5569
 31.6 37.1924
 31.625 38.8678
 31.65 40.5449
 31.675 42.1792
 31.7 43.7254
 31.725 45.142
 31.75 46.3959
 31.775 47.4641
 31.8 48.3341
 31.825 49.0025
 31.85 49.4731
 31.875 49.7553
 31.9 49.8619
 31.925 49.8079
 31.95 49.6091
 31.975 49.2818
 32 48.8418
 32.025 48.3046
 32.05 47.6847
 32.075 46.9956
 32.1 46.2501
 32.125 45.4598
 32.15 44.6353
 32.175 43.7864
 32.2 42.9217
 32.225 42.0488
 32.25 41.1745
 32.275 40.3045
 32.3 39.4437
 32.325 38.5961
 32.35 37.765
 32.375 36.953
 32.4 36.1619
 32.425 35.3931
 32.45 34.6475
 32.475 33.9258
 32.5 33.2279
 32.525 32.554
 32.55 31.9037
 32.575 31.2767
 32.6 30.6723
 32.625 30.09
 32.65 29.5292
 32.675 28.9891
 32.7 28.4691
 32.725 27.9683
 32.75 27.4862
 32.775 27.022
 32.8 26.5751
 32.825 26.1449
 32.85 25.7308
 32.875 25.3321
 32.9 24.9485
 32.925 24.5792
 32.95 24.2239
 32.975 23.8822
 33 23.5535
 33.025 23.2374
 33.05 22.9336
 33.075 22.6418
 33.1 22.3614
 33.125 22.0924
 33.15 21.8342
 33.175 21.5867
 33.2 21.3494
 33.225 21.1223
 33.25 20.905
 33.275 20.6972
 33.3 20.4988
 33.325 20.3094
 33.35 20.129
 33.375 19.9572
 33.4 19.794
 33.425 19.639
 33.45 19.4922
 33.475 19.3533
 33.5 19.2222
 33.525 19.0987
 33.55 18.9827
 33.575 18.874
 33.6 18.7726
 33.625 18.6782
 33.65 18.5908
 33.675 18.5102
 33.7 18.4363
 33.725 18.3691
 33.75 18.3083
 33.775 18.254
 33.8 18.2061
 33.825 18.1643
 33.85 18.1288
 33.875 18.0993
 33.9 18.0759
 33.925 18.0585
 33.95 18.047
 33.975 18.0414
 34 18.0416
 34.025 18.0476
 34.05 18.0594
 34.075 18.0769
 34.1 18.1002
 34.125 18.1292
 34.15 18.1639
 34.175 18.2043
 34.2 18.2504
 34.225 18.3023
 34.25 18.36
 34.275 18.4235
 34.3 18.4929
 34.325 18.5681
 34.35 18.6494
 34.375 18.7366
 34.4 18.83
 34.425 18.9297
 34.45 19.0356
 34.475 19.148
 34.5 19.2669
 34.525 19.3926
 34.55 19.5251
 34.575 19.6647
 34.6 19.8115
 34.625 19.9657
 34.65 20.1276
 34.675 20.2974
 34.7 20.4754
 34.725 20.6619
 34.75 20.8571
 34.775 21.0615
 34.8 21.2753
 34.825 21.499
 34.85 21.7329
 34.875 21.9776
 34.9 22.2334
 34.925 22.5009
 34.95 22.7806
 34.975 23.0732
 35 23.379
 35.025 23.6988
 35.05 24.0333
 35.075 24.3829
 35.1 24.7485
 35.125 25.1306
 35.15 25.5299
 35.175 25.947
 35.2 26.3825
 35.225 26.8368
 35.25 27.3104
 35.275 27.8035
 35.3 28.3161
 35.325 28.8481
 35.35 29.399
 35.375 29.9679
 35.4 30.5536
 35.425 31.1542
 35.45 31.7674
 35.475 32.3902
 35.5 33.0188
 35.525 33.649
 35.55 34.2756
 35.575 34.893
 35.6 35.495
 35.625 36.0752
 35.65 36.627
 35.675 37.144
 35.7 37.6202
 35.725 38.0501
 35.75 38.4291
 35.775 38.7538
 35.8 39.0215
 35.825 39.2308
 35.85 39.3814
 35.875 39.4738
 35.9 39.5096
 35.925 39.491
 35.95 39.4209
 35.975 39.3025
 36 39.1395
 36.025 38.9357
 36.05 38.6952
 36.075 38.4217
 36.1 38.1193
 36.125 37.7917
 36.15 37.4425
 36.175 37.0751
 36.2 36.6925
 36.225 36.2978
 36.25 35.8937
 36.275 35.4824
 36.3 35.0663
 36.325 34.6472
 36.35 34.2269
 36.375 33.8069
 36.4 33.3885
 36.425 32.9728
 36.45 32.561
 36.475 32.1537
 36.5 31.7517
 36.525 31.3557
 36.55 30.9661
 36.575 30.5833
 36.6 30.2077
 36.625 29.8395
 36.65 29.4789
 36.675 29.1262
 36.7 28.7813
 36.725 28.4443
 36.75 28.1154
 36.775 27.7945
 36.8 27.4815
 36.825 27.1766
 36.85 26.8795
 36.875 26.5903
 36.9 26.3089
 36.925 26.0351
 36.95 25.769
 36.975 25.5104
 37 25.2592
 37.025 25.0153
 37.05 24.7786
 37.075 24.549
 37.1 24.3263
 37.125 24.1105
 37.15 23.9015
 37.175 23.6992
 37.2 23.5034
 37.225 23.3141
 37.25 23.1311
 37.275 22.9544
 37.3 22.7839
 37.325 22.6195
 37.35 22.461
 37.375 22.3084
 37.4 22.1617
 37.425 22.0206
 37.45 21.8852
 37.475 21.7554
 37.5 21.631
 37.525 21.512
 37.55 21.3983
 37.575 21.2899
 37.6 21.1866
 37.625 21.0885
 37.65 20.9953
 37.675 20.9071
 37.7 20.8238
 37.725 20.7454
 37.75 20.6717
 37.775 20.6027
 37.8 20.5384
 37.825 20.4787
 37.85 20.4235
 37.875 20.3729
 37.9 20.3268
 37.925 20.2851
 37.95 20.2478
 37.975 20.2148
 38 20.1862
 38.025 20.162
 38.05 20.142
 38.075 20.1263
 38.1 20.1148
 38.125 20.1076
 38.15 20.1047
 38.175 20.106
 38.2 20.1115
 38.225 20.1213
 38.25 20.1354
 38.275 20.1538
 38.3 20.1764
 38.325 20.2034
 38.35 20.2348
 38.375 20.2706
 38.4 20.3108
 38.425 20.3556
 38.45 20.4049
 38.475 20.4589
 38.5 20.5176
 38.525 20.581
 38.55 20.6493
 38.575 20.7227
 38.6 20.8011
 38.625 20.8847
 38.65 20.9736
 38.675 21.068
 38.7 21.168
 38.725 21.2738
 38.75 21.3855
 38.775 21.5033
 38.8 21.6275
 38.825 21.7582
 38.85 21.8957
 38.875 22.0402
 38.9 22.192
 38.925 22.3513
 38.95 22.5185
 38.975 22.6938
 39 22.8775
 39.025 23.0701
 39.05 23.2719
 39.075 23.4832
 39.1 23.7045
 39.125 23.9363
 39.15 24.1788
 39.175 24.4326
 39.2 24.6981
 39.225 24.9758
 39.25 25.2662
 39.275 25.5697
 39.3 25.8868
 39.325 26.2179
 39.35 26.5634
 39.375 26.9237
 39.4 27.299
 39.425 27.6897
 39.45 28.0957
 39.475 28.517
 39.5 28.9534
 39.525 29.4046
 39.55 29.8698
 39.575 30.3481
 39.6 30.8382
 39.625 31.3385
 39.65 31.8471
 39.675 32.3613
 39.7 32.8783
 39.725 33.3949
 39.75 33.9072
 39.775 34.4111
 39.8 34.9023
 39.825 35.3761
 39.85 35.828
 39.875 36.2534
 39.9 36.6479
 39.925 37.0075
 39.95 37.3288
 39.975 37.6089
 40 37.8455
 40.025 38.037
 40.05 38.1826
 40.075 38.2821
 40.1 38.336
 40.125 38.3455
 40.15 38.3119
 40.175 38.2373
 40.2 38.124
 40.225 37.9746
 40.25 37.7917
 40.275 37.5781
 40.3 37.3368
 40.325 37.0706
 40.35 36.7823
 40.375 36.4745
 40.4 36.1498
 40.425 35.8108
 40.45 35.4597
 40.475 35.0985
 40.5 34.7293
 40.525 34.3539
 40.55 33.9738
 40.575 33.5906
 40.6 33.2055
 40.625 32.8197
 40.65 32.4343
 40.675 32.0502
 40.7 31.6681
 40.725 31.2888
 40.75 30.9129
 40.775 30.5408
 40.8 30.173
 40.825 29.81
 40.85 29.452
 40.875 29.0992
 40.9 28.7519
 40.925 28.4102
 40.95 28.0744
 40.975 27.7444
 41 27.4205
 41.025 27.1025
 41.05 26.7907
 41.075 26.4849
 41.1 26.1853
 41.125 25.8917
 41.15 25.6042
 41.175 25.3228
 41.2 25.0474
 41.225 24.778
 41.25 24.5146
 41.275 24.2571
 41.3 24.0054
 41.325 23.7595
 41.35 23.5194
 41.375 23.285
 41.4 23.0562
 41.425 22.833
 41.45 22.6154
 41.475 22.4033
 41.5 22.1965
 41.525 21.9952
 41.55 21.7991
 41.575 21.6083
 41.6 21.4227
 41.625 21.2423
 41.65 21.0669
 41.675 20.8966
 41.7 20.7313
 41.725 20.5708
 41.75 20.4153
 41.775 20.2646
 41.8 20.1187
 41.825 19.9775
 41.85 19.8409
 41.875 19.709
 41.9 19.5816
 41.925 19.4588
 41.95 19.3404
 41.975 19.2264
 42 19.1169
 42.025 19.0116
 42.05 18.9107
 42.075 18.8139
 42.1 18.7214
 42.125 18.633
 42.15 18.5488
 42.175 18.4686
 42.2 18.3924
 42.225 18.3203
 42.25 18.2521
 42.275 18.1878
 42.3 18.1275
 42.325 18.071
 42.35 18.0183
 42.375 17.9695
 42.4 17.9244
 42.425 17.8831
 42.45 17.8455
 42.475 17.8117
 42.5 17.7816
 42.525 17.7551
 42.55 17.7324
 42.575 17.7133
 42.6 17.6979
 42.625 17.6862
 42.65 17.6781
 42.675 17.6738
 42.7 17.6731
 42.725 17.6761
 42.75 17.6828
 42.775 17.6933
 42.8 17.7075
 42.825 17.7255
 42.85 17.7474
 42.875 17.7731
 42.9 17.8027
 42.925 17.8363
 42.95 17.8739
 42.975 17.9156
 43 17.9615
 43.025 18.0116
 43.05 18.066
 43.075 18.1248
 43.1 18.1882
 43.125 18.2562
 43.15 18.3289
 43.175 18.4065
 43.2 18.4892
 43.225 18.577
 43.25 18.6702
 43.275 18.769
 43.3 18.8736
 43.325 18.9841
 43.35 19.1008
 43.375 19.2241
 43.4 19.3541
 43.425 19.4911
 43.45 19.6356
 43.475 19.7878
 43.5 19.9482
 43.525 20.1171
 43.55 20.2951
 43.575 20.4826
 43.6 20.6801
 43.625 20.8883
 43.65 21.1077
 43.675 21.3392
 43.7 21.5833
 43.725 21.8409
 43.75 22.1129
 43.775 22.4002
 43.8 22.7038
 43.825 23.0249
 43.85 23.3645
 43.875 23.724
 43.9 24.1046
 43.925 24.5078
 43.95 24.935
 43.975 25.3879
 44 25.8679
 44.025 26.3766
 44.05 26.9157
 44.075 27.4865
 44.1 28.0904
 44.125 28.7284
 44.15 29.4012
 44.175 30.1089
 44.2 30.8509
 44.225 31.6258
 44.25 32.4308
 44.275 33.2619
 44.3 34.1134
 44.325 34.9781
 44.35 35.8468
 44.375 36.709
 44.4 37.5527
 44.425 38.3653
 44.45 39.134
 44.475 39.8467
 44.5 40.4926
 44.525 41.0625
 44.55 41.5496
 44.575 41.9493
 44.6 42.2593
 44.625 42.4794
 44.65 42.6113
 44.675 42.6582
 44.7 42.6244
 44.725 42.5152
 44.75 42.3364
 44.775 42.0943
 44.8 41.7953
 44.825 41.4456
 44.85 41.0517
 44.875 40.6196
 44.9 40.1551
 44.925 39.6635
 44.95 39.15
 44.975 38.619
 45 38.0749
 45.025 37.5214
 45.05 36.9619
 45.075 36.3993
 45.1 35.8362
 45.125 35.2748
 45.15 34.717
 45.175 34.1644
 45.2 33.6183
 45.225 33.0797
 45.25 32.5495
 45.275 32.0285
 45.3 31.517
 45.325 31.0155
 45.35 30.5243
 45.375 30.0434
 45.4 29.5731
 45.425 29.1132
 45.45 28.6638
 45.475 28.2248
 45.5 27.7961
 45.525 27.3775
 45.55 26.9689
 45.575 26.57
 45.6 26.1808
 45.625 25.801
 45.65 25.4304
 45.675 25.0688
 45.7 24.716
 45.725 24.3719
 45.75 24.0362
 45.775 23.7088
 45.8 23.3895
 45.825 23.078
 45.85 22.7743
 45.875 22.4782
 45.9 22.1895
 45.925 21.9081
 45.95 21.6338
 45.975 21.3664
 46 21.106
 46.025 20.8522
 46.05 20.6051
 46.075 20.3644
 46.1 20.1301
 46.125 19.902
 46.15 19.6801
 46.175 19.4642
 46.2 19.2542
 46.225 19.0501
 46.25 18.8516
 46.275 18.6588
 46.3 18.4715
 46.325 18.2897
 46.35 18.1132
 46.375 17.942
 46.4 17.7759
 46.425 17.6149
 46.45 17.4589
 46.475 17.3078
 46.5 17.1616
 46.525 17.0201
 46.55 16.8832
 46.575 16.7509
 46.6 16.6232
 46.625 16.4998
 46.65 16.3808
 46.675 16.2661
 46.7 16.1556
 46.725 16.0492
 46.75 15.9468
 46.775 15.8484
 46.8 15.754
 46.825 15.6633
 46.85 15.5765
 46.875 15.4934
 46.9 15.4139
 46.925 15.338
 46.95 15.2656
 46.975 15.1967
 47 15.1312
 47.025 15.0691
 47.05 15.0103
 47.075 14.9547
 47.1 14.9023
 47.125 14.853
 47.15 14.8069
 47.175 14.7638
 47.2 14.7237
 47.225 14.6866
 47.25 14.6524
 47.275 14.6211
 47.3 14.5927
 47.325 14.5671
 47.35 14.5443
 47.375 14.5242
 47.4 14.5069
 47.425 14.4922
 47.45 14.4803
 47.475 14.471
 47.5 14.4644
 47.525 14.4604
 47.55 14.459
 47.575 14.4602
 47.6 14.464
 47.625 14.4704
 47.65 14.4793
 47.675 14.4909
 47.7 14.505
 47.725 14.5217
 47.75 14.5409
 47.775 14.5628
 47.8 14.5873
 47.825 14.6144
 47.85 14.6441
 47.875 14.6765
 47.9 14.7116
 47.925 14.7494
 47.95 14.7899
 47.975 14.8333
 48 14.8795
 48.025 14.9285
 48.05 14.9805
 48.075 15.0355
 48.1 15.0935
 48.125 15.1547
 48.15 15.219
 48.175 15.2866
 48.2 15.3576
 48.225 15.432
 48.25 15.51
 48.275 15.5917
 48.3 15.6772
 48.325 15.7667
 48.35 15.8602
 48.375 15.9579
 48.4 16.0601
 48.425 16.1669
 48.45 16.2785
 48.475 16.3951
 48.5 16.5169
 48.525 16.6443
 48.55 16.7775
 48.575 16.9167
 48.6 17.0625
 48.625 17.215
 48.65 17.3747
 48.675 17.542
 48.7 17.7174
 48.725 17.9015
 48.75 18.0948
 48.775 18.2979
 48.8 18.5115
 48.825 18.7363
 48.85 18.9733
 48.875 19.2232
 48.9 19.4872
 48.925 19.7664
 48.95 20.062
 48.975 20.3754
 49 20.7081
 49.025 21.0618
 49.05 21.4384
 49.075 21.84
 49.1 22.2689
 49.125 22.7277
 49.15 23.2192
 49.175 23.7466
 49.2 24.3131
 49.225 24.9226
 49.25 25.5789
 49.275 26.2862
 49.3 27.0488
 49.325 27.871
 49.35 28.7568
 49.375 29.7096
 49.4 30.7317
 49.425 31.8237
 49.45 32.9838
 49.475 34.2066
 49.5 35.4823
 49.525 36.7961
 49.55 38.1279
 49.575 39.4528
 49.6 40.7429
 49.625 41.9696
 49.65 43.106
 49.675 44.1291
 49.7 45.0215
 49.725 45.7716
 49.75 46.3736
 49.775 46.8268
 49.8 47.1343
 49.825 47.3025
 49.85 47.3398
 49.875 47.2559
 49.9 47.0615
 49.925 46.7677
 49.95 46.3853
 49.975 45.9252
 50 45.398
 50.025 44.8136
 50.05 44.1815
 50.075 43.5105
 50.1 42.8088
 50.125 42.0839
 50.15 41.3427
 50.175 40.5913
 50.2 39.8349
 50.225 39.0783
 50.25 38.3256
 50.275 37.5801
 50.3 36.8447
 50.325 36.1216
 50.35 35.4126
 50.375 34.719
 50.4 34.0419
 50.425 33.3819
 50.45 32.7394
 50.475 32.1146
 50.5 31.5075
 50.525 30.9178
 50.55 30.3455
 50.575 29.79
 50.6 29.251
 50.625 28.728
 50.65 28.2205
 50.675 27.728
 50.7 27.25
 50.725 26.7859
 50.75 26.3352
 50.775 25.8974
 50.8 25.472
 50.825 25.0585
 50.85 24.6564
 50.875 24.2654
 50.9 23.885
 50.925 23.5147
 50.95 23.1543
 50.975 22.8033
 51 22.4614
 51.025 22.1283
 51.05 21.8036
 51.075 21.4872
 51.1 21.1786
 51.125 20.8777
 51.15 20.5841
 51.175 20.2978
 51.2 20.0184
 51.225 19.7458
 51.25 19.4797
 51.275 19.22
 51.3 18.9665
 51.325 18.7189
 51.35 18.4773
 51.375 18.2414
 51.4 18.011
 51.425 17.786
 51.45 17.5663
 51.475 17.3518
 51.5 17.1423
 51.525 16.9377
 51.55 16.7379
 51.575 16.5427
 51.6 16.3521
 51.625 16.166
 51.65 15.9842
 51.675 15.8067
 51.7 15.6332
 51.725 15.4639
 51.75 15.2985
 51.775 15.1369
 51.8 14.9791
 51.825 14.825
 51.85 14.6745
 51.875 14.5274
 51.9 14.3838
 51.925 14.2436
 51.95 14.1065
 51.975 13.9727
 52 13.8419
 52.025 13.7142
 52.05 13.5894
 52.075 13.4675
 52.1 13.3484
 52.125 13.2321
 52.15 13.1184
 52.175 13.0073
 52.2 12.8987
 52.225 12.7926
 52.25 12.689
 52.275 12.5877
 52.3 12.4887
 52.325 12.3919
 52.35 12.2973
 52.375 12.2049
 52.4 12.1145
 52.425 12.0261
 52.45 11.9398
 52.475 11.8553
 52.5 11.7728
 52.525 11.6921
 52.55 11.6132
 52.575 11.536
 52.6 11.4606
 52.625 11.3868
 52.65 11.3147
 52.675 11.2442
 52.7 11.1752
 52.725 11.1078
 52.75 11.0418
 52.775 10.9774
 52.8 10.9143
 52.825 10.8527
 52.85 10.7924
 52.875 10.7335
 52.9 10.6759
 52.925 10.6195
 52.95 10.5645
 52.975 10.5107
 53 10.4581
 53.025 10.4067
 53.05 10.3564
 53.075 10.3073
 53.1 10.2594
 53.125 10.2125
 53.15 10.1668
 53.175 10.1221
 53.2 10.0785
 53.225 10.0359
 53.25 9.99429
 53.275 9.95372
 53.3 9.91413
 53.325 9.87553
 53.35 9.83788
 53.375 9.80117
 53.4 9.7654
 53.425 9.73054
 53.45 9.69659
 53.475 9.66354
 53.5 9.63136
 53.525 9.60006
 53.55 9.56962
 53.575 9.54002
 53.6 9.51127
 53.625 9.48334
 53.65 9.45624
 53.675 9.42994
 53.7 9.40444
 53.725 9.37974
 53.75 9.35581
 53.775 9.33267
 53.8 9.31029
 53.825 9.28867
 53.85 9.26781
 53.875 9.24769
 53.9 9.22831
 53.925 9.20966
 53.95 9.19173
 53.975 9.17452
 54 9.15802
 54.025 9.14223
 54.05 9.12714
 54.075 9.11275
 54.1 9.09905
 54.125 9.08604
 54.15 9.0737
 54.175 9.06204
 54.2 9.05105
 54.225 9.04072
 54.25 9.03106
 54.275 9.02205
 54.3 9.01369
 54.325 9.00598
 54.35 8.99892
 54.375 8.9925
 54.4 8.98671
 54.425 8.98156
 54.45 8.97704
 54.475 8.97315
 54.5 8.96989
 54.525 8.96725
 54.55 8.96523
 54.575 8.96383
 54.6 8.96305
 54.625 8.96288
 54.65 8.96333
 54.675 8.96438
 54.7 8.96604
 54.725 8.96831
 54.75 8.97119
 54.775 8.97467
 54.8 8.97875
 54.825 8.98343
 54.85 8.98872
 54.875 8.9946
 54.9 9.00109
 54.925 9.00817
 54.95 9.01585
 54.975 9.02414
 55 9.03302
 55.025 9.04251
 55.05 9.0526
 55.075 9.06329
 55.1 9.07459
 55.125 9.08649
 55.15 9.099
 55.175 9.11212
 55.2 9.12585
 55.225 9.14018
 55.25 9.15514
 55.275 9.1707
 55.3 9.18689
 55.325 9.20369
 55.35 9.22112
 55.375 9.23918
 55.4 9.25787
 55.425 9.2772
 55.45 9.29717
 55.475 9.31778
 55.5 9.33905
 55.525 9.36097
 55.55 9.38356
 55.575 9.40681
 55.6 9.43073
 55.625 9.45533
 55.65 9.48063
 55.675 9.50661
 55.7 9.53331
 55.725 9.56071
 55.75 9.58884
 55.775 9.61769
 55.8 9.64729
 55.825 9.67763
 55.85 9.70874
 55.875 9.74062
 55.9 9.77329
 55.925 9.80676
 55.95 9.84104
 55.975 9.87614
 56 9.91209
 56.025 9.94889
 56.05 9.98657
 56.075 10.0251
 56.1 10.0646
 56.125 10.105
 56.15 10.1464
 56.175 10.1887
 56.2 10.2321
 56.225 10.2764
 56.25 10.3218
 56.275 10.3683
 56.3 10.4158
 56.325 10.4645
 56.35 10.5144
 56.375 10.5654
 56.4 10.6177
 56.425 10.6712
 56.45 10.7261
 56.475 10.7823
 56.5 10.8398
 56.525 10.8989
 56.55 10.9594
 56.575 11.0214
 56.6 11.085
 56.625 11.1503
 56.65 11.2173
 56.675 11.286
 56.7 11.3567
 56.725 11.4292
 56.75 11.5037
 56.775 11.5804
 56.8 11.6592
 56.825 11.7403
 56.85 11.8238
 56.875 11.9098
 56.9 11.9984
 56.925 12.0897
 56.95 12.1839
 56.975 12.2812
 57 12.3816
 57.025 12.4855
 57.05 12.5929
 57.075 12.704
 57.1 12.8192
 57.125 12.9385
 57.15 13.0624
 57.175 13.1911
 57.2 13.3248
 57.225 13.464
 57.25 13.609
 57.275 13.7602
 57.3 13.9181
 57.325 14.0832
 57.35 14.256
 57.375 14.4373
 57.4 14.6275
 57.425 14.8276
 57.45 15.0384
 57.475 15.2609
 57.5 15.4961
 57.525 15.7452
 57.55 16.0098
 57.575 16.2913
 57.6 16.5917
 57.625 16.9129
 57.65 17.2573
 57.675 17.6278
 57.7 18.0276
 57.725 18.4604
 57.75 18.9305
 57.775 19.4432
 57.8 20.0045
 57.825 20.6215
 57.85 21.3028
 57.875 22.0584
 57.9 22.9003
 57.925 23.8426
 57.95 24.9019
 57.975 26.0975
 58 27.4511
 58.025 28.9864
 58.05 30.7269
 58.075 32.6929
 58.1 34.8946
 58.125 37.323
 58.15 39.9393
 58.175 42.6696
 58.2 45.4119
 58.225 48.0553
 58.25 50.5013
 58.275 52.6775
 58.3 54.5434
 58.325 56.0847
 58.35 57.3073
 58.375 58.2291
 58.4 58.8742
 58.425 59.2684
 58.45 59.4368
 58.475 59.4025
 58.5 59.1871
 58.525 58.8097
 58.55 58.2884
 58.575 57.6398
 58.6 56.8797
 58.625 56.0228
 58.65 55.0829
 58.675 54.0728
 58.7 53.0047
 58.725 51.89
 58.75 50.7394
 58.775 49.5629
 58.8 48.3704
 58.825 47.1713
 58.85 45.9745
 58.875 44.7874
 58.9 43.6167
 58.925 42.4681
 58.95 41.3464
 58.975 40.2555
 59 39.1982
 59.025 38.1769
 59.05 37.1932
 59.075 36.2478
 59.1 35.3414
 59.125 34.4739
 59.15 33.6449
 59.175 32.8539
 59.2 32.1002
 59.225 31.3828
 59.25 30.7006
 59.275 30.0525
 59.3 29.4374
 59.325 28.8538
 59.35 28.3005
 59.375 27.7759
 59.4 27.2786
 59.425 26.8071
 59.45 26.3596
 59.475 25.9348
 59.5 25.5308
 59.525 25.1462
 59.55 24.7795
 59.575 24.4291
 59.6 24.0936
 59.625 23.7716
 59.65 23.4619
 59.675 23.1634
 59.7 22.8748
 59.725 22.5952
 59.75 22.3236
 59.775 22.0593
 59.8 21.8015
 59.825 21.5495
 59.85 21.3027
 59.875 21.0605
 59.9 20.8225
 59.925 20.5883
 59.95 20.3576
 59.975 20.1299
 60 19.905
 60.025 19.6827
 60.05 19.4627
 60.075 19.2449
 60.1 19.0292
 60.125 18.8153
 60.15 18.6032
 60.175 18.3927
 60.2 18.1838
 60.225 17.9765
 60.25 17.7705
 60.275 17.566
 60.3 17.3628
 60.325 17.1609
 60.35 16.9603
 60.375 16.761
 60.4 16.5628
 60.425 16.3659
 60.45 16.1702
 60.475 15.9757
 60.5 15.7824
 60.525 15.5902
 60.55 15.3992
 60.575 15.2094
 60.6 15.0208
 60.625 14.8334
 60.65 14.6471
 60.675 14.462
 60.7 14.2782
 60.725 14.0955
 60.75 13.9141
 60.775 13.7339
 60.8 13.5549
 60.825 13.3771
 60.85 13.2006
 60.875 13.0254
 60.9 12.8514
 60.925 12.6787
 60.95 12.5074
 60.975 12.3373
 61 12.1685
 61.025 12.0011
 61.05 11.835
 61.075 11.6703
 61.1 11.507
 61.125 11.345
 61.15 11.1844
 61.175 11.0252
 61.2 10.8674
 61.225 10.711
 61.25 10.556
 61.275 10.4024
 61.3 10.2503
 61.325 10.0996
 61.35 9.95042
 61.375 9.80264
 61.4 9.65632
 61.425 9.51146
 61.45 9.36806
 61.475 9.22613
 61.5 9.08566
 61.525 8.94666
 61.55 8.80913
 61.575 8.67307
 61.6 8.53848
 61.625 8.40535
 61.65 8.27369
 61.675 8.14349
 61.7 8.01474
 61.725 7.88745
 61.75 7.76161
 61.775 7.63721
 61.8 7.51425
 61.825 7.39273
 61.85 7.27263
 61.875 7.15395
 61.9 7.03668
 61.925 6.92081
 61.95 6.80634
 61.975 6.69326
 62 6.58155
 62.025 6.47121
 62.05 6.36223
 62.075 6.2546
 62.1 6.14832
 62.125 6.04335
 62.15 5.93971
 62.175 5.83738
 62.2 5.73634
 62.225 5.63659
 62.25 5.53811
 62.275 5.4409
 62.3 5.34494
 62.325 5.25021
 62.35 5.15672
 62.375 5.06444
 62.4 4.97337
 62.425 4.8835
 62.45 4.7948
 62.475 4.70728
 62.5 4.62091
 62.525 4.53569
 62.55 4.4516
 62.575 4.36863
 62.6 4.28678
 62.625 4.20602
 62.65 4.12635
 62.675 4.04776
 62.7 3.97023
 62.725 3.89374
 62.75 3.8183
 62.775 3.74389
 62.8 3.67049
 62.825 3.5981
 62.85 3.5267
 62.875 3.45628
 62.9 3.38683
 62.925 3.31834
 62.95 3.2508
 62.975 3.18419
 63 3.11851
 63.025 3.05374
 63.05 2.98988
 63.075 2.92691
 63.1 2.86482
 63.125 2.80359
 63.15 2.74323
 63.175 2.68372
 63.2 2.62505
 63.225 2.5672
 63.25 2.51017
 63.275 2.45395
 63.3 2.39853
 63.325 2.34389
 63.35 2.29003
 63.375 2.23694
 63.4 2.1846
 63.425 2.13301
 63.45 2.08216
 63.475 2.03203
 63.5 1.98263
 63.525 1.93393
 63.55 1.88593
 63.575 1.83862
 63.6 1.79199
 63.625 1.74604
 63.65 1.70074
 63.675 1.6561
 63.7 1.6121
 63.725 1.56874
 63.75 1.52601
 63.775 1.48389
 63.8 1.44238
 63.825 1.40148
 63.85 1.36116
 63.875 1.32143
 63.9 1.28228
 63.925 1.24369
 63.95 1.20567
 63.975 1.1682
 64 1.13127
 64.025 1.09487
 64.05 1.05901
 64.075 1.02366
 64.1 0.988834
 64.125 0.954509
 64.15 0.920682
 64.175 0.887346
 64.2 0.854495
 64.225 0.822119
 64.25 0.790214
 64.275 0.75877
 64.3 0.727782
 64.325 0.697243
 64.35 0.667146
 64.375 0.637485
 64.4 0.608252
 64.425 0.579441
 64.45 0.551046
 64.475 0.52306
 64.5 0.495478
 64.525 0.468292
 64.55 0.441498
 64.575 0.415088
 64.6 0.389056
 64.625 0.363398
 64.65 0.338106
 64.675 0.313176
 64.7 0.288601
 64.725 0.264376
 64.75 0.240496
 64.775 0.216955
 64.8 0.193747
 64.825 0.170867
 64.85 0.14831
 64.875 0.12607
 64.9 0.104144
 64.925 0.0825251
 64.95 0.061209
 64.975 0.0401905
 65 0.0194648
 65.025 -0.000973084
 65.05 -0.0211279
 65.075 -0.041004
 65.1 -0.060606
 65.125 -0.0799384
 65.15 -0.0990056
 65.175 -0.117812
 65.2 -0.136362
 65.225 -0.15466
 65.25 -0.172711
 65.275 -0.190518
 65.3 -0.208085
 65.325 -0.225418
 65.35 -0.242518
 65.375 -0.259392
 65.4 -0.276041
 65.425 -0.292471
 65.45 -0.308684
 65.475 -0.324685
 65.5 -0.340477
 65.525 -0.356064
 65.55 -0.37145
 65.575 -0.386638
 65.6 -0.401632
 65.625 -0.416435
 65.65 -0.43105
 65.675 -0.44548
 65.7 -0.459729
 65.725 -0.4738
 65.75 -0.487696
 65.775 -0.501421
 65.8 -0.514976
 65.825 -0.528366
 65.85 -0.541593
 65.875 -0.554661
 65.9 -0.567572
 65.925 -0.580329
 65.95 -0.592934
 65.975 -0.605392
 66 -0.617704
 66.025 -0.629873
 66.05 -0.641902
 66.075 -0.653792
 66.1 -0.665548
 66.125 -0.67717
 66.15 -0.688662
 66.175 -0.700027
 66.2 -0.711266
 66.225 -0.722381
 66.25 -0.733376
 66.275 -0.744253
 66.3 -0.755014
 66.325 -0.765661
 66.35 -0.776196
 66.375 -0.786621
 66.4 -0.796939
 66.425 -0.807153
 66.45 -0.817262
 66.475 -0.827271
 66.5 -0.83718
 66.525 -0.846991
 66.55 -0.856707
 66.575 -0.866329
 66.6 -0.87586
 66.625 -0.8853
 66.65 -0.894653
 66.675 -0.903919
 66.7 -0.9131
 66.725 -0.922199
 66.75 -0.931216
 66.775 -0.940155
 66.8 -0.949015
 66.825 -0.957799
 66.85 -0.966509
 66.875 -0.975145
 66.9 -0.98371
 66.925 -0.992205
 66.95 -1.00063
 66.975 -1.00899
 67 -1.01729
 67.025 -1.02551
 67.05 -1.03368
 67.075 -1.04179
 67.1 -1.04983
 67.125 -1.05782
 67.15 -1.06574
 67.175 -1.07362
 67.2 -1.08143
 67.225 -1.08919
 67.25 -1.0969
 67.275 -1.10456
 67.3 -1.11217
 67.325 -1.11973
 67.35 -1.12724
 67.375 -1.1347
 67.4 -1.14212
 67.425 -1.1495
 67.45 -1.15683
 67.475 -1.16411
 67.5 -1.17136
 67.525 -1.17856
 67.55 -1.18573
 67.575 -1.19285
 67.6 -1.19994
 67.625 -1.20699
 67.65 -1.21401
 67.675 -1.22099
 67.7 -1.22794
 67.725 -1.23485
 67.75 -1.24173
 67.775 -1.24858
 67.8 -1.2554
 67.825 -1.26218
 67.85 -1.26894
 67.875 -1.27567
 67.9 -1.28237
 67.925 -1.28905
 67.95 -1.2957
 67.975 -1.30232
 68 -1.30892
 68.025 -1.31549
 68.05 -1.32204
 68.075 -1.32857
 68.1 -1.33507
 68.125 -1.34156
 68.15 -1.34802
 68.175 -1.35446
 68.2 -1.36088
 68.225 -1.36729
 68.25 -1.37367
 68.275 -1.38004
 68.3 -1.38639
 68.325 -1.39272
 68.35 -1.39904
 68.375 -1.40534
 68.4 -1.41162
 68.425 -1.41789
 68.45 -1.42415
 68.475 -1.43039
 68.5 -1.43662
 68.525 -1.44283
 68.55 -1.44904
 68.575 -1.45523
 68.6 -1.46141
 68.625 -1.46757
 68.65 -1.47373
 68.675 -1.47988
 68.7 -1.48601
 68.725 -1.49214
 68.75 -1.49825
 68.775 -1.50436
 68.8 -1.51046
 68.825 -1.51655
 68.85 -1.52264
 68.875 -1.52871
 68.9 -1.53478
 68.925 -1.54084
 68.95 -1.5469
 68.975 -1.55295
 69 -1.55899
 69.025 -1.56503
 69.05 -1.57106
 69.075 -1.57709
 69.1 -1.58311
 69.125 -1.58913
 69.15 -1.59514
 69.175 -1.60115
 69.2 -1.60715
 69.225 -1.61316
 69.25 -1.61915
 69.275 -1.62515
 69.3 -1.63114
 69.325 -1.63713
 69.35 -1.64311
 69.375 -1.64909
 69.4 -1.65507
 69.425 -1.66105
 69.45 -1.66702
 69.475 -1.67299
 69.5 -1.67897
 69.525 -1.68493
 69.55 -1.6909
 69.575 -1.69687
 69.6 -1.70283
 69.625 -1.70879
 69.65 -1.71476
 69.675 -1.72072
 69.7 -1.72668
 69.725 -1.73264
 69.75 -1.7386
 69.775 -1.74456
 69.8 -1.75051
 69.825 -1.75647
 69.85 -1.76243
 69.875 -1.76839
 69.9 -1.77435
 69.925 -1.7803
 69.95 -1.78626
 69.975 -1.79222
 70 -1.79818
 70.025 -1.80414
 70.05 -1.8101
 70.075 -1.81606
 70.1 -1.82202
 70.125 -1.82798
 70.15 -1.83395
 70.175 -1.83991
 70.2 -1.84587
 70.225 -1.85184
 70.25 -1.85781
 70.275 -1.86377
 70.3 -1.86974
 70.325 -1.87571
 70.35 -1.88168
 70.375 -1.88765
 70.4 -1.89363
 70.425 -1.8996
 70.45 -1.90558
 70.475 -1.91156
 70.5 -1.91754
 70.525 -1.92352
 70.55 -1.9295
 70.575 -1.93548
 70.6 -1.94147
 70.625 -1.94746
 70.65 -1.95344
 70.675 -1.95943
 70.7 -1.96543
 70.725 -1.97142
 70.75 -1.97742
 70.775 -1.98341
 70.8 -1.98941
 70.825 -1.99541
 70.85 -2.00142
 70.875 -2.00742
 70.9 -2.01343
 70.925 -2.01943
 70.95 -2.02544
 70.975 -2.03145
 71 -2.03746
 71.025 -2.04348
 71.05 -2.04949
 71.075 -2.05551
 71.1 -2.06153
 71.125 -2.06755
 71.15 -2.07357
 71.175 -2.07959
 71.2 -2.08561
 71.225 -2.09164
 71.25 -2.09767
 71.275 -2.10369
 71.3 -2.10972
 71.325 -2.11575
 71.35 -2.12178
 71.375 -2.12782
 71.4 -2.13385
 71.425 -2.13989
 71.45 -2.14592
 71.475 -2.15196
 71.5 -2.158
 71.525 -2.16404
 71.55 -2.17008
 71.575 -2.17612
 71.6 -2.18216
 71.625 -2.1882
 71.65 -2.19424
 71.675 -2.20029
 71.7 -2.20633
 71.725 -2.21238
 71.75 -2.21842
 71.775 -2.22447
 71.8 -2.23051
 71.825 -2.23656
 71.85 -2.2426
 71.875 -2.24865
 71.9 -2.2547
 71.925 -2.26074
 71.95 -2.26679
 71.975 -2.27283
 72 -2.27888
 72.025 -2.28492
 72.05 -2.29097
 72.075 -2.29701
 72.1 -2.30306
 72.125 -2.3091
 72.15 -2.31514
 72.175 -2.32119
 72.2 -2.32723
 72.225 -2.33327
 72.25 -2.33931
 72.275 -2.34535
 72.3 -2.35138
 72.325 -2.35742
 72.35 -2.36346
 72.375 -2.36949
 72.4 -2.37553
 72.425 -2.38156
 72.45 -2.38759
 72.475 -2.39362
 72.5 -2.39965
 72.525 -2.40568
 72.55 -2.4117
 72.575 -2.41773
 72.6 -2.42375
 72.625 -2.42977
 72.65 -2.43579
 72.675 -2.44181
 72.7 -2.44782
 72.725 -2.45384
 72.75 -2.45985
 72.775 -2.46586
 72.8 -2.47186
 72.825 -2.47787
 72.85 -2.48387
 72.875 -2.48987
 72.9 -2.49587
 72.925 -2.50187
 72.95 -2.50786
 72.975 -2.51385
 73 -2.51984
 73.025 -2.52583
 73.05 -2.53181
 73.075 -2.5378
 73.1 -2.54378
 73.125 -2.54975
 73.15 -2.55573
 73.175 -2.5617
 73.2 -2.56767
 73.225 -2.57363
 73.25 -2.57959
 73.275 -2.58555
 73.3 -2.59151
 73.325 -2.59746
 73.35 -2.60341
 73.375 -2.60936
 73.4 -2.6153
 73.425 -2.62125
 73.45 -2.62718
 73.475 -2.63312
 73.5 -2.63905
 73.525 -2.64498
 73.55 -2.6509
 73.575 -2.65682
 73.6 -2.66274
 73.625 -2.66865
 73.65 -2.67456
 73.675 -2.68046
 73.7 -2.68637
 73.725 -2.69226
 73.75 -2.69816
 73.775 -2.70405
 73.8 -2.70993
 73.825 -2.71582
 73.85 -2.7217
 73.875 -2.72757
 73.9 -2.73344
 73.925 -2.73931
 73.95 -2.74517
 73.975 -2.75103
 74 -2.75688
 74.025 -2.76273
 74.05 -2.76858
 74.075 -2.77442
 74.1 -2.78025
 74.125 -2.78608
 74.15 -2.79191
 74.175 -2.79774
 74.2 -2.80355
 74.225 -2.80937
 74.25 -2.81518
 74.275 -2.82098
 74.3 -2.82678
 74.325 -2.83258
 74.35 -2.83837
 74.375 -2.84415
 74.4 -2.84993
 74.425 -2.85571
 74.45 -2.86148
 74.475 -2.86724
 74.5 -2.873
 74.525 -2.87876
 74.55 -2.88451
 74.575 -2.89026
 74.6 -2.896
 74.625 -2.90173
 74.65 -2.90746
 74.675 -2.91318
 74.7 -2.9189
 74.725 -2.92462
 74.75 -2.93032
 74.775 -2.93603
 74.8 -2.94173
 74.825 -2.94742
 74.85 -2.9531
 74.875 -2.95878
 74.9 -2.96446
 74.925 -2.97013
 74.95 -2.97579
 74.975 -2.98145
 75 -2.98711
 75.025 -2.99275
 75.05 -2.99839
 75.075 -3.00403
 75.1 -3.00966
 75.125 -3.01528
 75.15 -3.0209
 75.175 -3.02651
 75.2 -3.03212
 75.225 -3.03772
 75.25 -3.04331
 75.275 -3.0489
 75.3 -3.05448
 75.325 -3.06006
 75.35 -3.06563
 75.375 -3.07119
 75.4 -3.07675
 75.425 -3.0823
 75.45 -3.08784
 75.475 -3.09338
 75.5 -3.09891
 75.525 -3.10444
 75.55 -3.10996
 75.575 -3.11547
 75.6 -3.12097
 75.625 -3.12647
 75.65 -3.13197
 75.675 -3.13745
 75.7 -3.14293
 75.725 -3.1484
 75.75 -3.15387
 75.775 -3.15933
 75.8 -3.16478
 75.825 -3.17023
 75.85 -3.17567
 75.875 -3.1811
 75.9 -3.18652
 75.925 -3.19194
 75.95 -3.19735
 75.975 -3.20276
 76 -3.20816
 76.025 -3.21355
 76.05 -3.21893
 76.075 -3.22431
 76.1 -3.22968
 76.125 -3.23504
 76.15 -3.24039
 76.175 -3.24574
 76.2 -3.25108
 76.225 -3.25641
 76.25 -3.26174
 76.275 -3.26706
 76.3 -3.27237
 76.325 -3.27767
 76.35 -3.28297
 76.375 -3.28826
 76.4 -3.29354
 76.425 -3.29882
 76.45 -3.30409
 76.475 -3.30935
 76.5 -3.3146
 76.525 -3.31984
 76.55 -3.32508
 76.575 -3.33031
 76.6 -3.33553
 76.625 -3.34075
 76.65 -3.34596
 76.675 -3.35116
 76.7 -3.35635
 76.725 -3.36153
 76.75 -3.36671
 76.775 -3.37188
 76.8 -3.37704
 76.825 -3.3822
 76.85 -3.38734
 76.875 -3.39248
 76.9 -3.39761
 76.925 -3.40274
 76.95 -3.40785
 76.975 -3.41296
 77 -3.41806
 77.025 -3.42316
 77.05 -3.42824
 77.075 -3.43332
 77.1 -3.43839
 77.125 -3.44345
 77.15 -3.4485
 77.175 -3.45355
 77.2 -3.45859
 77.225 -3.46362
 77.25 -3.46864
 77.275 -3.47366
 77.3 -3.47866
 77.325 -3.48366
 77.35 -3.48865
 77.375 -3.49363
 77.4 -3.49861
 77.425 -3.50358
 77.45 -3.50854
 77.475 -3.51349
 77.5 -3.51843
 77.525 -3.52337
 77.55 -3.52829
 77.575 -3.53321
 77.6 -3.53812
 77.625 -3.54303
 77.65 -3.54792
 77.675 -3.55281
 77.7 -3.55769
 77.725 -3.56256
 77.75 -3.56743
 77.775 -3.57228
 77.8 -3.57713
 77.825 -3.58197
 77.85 -3.5868
 77.875 -3.59163
 77.9 -3.59644
 77.925 -3.60125
 77.95 -3.60605
 77.975 -3.61084
 78 -3.61562
 78.025 -3.6204
 78.05 -3.62517
 78.075 -3.62993
 78.1 -3.63468
 78.125 -3.63942
 78.15 -3.64416
 78.175 -3.64888
 78.2 -3.6536
 78.225 -3.65831
 78.25 -3.66302
 78.275 -3.66771
 78.3 -3.6724
 78.325 -3.67708
 78.35 -3.68175
 78.375 -3.68641
 78.4 -3.69106
 78.425 -3.69571
 78.45 -3.70035
 78.475 -3.70498
 78.5 -3.7096
 78.525 -3.71421
 78.55 -3.71882
 78.575 -3.72342
 78.6 -3.72801
 78.625 -3.73259
 78.65 -3.73716
 78.675 -3.74173
 78.7 -3.74628
 78.725 -3.75083
 78.75 -3.75537
 78.775 -3.75991
 78.8 -3.76443
 78.825 -3.76895
 78.85 -3.77346
 78.875 -3.77796
 78.9 -3.78245
 78.925 -3.78694
 78.95 -3.79141
 78.975 -3.79588
 79 -3.80034
 79.025 -3.8048
 79.05 -3.80924
 79.075 -3.81368
 79.1 -3.81811
 79.125 -3.82253
 79.15 -3.82694
 79.175 -3.83134
 79.2 -3.83574
 79.225 -3.84013
 79.25 -3.84451
 79.275 -3.84888
 79.3 -3.85324
 79.325 -3.8576
 79.35 -3.86195
 79.375 -3.86629
 79.4 -3.87062
 79.425 -3.87494
 79.45 -3.87926
 79.475 -3.88357
 79.5 -3.88786
 79.525 -3.89216
 79.55 -3.89644
 79.575 -3.90072
 79.6 -3.90498
 79.625 -3.90924
 79.65 -3.9135
 79.675 -3.91774
 79.7 -3.92198
 79.725 -3.9262
 79.75 -3.93042
 79.775 -3.93464
 79.8 -3.93884
 79.825 -3.94304
 79.85 -3.94723
 79.875 -3.95141
 79.9 -3.95558
 79.925 -3.95974
 79.95 -3.9639
 79.975 -3.96805
 80 -3.97219
 80.025 -3.97632
 80.05 -3.98045
 80.075 -3.98457
 80.1 -3.98868
 80.125 -3.99278
 80.15 -3.99687
 80.175 -4.00096
 80.2 -4.00504
 80.225 -4.00911
 80.25 -4.01317
 80.275 -4.01722
 80.3 -4.02127
 80.325 -4.02531
 80.35 -4.02934
 80.375 -4.03337
 80.4 -4.03738
 80.425 -4.04139
 80.45 -4.04539
 80.475 -4.04938
 80.5 -4.05337
 80.525 -4.05734
 80.55 -4.06131
 80.575 -4.06528
 80.6 -4.06923
 80.625 -4.07318
 80.65 -4.07711
 80.675 -4.08104
 80.7 -4.08497
 80.725 -4.08888
 80.75 -4.09279
 80.775 -4.09669
 80.8 -4.10058
 80.825 -4.10447
 80.85 -4.10835
 80.875 -4.11221
 80.9 -4.11608
 80.925 -4.11993
 80.95 -4.12378
 80.975 -4.12762
 81 -4.13145
 81.025 -4.13527
 81.05 -4.13909
 81.075 -4.1429
 81.1 -4.1467
 81.125 -4.15049
 81.15 -4.15428
 81.175 -4.15806
 81.2 -4.16183
 81.225 -4.16559
 81.25 -4.16935
 81.275 -4.1731
 81.3 -4.17684
 81.325 -4.18057
 81.35 -4.1843
 81.375 -4.18802
 81.4 -4.19173
 81.425 -4.19544
 81.45 -4.19913
 81.475 -4.20282
 81.5 -4.20651
 81.525 -4.21018
 81.55 -4.21385
 81.575 -4.21751
 81.6 -4.22116
 81.625 -4.22481
 81.65 -4.22844
 81.675 -4.23207
 81.7 -4.2357
 81.725 -4.23931
 81.75 -4.24292
 81.775 -4.24652
 81.8 -4.25012
 81.825 -4.2537
 81.85 -4.25728
 81.875 -4.26086
 81.9 -4.26442
 81.925 -4.26798
 81.95 -4.27153
 81.975 -4.27507
 82 -4.27861
 82.025 -4.28214
 82.05 -4.28566
 82.075 -4.28918
 82.1 -4.29268
 82.125 -4.29618
 82.15 -4.29968
 82.175 -4.30316
 82.2 -4.30664
 82.225 -4.31011
 82.25 -4.31358
 82.275 -4.31704
 82.3 -4.32049
 82.325 -4.32393
 82.35 -4.32737
 82.375 -4.3308
 82.4 -4.33422
 82.425 -4.33764
 82.45 -4.34105
 82.475 -4.34445
 82.5 -4.34784
 82.525 -4.35123
 82.55 -4.35461
 82.575 -4.35799
 82.6 -4.36135
 82.625 -4.36471
 82.65 -4.36807
 82.675 -4.37141
 82.7 -4.37475
 82.725 -4.37809
 82.75 -4.38141
 82.775 -4.38473
 82.8 -4.38804
 82.825 -4.39135
 82.85 -4.39465
 82.875 -4.39794
 82.9 -4.40122
 82.925 -4.4045
 82.95 -4.40777
 82.975 -4.41104
 83 -4.41429
 83.025 -4.41755
 83.05 -4.42079
 83.075 -4.42403
 83.1 -4.42726
 83.125 -4.43048
 83.15 -4.4337
 83.175 -4.43691
 83.2 -4.44011
 83.225 -4.44331
 83.25 -4.4465
 83.275 -4.44969
 83.3 -4.45286
 83.325 -4.45604
 83.35 -4.4592
 83.375 -4.46236
 83.4 -4.46551
 83.425 -4.46865
 83.45 -4.47179
 83.475 -4.47492
 83.5 -4.47805
 83.525 -4.48117
 83.55 -4.48428
 83.575 -4.48738
 83.6 -4.49048
 83.625 -4.49357
 83.65 -4.49666
 83.675 -4.49974
 83.7 -4.50281
 83.725 -4.50588
 83.75 -4.50894
 83.775 -4.51199
 83.8 -4.51504
 83.825 -4.51808
 83.85 -4.52112
 83.875 -4.52414
 83.9 -4.52717
 83.925 -4.53018
 83.95 -4.53319
 83.975 -4.53619
 84 -4.53919
 84.025 -4.54218
 84.05 -4.54517
 84.075 -4.54814
 84.1 -4.55112
 84.125 -4.55408
 84.15 -4.55704
 84.175 -4.55999
 84.2 -4.56294
 84.225 -4.56588
 84.25 -4.56881
 84.275 -4.57174
 84.3 -4.57467
 84.325 -4.57758
 84.35 -4.58049
 84.375 -4.58339
 84.4 -4.58629
 84.425 -4.58918
 84.45 -4.59207
 84.475 -4.59495
 84.5 -4.59782
 84.525 -4.60069
 84.55 -4.60355
 84.575 -4.60641
 84.6 -4.60925
 84.625 -4.6121
 84.65 -4.61493
 84.675 -4.61777
 84.7 -4.62059
 84.725 -4.62341
 84.75 -4.62622
 84.775 -4.62903
 84.8 -4.63183
 84.825 -4.63463
 84.85 -4.63741
 84.875 -4.6402
 84.9 -4.64298
 84.925 -4.64575
 84.95 -4.64851
 84.975 -4.65127
 85 -4.65403
 85.025 -4.65677
 85.05 -4.65952
 85.075 -4.66225
 85.1 -4.66498
 85.125 -4.66771
 85.15 -4.67043
 85.175 -4.67314
 85.2 -4.67585
 85.225 -4.67855
 85.25 -4.68125
 85.275 -4.68394
 85.3 -4.68662
 85.325 -4.6893
 85.35 -4.69197
 85.375 -4.69464
 85.4 -4.6973
 85.425 -4.69996
 85.45 -4.70261
 85.475 -4.70525
 85.5 -4.70789
 85.525 -4.71052
 85.55 -4.71315
 85.575 -4.71578
 85.6 -4.71839
 85.625 -4.721
 85.65 -4.72361
 85.675 -4.72621
 85.7 -4.7288
 85.725 -4.73139
 85.75 -4.73398
 85.775 -4.73655
 85.8 -4.73913
 85.825 -4.74169
 85.85 -4.74425
 85.875 -4.74681
 85.9 -4.74936
 85.925 -4.75191
 85.95 -4.75445
 85.975 -4.75698
 86 -4.75951
 86.025 -4.76203
 86.05 -4.76455
 86.075 -4.76706
 86.1 -4.76957
 86.125 -4.77207
 86.15 -4.77457
 86.175 -4.77706
 86.2 -4.77955
 86.225 -4.78203
 86.25 -4.7845
 86.275 -4.78697
 86.3 -4.78944
 86.325 -4.7919
 86.35 -4.79435
 86.375 -4.7968
 86.4 -4.79925
 86.425 -4.80168
 86.45 -4.80412
 86.475 -4.80655
 86.5 -4.80897
 86.525 -4.81139
 86.55 -4.8138
 86.575 -4.81621
 86.6 -4.81861
 86.625 -4.82101
 86.65 -4.8234
 86.675 -4.82579
 86.7 -4.82817
 86.725 -4.83054
 86.75 -4.83291
 86.775 -4.83528
 86.8 -4.83764
 86.825 -4.84
 86.85 -4.84235
 86.875 -4.8447
 86.9 -4.84704
 86.925 -4.84937
 86.95 -4.8517
 86.975 -4.85403
 87 -4.85635
 87.025 -4.85867
 87.05 -4.86098
 87.075 -4.86328
 87.1 -4.86558
 87.125 -4.86788
 87.15 -4.87017
 87.175 -4.87246
 87.2 -4.87474
 87.225 -4.87702
 87.25 -4.87929
 87.275 -4.88155
 87.3 -4.88382
 87.325 -4.88607
 87.35 -4.88832
 87.375 -4.89057
 87.4 -4.89281
 87.425 -4.89505
 87.45 -4.89728
 87.475 -4.89951
 87.5 -4.90174
 87.525 -4.90395
 87.55 -4.90617
 87.575 -4.90838
 87.6 -4.91058
 87.625 -4.91278
 87.65 -4.91497
 87.675 -4.91716
 87.7 -4.91935
 87.725 -4.92153
 87.75 -4.92371
 87.775 -4.92588
 87.8 -4.92804
 87.825 -4.9302
 87.85 -4.93236
 87.875 -4.93451
 87.9 -4.93666
 87.925 -4.93881
 87.95 -4.94094
 87.975 -4.94308
 88 -4.94521
 88.025 -4.94733
 88.05 -4.94945
 88.075 -4.95157
 88.1 -4.95368
 88.125 -4.95579
 88.15 -4.95789
 88.175 -4.95999
 88.2 -4.96208
 88.225 -4.96417
 88.25 -4.96625
 88.275 -4.96833
 88.3 -4.9704
 88.325 -4.97248
 88.35 -4.97454
 88.375 -4.9766
 88.4 -4.97866
 88.425 -4.98071
 88.45 -4.98276
 88.475 -4.9848
 88.5 -4.98684
 88.525 -4.98888
 88.55 -4.99091
 88.575 -4.99294
 88.6 -4.99496
 88.625 -4.99698
 88.65 -4.99899
 88.675 -5.001
 88.7 -5.003
 88.725 -5.005
 88.75 -5.007
 88.775 -5.00899
 88.8 -5.01098
 88.825 -5.01296
 88.85 -5.01494
 88.875 -5.01691
 88.9 -5.01888
 88.925 -5.02085
 88.95 -5.02281
 88.975 -5.02477
 89 -5.02672
 89.025 -5.02867
 89.05 -5.03061
 89.075 -5.03255
 89.1 -5.03449
 89.125 -5.03642
 89.15 -5.03835
 89.175 -5.04027
 89.2 -5.04219
 89.225 -5.04411
 89.25 -5.04602
 89.275 -5.04793
 89.3 -5.04983
 89.325 -5.05173
 89.35 -5.05362
 89.375 -5.05551
 89.4 -5.0574
 89.425 -5.05928
 89.45 -5.06116
 89.475 -5.06303
 89.5 -5.0649
 89.525 -5.06677
 89.55 -5.06863
 89.575 -5.07049
 89.6 -5.07234
 89.625 -5.07419
 89.65 -5.07604
 89.675 -5.07788
 89.7 -5.07972
 89.725 -5.08155
 89.75 -5.08338
 89.775 -5.08521
 89.8 -5.08703
 89.825 -5.08885
 89.85 -5.09066
 89.875 -5.09247
 89.9 -5.09428
 89.925 -5.09608
 89.95 -5.09788
 89.975 -5.09968
 90 -5.10147
 90.025 -5.10325
 90.05 -5.10504
 90.075 -5.10682
 90.1 -5.10859
 90.125 -5.11036
 90.15 -5.11213
 90.175 -5.11389
 90.2 -5.11565
 90.225 -5.11741
 90.25 -5.11916
 90.275 -5.12091
 90.3 -5.12265
 90.325 -5.1244
 90.35 -5.12613
 90.375 -5.12787
 90.4 -5.1296
 90.425 -5.13132
 90.45 -5.13304
 90.475 -5.13476
 90.5 -5.13648
 90.525 -5.13819
 90.55 -5.1399
 90.575 -5.1416
 90.6 -5.1433
 90.625 -5.14499
 90.65 -5.14669
 90.675 -5.14838
 90.7 -5.15006
 90.725 -5.15174
 90.75 -5.15342
 90.775 -5.15509
 90.8 -5.15677
 90.825 -5.15843
 90.85 -5.1601
 90.875 -5.16176
 90.9 -5.16341
 90.925 -5.16506
 90.95 -5.16671
 90.975 -5.16836
 91 -5.17
 91.025 -5.17164
 91.05 -5.17327
 91.075 -5.1749
 91.1 -5.17653
 91.125 -5.17816
 91.15 -5.17978
 91.175 -5.18139
 91.2 -5.18301
 91.225 -5.18462
 91.25 -5.18622
 91.275 -5.18783
 91.3 -5.18943
 91.325 -5.19102
 91.35 -5.19261
 91.375 -5.1942
 91.4 -5.19579
 91.425 -5.19737
 91.45 -5.19895
 91.475 -5.20053
 91.5 -5.2021
 91.525 -5.20367
 91.55 -5.20523
 91.575 -5.20679
 91.6 -5.20835
 91.625 -5.20991
 91.65 -5.21146
 91.675 -5.21301
 91.7 -5.21455
 91.725 -5.21609
 91.75 -5.21763
 91.775 -5.21916
 91.8 -5.2207
 91.825 -5.22222
 91.85 -5.22375
 91.875 -5.22527
 91.9 -5.22679
 91.925 -5.2283
 91.95 -5.22981
 91.975 -5.23132
 92 -5.23283
 92.025 -5.23433
 92.05 -5.23583
 92.075 -5.23732
 92.1 -5.23881
 92.125 -5.2403
 92.15 -5.24179
 92.175 -5.24327
 92.2 -5.24475
 92.225 -5.24622
 92.25 -5.2477
 92.275 -5.24916
 92.3 -5.25063
 92.325 -5.25209
 92.35 -5.25355
 92.375 -5.25501
 92.4 -5.25646
 92.425 -5.25791
 92.45 -5.25936
 92.475 -5.2608
 92.5 -5.26224
 92.525 -5.26368
 92.55 -5.26512
 92.575 -5.26655
 92.6 -5.26797
 92.625 -5.2694
 92.65 -5.27082
 92.675 -5.27224
 92.7 -5.27366
 92.725 -5.27507
 92.75 -5.27648
 92.775 -5.27788
 92.8 -5.27929
 92.825 -5.28069
 92.85 -5.28208
 92.875 -5.28348
 92.9 -5.28487
 92.925 -5.28626
 92.95 -5.28764
 92.975 -5.28902
 93 -5.2904
 93.025 -5.29178
 93.05 -5.29315
 93.075 -5.29452
 93.1 -5.29589
 93.125 -5.29725
 93.15 -5.29861
 93.175 -5.29997
 93.2 -5.30133
 93.225 -5.30268
 93.25 -5.30403
 93.275 -5.30538
 93.3 -5.30672
 93.325 -5.30806
 93.35 -5.3094
 93.375 -5.31073
 93.4 -5.31206
 93.425 -5.31339
 93.45 -5.31472
 93.475 -5.31604
 93.5 -5.31736
 93.525 -5.31868
 93.55 -5.31999
 93.575 -5.3213
 93.6 -5.32261
 93.625 -5.32392
 93.65 -5.32522
 93.675 -5.32652
 93.7 -5.32782
 93.725 -5.32911
 93.75 -5.3304
 93.775 -5.33169
 93.8 -5.33298
 93.825 -5.33426
 93.85 -5.33554
 93.875 -5.33682
 93.9 -5.33809
 93.925 -5.33937
 93.95 -5.34063
 93.975 -5.3419
 94 -5.34316
 94.025 -5.34443
 94.05 -5.34568
 94.075 -5.34694
 94.1 -5.34819
 94.125 -5.34944
 94.15 -5.35069
 94.175 -5.35193
 94.2 -5.35317
 94.225 -5.35441
 94.25 -5.35565
 94.275 -5.35688
 94.3 -5.35811
 94.325 -5.35934
 94.35 -5.36057
 94.375 -5.36179
 94.4 -5.36301
 94.425 -5.36423
 94.45 -5.36544
 94.475 -5.36665
 94.5 -5.36786
 94.525 -5.36907
 94.55 -5.37027
 94.575 -5.37148
 94.6 -5.37267
 94.625 -5.37387
 94.65 -5.37506
 94.675 -5.37626
 94.7 -5.37744
 94.725 -5.37863
 94.75 -5.37981
 94.775 -5.38099
 94.8 -5.38217
 94.825 -5.38335
 94.85 -5.38452
 94.875 -5.38569
 94.9 -5.38686
 94.925 -5.38802
 94.95 -5.38919
 94.975 -5.39035
 95 -5.3915
 95.025 -5.39266
 95.05 -5.39381
 95.075 -5.39496
 95.1 -5.39611
 95.125 -5.39725
 95.15 -5.3984
 95.175 -5.39954
 95.2 -5.40067
 95.225 -5.40181
 95.25 -5.40294
 95.275 -5.40407
 95.3 -5.4052
 95.325 -5.40632
 95.35 -5.40744
 95.375 -5.40856
 95.4 -5.40968
 95.425 -5.4108
 95.45 -5.41191
 95.475 -5.41302
 95.5 -5.41413
 95.525 -5.41523
 95.55 -5.41634
 95.575 -5.41744
 95.6 -5.41853
 95.625 -5.41963
 95.65 -5.42072
 95.675 -5.42181
 95.7 -5.4229
 95.725 -5.42399
 95.75 -5.42507
 95.775 -5.42615
 95.8 -5.42723
 95.825 -5.42831
 95.85 -5.42938
 95.875 -5.43045
 95.9 -5.43152
 95.925 -5.43259
 95.95 -5.43365
 95.975 -5.43472
 96 -5.43578
 96.025 -5.43683
 96.05 -5.43789
 96.075 -5.43894
 96.1 -5.43999
 96.125 -5.44104
 96.15 -5.44209
 96.175 -5.44313
 96.2 -5.44417
 96.225 -5.44521
 96.25 -5.44625
 96.275 -5.44728
 96.3 -5.44832
 96.325 -5.44935
 96.35 -5.45037
 96.375 -5.4514
 96.4 -5.45242
 96.425 -5.45344
 96.45 -5.45446
 96.475 -5.45548
 96.5 -5.45649
 96.525 -5.4575
 96.55 -5.45851
 96.575 -5.45952
 96.6 -5.46053
 96.625 -5.46153
 96.65 -5.46253
 96.675 -5.46353
 96.7 -5.46453
 96.725 -5.46552
 96.75 -5.46651
 96.775 -5.4675
 96.8 -5.46849
 96.825 -5.46947
 96.85 -5.47046
 96.875 -5.47144
 96.9 -5.47242
 96.925 -5.4734
 96.95 -5.47437
 96.975 -5.47534
 97 -5.47631
 97.025 -5.47728
 97.05 -5.47825
 97.075 -5.47921
 97.1 -5.48017
 97.125 -5.48113
 97.15 -5.48209
 97.175 -5.48305
 97.2 -5.484
 97.225 -5.48495
 97.25 -5.4859
 97.275 -5.48685
 97.3 -5.48779
 97.325 -5.48873
 97.35 -5.48967
 97.375 -5.49061
 97.4 -5.49155
 97.425 -5.49248
 97.45 -5.49342
 97.475 -5.49435
 97.5 -5.49528
 97.525 -5.4962
 97.55 -5.49713
 97.575 -5.49805
 97.6 -5.49897
 97.625 -5.49989
 97.65 -5.5008
 97.675 -5.50172
 97.7 -5.50263
 97.725 -5.50354
 97.75 -5.50445
 97.775 -5.50535
 97.8 -5.50626
 97.825 -5.50716
 97.85 -5.50806
 97.875 -5.50896
 97.9 -5.50985
 97.925 -5.51075
 97.95 -5.51164
 97.975 -5.51253
 98 -5.51342
 98.025 -5.5143
 98.05 -5.51519
 98.075 -5.51607
 98.1 -5.51695
 98.125 -5.51783
 98.15 -5.5187
 98.175 -5.51958
 98.2 -5.52045
 98.225 -5.52132
 98.25 -5.52219
 98.275 -5.52306
 98.3 -5.52392
 98.325 -5.52478
 98.35 -5.52564
 98.375 -5.5265
 98.4 -5.52736
 98.425 -5.52821
 98.45 -5.52907
 98.475 -5.52992
 98.5 -5.53077
 98.525 -5.53162
 98.55 -5.53246
 98.575 -5.53331
 98.6 -5.53415
 98.625 -5.53499
 98.65 -5.53583
 98.675 -5.53666
 98.7 -5.5375
 98.725 -5.53833
 98.75 -5.53916
 98.775 -5.53999
 98.8 -5.54082
 98.825 -5.54164
 98.85 -5.54246
 98.875 -5.54329
 98.9 -5.5441
 98.925 -5.54492
 98.95 -5.54574
 98.975 -5.54655
 99 -5.54737
 99.025 -5.54818
 99.05 -5.54898
 99.075 -5.54979
 99.1 -5.5506
 99.125 -5.5514
 99.15 -5.5522
 99.175 -5.553
 99.2 -5.5538
 99.225 -5.5546
 99.25 -5.55539
 99.275 -5.55618
 99.3 -5.55697
 99.325 -5.55776
 99.35 -5.55855
 99.375 -5.55934
 99.4 -5.56012
 99.425 -5.5609
 99.45 -5.56168
 99.475 -5.56246
 99.5 -5.56324
 99.525 -5.56401
 99.55 -5.56479
 99.575 -5.56556
 99.6 -5.56633
 99.625 -5.5671
 99.65 -5.56786
 99.675 -5.56863
 99.7 -5.56939
 99.725 -5.57015
 99.75 -5.57091
 99.775 -5.57167
 99.8 -5.57243
 99.825 -5.57318
 99.85 -5.57393
 99.875 -5.57468
 99.9 -5.57543
 99.925 -5.57618
 99.95 -5.57693
 99.975 -5.57767
 100 -5.57842
