4001 2
 0 0
 0.025 0.0915386
 0.05 0.174341
 0.075 0.250031
 0.1 0.319885
 0.125 0.384905
 0.15 0.445886
 0.175 0.503462
 0.2 0.55814
 0.225 0.61033
 0.25 0.660363
 0.275 0.708513
 0.3 0.755004
 0.325 0.800021
 0.35 0.84372
 0.375 0.886233
 0.4 0.927671
 0.425 0.968129
 0.45 1.00769
 0.475 1.04642
 0.5 1.08439
 0.525 1.12165
 0.55 1.15825
 0.575 1.19423
 0.6 1.22964
 0.625 1.26449
 0.65 1.29883
 0.675 1.33269
 0.7 1.36609
 0.725 1.39905
 0.75 1.4316
 0.775 1.46375
 0.8 1.49553
 0.825 1.52694
 0.85 1.55802
 0.875 1.58876
 0.9 1.61919
 0.925 1.64932
 0.95 1.67916
 0.975 1.70872
 1 1.73801
 1.025 1.76705
 1.05 1.79583
 1.075 1.82438
 1.1 1.85269
 1.125 1.88078
 1.15 1.90866
 1.175 1.93632
 1.2 1.96379
 1.225 1.99106
 1.25 2.01814
 1.275 2.04504
 1.3 2.07176
 1.325 2.09831
 1.35 2.12469
 1.375 2.15092
 1.4 2.17698
 1.425 2.2029
 1.45 2.22866
 1.475 2.25429
 1.5 2.27977
 1.525 2.30512
 1.55 2.33034
 1.575 2.35543
 1.6 2.38039
 1.625 2.40524
 1.65 2.42997
 1.675 2.45458
 1.7 2.47908
 1.725 2.50348
 1.75 2.52777
 1.775 2.55196
 1.8 2.57605
 1.825 2.60004
 1.85 2.62393
 1.875 2.64774
 1.9 2.67145
 1.925 2.69508
 1.95 2.71863
 1.975 2.74209
 2 2.76548
 2.025 2.78878
 2.05 2.81201
 2.075 2.83517
 2.1 2.85825
 2.125 2.88127
 2.15 2.90422
 2.175 2.9271
 2.2 2.94992
 2.225 2.97268
 2.25 2.99537
 2.275 3.01801
 2.3 3.04059
 2.325 3.06311
 2.35 3.08558
 2.375 3.108
 2.4 3.13037
 2.425 3.15269
 2.45 3.17497
 2.475 3.19719
 2.5 3.21938
 2.525 3.24151
 2.55 3.26361
 2.575 3.28567
 2.6 3.30769
 2.625 3.32967
 2.65 3.35162
 2.675 3.37354
 2.7 3.39541
 2.725 3.41726
 2.75 3.43908
 2.775 3.46086
 2.8 3.48262
 2.825 3.50436
 2.85 3.52606
 2.875 3.54775
 2.9 3.56941
 2.925 3.59104
 2.95 3.61266
 2.975 3.63426
 3 3.65583
 3.025 3.6774
 3.05 3.69894
 3.075 3.72047
 3.1 3.74199
 3.125 3.7635
 3.15 3.78499
 3.175 3.80647
 3.2 3.82794
 3.225 3.84941
 3.25 3.87086
 3.275 3.89231
 3.3 3.91376
 3.325 3.9352
 3.35 3.95664
 3.375 3.97808
 3.4 3.99952
 3.425 4.02096
 3.45 4.0424
 3.475 4.06384
 3.5 4.08528
 3.525 4.10673
 3.55 4.12819
 3.575 4.14966
 3.6 4.17113
 3.625 4.19261
 3.65 4.2141
 3.675 4.2356
 3.7 4.25711
 3.725 4.27864
 3.75 4.30018
 3.775 4.32174
 3.8 4.34331
 3.825 4.36491
 3.85 4.38652
 3.875 4.40815
 3.9 4.4298
 3.925 4.45147
 3.95 4.47316
 3.975 4.49488
 4 4.51663
 4.025 4.5384
 4.05 4.5602
 4.075 4.58203
 4.1 4.60389
 4.125 4.62578
 4.15 4.6477
 4.175 4.66965
 4.2 4.69164
 4.225 4.71367
 4.25 4.73573
 4.275 4.75783
 4.3 4.77997
 4.325 4.80215
 4.35 4.82437
 4.375 4.84663
 4.4 4.86894
 4.425 4.8913
 4.45 4.9137
 4.475 4.93615
 4.5 4.95865
 4.525 4.9812
 4.55 5.0038
 4.575 5.02645
 4.6 5.04916
 4.625 5.07192
 4.65 5.09475
 4.675 5.11763
 4.7 5.14057
 4.725 5.16358
 4.75 5.18665
 4.775 5.20978
 4.8 5.23297
 4.825 5.25624
 4.85 5.27957
 4.875 5.30298
 4.9 5.32646
 4.925 5.35001
 4.95 5.37364
 4.975 5.39735
 5 5.42113
 5.025 5.445
 5.05 5.46894
 5.075 5.49297
 5.1 5.51709
 5.125 5.5413
 5.15 5.5656
 5.175 5.58999
 5.2 5.61447
 5.225 5.63904
 5.25 5.66371
 5.275 5.68849
 5.3 5.71336
 5.325 5.73834
 5.35 5.76343
 5.375 5.78862
 5.4 5.81392
 5.425 5.83933
 5.45 5.86486
 5.475 5.8905
 5.5 5.91627
 5.525 5.94216
 5.55 5.96817
 5.575 5.99431
 5.6 6.02057
 5.625 6.04697
 5.65 6.0735
 5.675 6.10017
 5.7 6.12699
 5.725 6.15394
 5.75 6.18104
 5.775 6.20829
 5.8 6.23569
 5.825 6.26325
 5.85 6.29096
 5.875 6.31884
 5.9 6.34688
 5.925 6.37509
 5.95 6.40347
 5.975 6.43203
 6 6.46076
 6.025 6.48968
 6.05 6.51879
 6.075 6.54809
 6.1 6.57758
 6.125 6.60727
 6.15 6.63716
 6.175 6.66726
 6.2 6.69757
 6.225 6.72811
 6.25 6.75886
 6.275 6.78984
 6.3 6.82105
 6.325 6.85249
 6.35 6.88418
 6.375 6.91612
 6.4 6.94831
 6.425 6.98075
 6.45 7.01347
 6.475 7.04645
 6.5 7.07971
 6.525 7.11325
 6.55 7.14708
 6.575 7.18122
 6.6 7.21565
 6.625 7.25039
 6.65 7.28546
 6.675 7.32085
 6.7 7.35658
 6.725 7.39265
 6.75 7.42907
 6.775 7.46585
 6.8 7.50301
 6.825 7.54054
 6.85 7.57846
 6.875 7.61678
 6.9 7.65551
 6.925 7.69466
 6.95 7.73425
 6.975 7.77428
 7 7.81476
 7.025 7.85571
 7.05 7.89715
 7.075 7.93908
 7.1 7.98152
 7.125 8.02448
 7.15 8.06798
 7.175 8.11204
 7.2 8.15667
 7.225 8.20189
 7.25 8.24772
 7.275 8.29417
 7.3 8.34127
 7.325 8.38904
 7.35 8.43749
 7.375 8.48665
 7.4 8.53654
 7.425 8.5872
 7.45 8.63863
 7.475 8.69087
 7.5 8.74396
 7.525 8.79791
 7.55 8.85275
 7.575 8.90852
 7.6 8.96526
 7.625 9.023
 7.65 9.08178
 7.675 9.14163
 7.7 9.2026
 7.725 9.26473
 7.75 9.32808
 7.775 9.39268
 7.8 9.45859
 7.825 9.52587
 7.85 9.59457
 7.875 9.66475
 7.9 9.73649
 7.925 9.80985
 7.95 9.88491
 7.975 9.96174
 8 10.0404
 8.025 10.1211
 8.05 10.2038
 8.075 10.2886
 8.1 10.3757
 8.125 10.4652
 8.15 10.5571
 8.175 10.6518
 8.2 10.7492
 8.225 10.8496
 8.25 10.9531
 8.275 11.0599
 8.3 11.1702
 8.325 11.2842
 8.35 11.4023
 8.375 11.5245
 8.4 11.6513
 8.425 11.783
 8.45 11.9198
 8.475 12.0622
 8.5 12.2106
 8.525 12.3654
 8.55 12.5273
 8.575 12.6966
 8.6 12.8742
 8.625 13.0607
 8.65 13.2569
 8.675 13.4637
 8.7 13.6822
 8.725 13.9136
 8.75 14.1591
 8.775 14.4204
 8.8 14.6992
 8.825 14.9975
 8.85 15.3177
 8.875 15.6627
 8.9 16.0357
 8.925 16.4405
 8.95 16.8819
 8.975 17.3652
 9 17.8973
 9.025 18.4861
 9.05 19.1416
 9.075 19.8759
 9.1 20.7041
 9.125 21.6448
 9.15 22.7212
 9.175 23.9622
 9.2 25.4035
 9.225 27.0882
 9.25 29.0668
 9.275 31.3939
 9.3 34.1191
 9.325 37.2676
 9.35 40.8096
 9.375 44.6342
 9.4 48.5599
 9.425 52.384
 9.45 55.9331
 9.475 59.0899
 9.5 61.7971
 9.525 64.0454
 9.55 65.856
 9.575 67.264
 9.6 68.309
 9.625 69.029
 9.65 69.4593
 9.675 69.6318
 9.7 69.5758
 9.725 69.3182
 9.75 68.8841
 9.775 68.297
 9.8 67.5787
 9.825 66.7495
 9.85 65.8284
 9.875 64.8327
 9.9 63.7784
 9.925 62.6801
 9.95 61.5512
 9.975 60.4036
 10 59.2483
 10.025 58.0951
 10.05 56.9527
 10.075 55.8286
 10.1 54.7295
 10.125 53.6607
 10.15 52.6265
 10.175 51.6299
 10.2 50.673
 10.225 49.7566
 10.25 48.881
 10.275 48.0456
 10.3 47.2492
 10.325 46.4901
 10.35 45.7662
 10.375 45.0751
 10.4 44.4143
 10.425 43.7812
 10.45 43.1731
 10.475 42.5875
 10.5 42.022
 10.525 41.4745
 10.55 40.9429
 10.575 40.4254
 10.6 39.9205
 10.625 39.4267
 10.65 38.9428
 10.675 38.4679
 10.7 38.001
 10.725 37.5413
 10.75 37.0884
 10.775 36.6418
 10.8 36.2009
 10.825 35.7657
 10.85 35.3357
 10.875 34.911
 10.9 34.4913
 10.925 34.0766
 10.95 33.6668
 10.975 33.262
 11 32.8622
 11.025 32.4673
 11.05 32.0773
 11.075 31.6924
 11.1 31.3126
 11.125 30.9377
 11.15 30.568
 11.175 30.2034
 11.2 29.8439
 11.225 29.4895
 11.25 29.1402
 11.275 28.796
 11.3 28.4569
 11.325 28.1229
 11.35 27.794
 11.375 27.4701
 11.4 27.1511
 11.425 26.8372
 11.45 26.5281
 11.475 26.2239
 11.5 25.9245
 11.525 25.6298
 11.55 25.3399
 11.575 25.0547
 11.6 24.774
 11.625 24.498
 11.65 24.2264
 11.675 23.9593
 11.7 23.6965
 11.725 23.4382
 11.75 23.1841
 11.775 22.9342
 11.8 22.6886
 11.825 22.4471
 11.85 22.2097
 11.875 21.9763
 11.9 21.747
 11.925 21.5216
 11.95 21.3001
 11.975 21.0825
 12 20.8688
 12.025 20.6588
 12.05 20.4526
 12.075 20.2501
 12.1 20.0513
 12.125 19.8561
 12.15 19.6646
 12.175 19.4765
 12.2 19.2921
 12.225 19.1111
 12.25 18.9336
 12.275 18.7595
 12.3 18.5888
 12.325 18.4214
 12.35 18.2574
 12.375 18.0966
 12.4 17.9391
 12.425 17.7848
 12.45 17.6337
 12.475 17.4857
 12.5 17.3408
 12.525 17.199
 12.55 17.0603
 12.575 16.9245
 12.6 16.7917
 12.625 16.6618
 12.65 16.5348
 12.675 16.4107
 12.7 16.2894
 12.725 16.1709
 12.75 16.0551
 12.775 15.942
 12.8 15.8316
 12.825 15.7239
 12.85 15.6188
 12.875 15.5162
 12.9 15.4162
 12.925 15.3186
 12.95 15.2236
 12.975 15.1309
 13 15.0407
 13.025 14.9528
 13.05 14.8673
 13.075 14.7841
 13.1 14.7031
 13.125 14.6244
 13.15 14.5479
 13.175 14.4736
 13.2 14.4015
 13.225 14.3315
 13.25 14.2635
 13.275 14.1977
 13.3 14.1339
 13.325 14.0721
 13.35 14.0124
 13.375 13.9546
 13.4 13.8988
 13.425 13.8449
 13.45 13.793
 13.475 13.7429
 13.5 13.6948
 13.525 13.6485
 13.55 13.604
 13.575 13.5614
 13.6 13.5207
 13.625 13.4817
 13.65 13.4446
 13.675 13.4093
 13.7 13.3757
 13.725 13.3439
 13.75 13.3139
 13.775 13.2857
 13.8 13.2593
 13.825 13.2346
 13.85 13.2117
 13.875 13.1905
 13.9 13.1711
 13.925 13.1535
 13.95 13.1377
 13.975 13.1236
 14 13.1113
 14.025 13.1008
 14.05 13.0921
 14.075 13.0853
 14.1 13.0802
 14.125 13.077
 14.15 13.0757
 14.175 13.0762
 14.2 13.0787
 14.225 13.083
 14.25 13.0893
 14.275 13.0976
 14.3 13.1078
 14.325 13.12
 14.35 13.1343
 14.375 13.1507
 14.4 13.1692
 14.425 13.1899
 14.45 13.2127
 14.475 13.2378
 14.5 13.2651
 14.525 13.2948
 14.55 13.3268
 14.575 13.3613
 14.6 13.3983
 14.625 13.4378
 14.65 13.4799
 14.675 13.5247
 14.7 13.5723
 14.725 13.6227
 14.75 13.676
 14.775 13.7324
 14.8 13.7918
 14.825 13.8544
 14.85 13.9203
 14.875 13.9897
 14.9 14.0625
 14.925 14.139
 14.95 14.2194
 14.975 14.3036
 15 14.392
 15.025 14.4846
 15.05 14.5817
 15.075 14.6834
 15.1 14.79
 15.125 14.9017
 15.15 15.0186
 15.175 15.1412
 15.2 15.2696
 15.225 15.4041
 15.25 15.5451
 15.275 15.693
 15.3 15.8482
 15.325 16.0109
 15.35 16.1819
 15.375 16.3614
 15.4 16.5502
 15.425 16.7488
 15.45 16.9578
 15.475 17.1782
 15.5 17.4106
 15.525 17.6559
 15.55 17.9153
 15.575 18.1899
 15.6 18.4808
 15.625 18.7895
 15.65 19.1177
 15.675 19.467
 15.7 19.8395
 15.725 20.2373
 15.75 20.6631
 15.775 21.1195
 15.8 21.6099
 15.825 22.1378
 15.85 22.7073
 15.875 23.3227
 15.9 23.9891
 15.925 24.7121
 15.95 25.4977
 15.975 26.3523
 16 27.2827
 16.025 28.2955
 16.05 29.397
 16.075 30.5921
 16.1 31.8837
 16.125 33.2706
 16.15 34.7464
 16.175 36.2971
 16.2 37.9003
 16.225 39.5242
 16.25 41.1301
 16.275 42.6756
 16.3 44.1194
 16.325 45.426
 16.35 46.5682
 16.375 47.5287
 16.4 48.2991
 16.425 48.8791
 16.45 49.2742
 16.475 49.4944
 16.5 49.5522
 16.525 49.4621
 16.55 49.2389
 16.575 48.8976
 16.6 48.453
 16.625 47.9193
 16.65 47.3098
 16.675 46.6371
 16.7 45.9131
 16.725 45.1485
 16.75 44.3532
 16.775 43.5362
 16.8 42.7055
 16.825 41.8684
 16.85 41.031
 16.875 40.1987
 16.9 39.376
 16.925 38.5667
 16.95 37.7738
 16.975 36.9998
 17 36.2463
 17.025 35.5148
 17.05 34.8059
 17.075 34.1203
 17.1 33.4581
 17.125 32.8193
 17.15 32.2036
 17.175 31.6105
 17.2 31.0397
 17.225 30.4905
 17.25 29.9622
 17.275 29.4542
 17.3 28.9658
 17.325 28.4963
 17.35 28.045
 17.375 27.6112
 17.4 27.1942
 17.425 26.7934
 17.45 26.4082
 17.475 26.0379
 17.5 25.6821
 17.525 25.3401
 17.55 25.0116
 17.575 24.6959
 17.6 24.3926
 17.625 24.1013
 17.65 23.8216
 17.675 23.5531
 17.7 23.2953
 17.725 23.0481
 17.75 22.811
 17.775 22.5836
 17.8 22.3659
 17.825 22.1573
 17.85 21.9577
 17.875 21.7668
 17.9 21.5844
 17.925 21.4102
 17.95 21.2441
 17.975 21.0858
 18 20.9352
 18.025 20.7921
 18.05 20.6564
 18.075 20.5278
 18.1 20.4063
 18.125 20.2916
 18.15 20.1838
 18.175 20.0826
 18.2 19.9879
 18.225 19.8997
 18.25 19.8179
 18.275 19.7422
 18.3 19.6727
 18.325 19.6092
 18.35 19.5518
 18.375 19.5002
 18.4 19.4544
 18.425 19.4144
 18.45 19.38
 18.475 19.3513
 18.5 19.3282
 18.525 19.3106
 18.55 19.2985
 18.575 19.2919
 18.6 19.2907
 18.625 19.295
 18.65 19.3047
 18.675 19.3198
 18.7 19.3403
 18.725 19.3662
 18.75 19.3976
 18.775 19.4344
 18.8 19.4768
 18.825 19.5247
 18.85 19.5781
 18.875 19.6373
 18.9 19.7021
 18.925 19.7727
 18.95 19.8492
 18.975 19.9317
 19 20.0202
 19.025 20.1149
 19.05 20.216
 19.075 20.3235
 19.1 20.4376
 19.125 20.5586
 19.15 20.6864
 19.175 20.8215
 19.2 20.9639
 19.225 21.114
 19.25 21.2719
 19.275 21.4379
 19.3 21.6123
 19.325 21.7954
 19.35 21.9875
 19.375 22.1889
 19.4 22.4001
 19.425 22.6214
 19.45 22.8531
 19.475 23.0958
 19.5 23.3498
 19.525 23.6156
 19.55 23.8936
 19.575 24.1845
 19.6 24.4886
 19.625 24.8064
 19.65 25.1385
 19.675 25.4852
 19.7 25.8472
 19.725 26.2247
 19.75 26.6183
 19.775 27.028
 19.8 27.4543
 19.825 27.8971
 19.85 28.3564
 19.875 28.8319
 19.9 29.3231
 19.925 29.8292
 19.95 30.3491
 19.975 30.8814
 20 31.4241
 20.025 31.9748
 20.05 32.5308
 20.075 33.0887
 20.1 33.6447
 20.125 34.1944
 20.15 34.7332
 20.175 35.2562
 20.2 35.7583
 20.225 36.2345
 20.25 36.6797
 20.275 37.0893
 20.3 37.4594
 20.325 37.7864
 20.35 38.0676
 20.375 38.3009
 20.4 38.4854
 20.425 38.6205
 20.45 38.7066
 20.475 38.7449
 20.5 38.737
 20.525 38.685
 20.55 38.5915
 20.575 38.4593
 20.6 38.2914
 20.625 38.0909
 20.65 37.8611
 20.675 37.6052
 20.7 37.3262
 20.725 37.0272
 20.75 36.711
 20.775 36.3803
 20.8 36.0377
 20.825 35.6855
 20.85 35.3259
 20.875 34.9608
 20.9 34.592
 20.925 34.2211
 20.95 33.8494
 20.975 33.4784
 21 33.1091
 21.025 32.7424
 21.05 32.3792
 21.075 32.0203
 21.1 31.6663
 21.125 31.3177
 21.15 30.9749
 21.175 30.6385
 21.2 30.3086
 21.225 29.9855
 21.25 29.6694
 21.275 29.3606
 21.3 29.0591
 21.325 28.765
 21.35 28.4783
 21.375 28.1992
 21.4 27.9275
 21.425 27.6634
 21.45 27.4067
 21.475 27.1574
 21.5 26.9156
 21.525 26.6811
 21.55 26.4538
 21.575 26.2337
 21.6 26.0208
 21.625 25.8148
 21.65 25.6158
 21.675 25.4237
 21.7 25.2383
 21.725 25.0595
 21.75 24.8874
 21.775 24.7217
 21.8 24.5623
 21.825 24.4093
 21.85 24.2624
 21.875 24.1216
 21.9 23.9868
 21.925 23.858
 21.95 23.7349
 21.975 23.6176
 22 23.5059
 22.025 23.3998
 22.05 23.2992
 22.075 23.204
 22.1 23.1141
 22.125 23.0294
 22.15 22.95
 22.175 22.8757
 22.2 22.8064
 22.225 22.7421
 22.25 22.6827
 22.275 22.6283
 22.3 22.5786
 22.325 22.5337
 22.35 22.4936
 22.375 22.4581
 22.4 22.4272
 22.425 22.401
 22.45 22.3793
 22.475 22.3621
 22.5 22.3495
 22.525 22.3413
 22.55 22.3377
 22.575 22.3385
 22.6 22.3438
 22.625 22.3535
 22.65 22.3678
 22.675 22.3865
 22.7 22.4098
 22.725 22.4376
 22.75 22.4699
 22.775 22.5068
 22.8 22.5484
 22.825 22.5946
 22.85 22.6455
 22.875 22.7012
 22.9 22.7616
 22.925 22.8269
 22.95 22.8972
 22.975 22.9724
 23 23.0527
 23.025 23.1382
 23.05 23.2289
 23.075 23.3249
 23.1 23.4263
 23.125 23.5333
 23.15 23.6458
 23.175 23.7642
 23.2 23.8883
 23.225 24.0185
 23.25 24.1547
 23.275 24.2972
 23.3 24.446
 23.325 24.6014
 23.35 24.7633
 23.375 24.932
 23.4 25.1077
 23.425 25.2903
 23.45 25.4801
 23.475 25.6772
 23.5 25.8817
 23.525 26.0936
 23.55 26.3131
 23.575 26.5403
 23.6 26.7751
 23.625 27.0176
 23.65 27.2677
 23.675 27.5254
 23.7 27.7906
 23.725 28.0631
 23.75 28.3427
 23.775 28.629
 23.8 28.9218
 23.825 29.2205
 23.85 29.5246
 23.875 29.8335
 23.9 30.1464
 23.925 30.4623
 23.95 30.7803
 23.975 31.0994
 24 31.4181
 24.025 31.7353
 24.05 32.0493
 24.075 32.3587
 24.1 32.6618
 24.125 32.9569
 24.15 33.2423
 24.175 33.5161
 24.2 33.7767
 24.225 34.0223
 24.25 34.2514
 24.275 34.4624
 24.3 34.6539
 24.325 34.8249
 24.35 34.9742
 24.375 35.101
 24.4 35.2048
 24.425 35.2852
 24.45 35.3421
 24.475 35.3754
 24.5 35.3854
 24.525 35.3727
 24.55 35.3377
 24.575 35.2812
 24.6 35.2042
 24.625 35.1076
 24.65 34.9924
 24.675 34.8599
 24.7 34.7112
 24.725 34.5475
 24.75 34.37
 24.775 34.18
 24.8 33.9786
 24.825 33.767
 24.85 33.5463
 24.875 33.3176
 24.9 33.082
 24.925 32.8405
 24.95 32.5939
 24.975 32.3431
 25 32.089
 25.025 31.8324
 25.05 31.5738
 25.075 31.314
 25.1 31.0536
 25.125 30.7932
 25.15 30.5331
 25.175 30.2739
 25.2 30.016
 25.225 29.7598
 25.25 29.5056
 25.275 29.2537
 25.3 29.0043
 25.325 28.7578
 25.35 28.5144
 25.375 28.2742
 25.4 28.0374
 25.425 27.8042
 25.45 27.5747
 25.475 27.349
 25.5 27.1273
 25.525 26.9096
 25.55 26.6959
 25.575 26.4865
 25.6 26.2812
 25.625 26.0802
 25.65 25.8836
 25.675 25.6912
 25.7 25.5033
 25.725 25.3197
 25.75 25.1405
 25.775 24.9658
 25.8 24.7954
 25.825 24.6295
 25.85 24.468
 25.875 24.3109
 25.9 24.1583
 25.925 24.01
 25.95 23.8662
 25.975 23.7267
 26 23.5916
 26.025 23.4609
 26.05 23.3345
 26.075 23.2124
 26.1 23.0947
 26.125 22.9812
 26.15 22.872
 26.175 22.7672
 26.2 22.6665
 26.225 22.5701
 26.25 22.4779
 26.275 22.3899
 26.3 22.3061
 26.325 22.2265
 26.35 22.151
 26.375 22.0797
 26.4 22.0126
 26.425 21.9495
 26.45 21.8906
 26.475 21.8358
 26.5 21.7852
 26.525 21.7386
 26.55 21.6962
 26.575 21.6579
 26.6 21.6237
 26.625 21.5936
 26.65 21.5677
 26.675 21.5459
 26.7 21.5283
 26.725 21.5149
 26.75 21.5057
 26.775 21.5008
 26.8 21.5001
 26.825 21.5038
 26.85 21.5118
 26.875 21.5242
 26.9 21.5411
 26.925 21.5625
 26.95 21.5884
 26.975 21.619
 27 21.6543
 27.025 21.6944
 27.05 21.7394
 27.075 21.7893
 27.1 21.8443
 27.125 21.9045
 27.15 21.9699
 27.175 22.0408
 27.2 22.1172
 27.225 22.1993
 27.25 22.2873
 27.275 22.3813
 27.3 22.4814
 27.325 22.5879
 27.35 22.701
 27.375 22.8208
 27.4 22.9476
 27.425 23.0816
 27.45 23.2231
 27.475 23.3722
 27.5 23.5294
 27.525 23.6948
 27.55 23.8687
 27.575 24.0515
 27.6 24.2435
 27.625 24.4451
 27.65 24.6564
 27.675 24.878
 27.7 25.1101
 27.725 25.3531
 27.75 25.6074
 27.775 25.8733
 27.8 26.1511
 27.825 26.4412
 27.85 26.7438
 27.875 27.0592
 27.9 27.3875
 27.925 27.729
 27.95 28.0835
 27.975 28.4512
 28 28.8318
 28.025 29.2249
 28.05 29.6301
 28.075 30.0466
 28.1 30.4735
 28.125 30.9097
 28.15 31.3536
 28.175 31.8035
 28.2 32.2574
 28.225 32.7127
 28.25 33.1668
 28.275 33.6168
 28.3 34.0593
 28.325 34.4909
 28.35 34.9081
 28.375 35.3071
 28.4 35.6846
 28.425 36.0369
 28.45 36.3609
 28.475 36.6538
 28.5 36.913
 28.525 37.1365
 28.55 37.3229
 28.575 37.4711
 28.6 37.5806
 28.625 37.6514
 28.65 37.684
 28.675 37.6793
 28.7 37.6386
 28.725 37.5634
 28.75 37.4555
 28.775 37.3169
 28.8 37.1498
 28.825 36.9564
 28.85 36.739
 28.875 36.4998
 28.9 36.2411
 28.925 35.965
 28.95 35.6738
 28.975 35.3694
 29 35.0536
 29.025 34.7284
 29.05 34.3953
 29.075 34.0559
 29.1 33.7116
 29.125 33.3637
 29.15 33.0133
 29.175 32.6616
 29.2 32.3094
 29.225 31.9576
 29.25 31.6069
 29.275 31.2581
 29.3 30.9116
 29.325 30.5681
 29.35 30.2279
 29.375 29.8915
 29.4 29.5591
 29.425 29.231
 29.45 28.9076
 29.475 28.5889
 29.5 28.2751
 29.525 27.9665
 29.55 27.663
 29.575 27.3649
 29.6 27.0721
 29.625 26.7847
 29.65 26.5028
 29.675 26.2263
 29.7 25.9553
 29.725 25.6898
 29.75 25.4298
 29.775 25.1752
 29.8 24.9261
 29.825 24.6825
 29.85 24.4442
 29.875 24.2113
 29.9 23.9838
 29.925 23.7615
 29.95 23.5445
 29.975 23.3328
 30 23.1262
 30.025 22.9248
 30.05 22.7285
 30.075 22.5373
 30.1 22.3511
 30.125 22.1698
 30.15 21.9935
 30.175 21.8221
 30.2 21.6555
 30.225 21.4938
 30.25 21.3367
 30.275 21.1845
 30.3 21.0369
 30.325 20.8939
 30.35 20.7555
 30.375 20.6217
 30.4 20.4924
 30.425 20.3675
 30.45 20.2471
 30.475 20.1311
 30.5 20.0195
 30.525 19.9121
 30.55 19.8091
 30.575 19.7103
 30.6 19.6156
 30.625 19.5252
 30.65 19.4389
 30.675 19.3568
 30.7 19.2787
 30.725 19.2047
 30.75 19.1347
 30.775 19.0686
 30.8 19.0066
 30.825 18.9485
 30.85 18.8944
 30.875 18.8441
 30.9 18.7978
 30.925 18.7553
 30.95 18.7168
 30.975 18.682
 31 18.6511
 31.025 18.6241
 31.05 18.6009
 31.075 18.5815
 31.1 18.566
 31.125 18.5543
 31.15 18.5465
 31.175 18.5426
 31.2 18.5426
 31.225 18.5464
 31.25 18.5542
 31.275 18.566
 31.3 18.5818
 31.325 18.6017
 31.35 18.6256
 31.375 18.6537
 31.4 18.686
 31.425 18.7225
 31.45 18.7634
 31.475 18.8087
 31.5 18.8585
 31.525 18.9128
 31.55 18.9719
 31.575 19.0358
 31.6 19.1046
 31.625 19.1785
 31.65 19.2576
 31.675 19.342
 31.7 19.432
 31.725 19.5277
 31.75 19.6293
 31.775 19.7371
 31.8 19.8512
 31.825 19.972
 31.85 20.0996
 31.875 20.2345
 31.9 20.3768
 31.925 20.5271
 31.95 20.6855
 31.975 20.8526
 32 21.0288
 32.025 21.2146
 32.05 21.4104
 32.075 21.6168
 32.1 21.8344
 32.125 22.0639
 32.15 22.3059
 32.175 22.5611
 32.2 22.8304
 32.225 23.1147
 32.25 23.4147
 32.275 23.7315
 32.3 24.0661
 32.325 24.4195
 32.35 24.793
 32.375 25.1876
 32.4 25.6045
 32.425 26.045
 32.45 26.5103
 32.475 27.0014
 32.5 27.5196
 32.525 28.0657
 32.55 28.6404
 32.575 29.2441
 32.6 29.8769
 32.625 30.5382
 32.65 31.2268
 32.675 31.9408
 32.7 32.677
 32.725 33.4314
 32.75 34.1987
 32.775 34.9722
 32.8 35.7441
 32.825 36.5055
 32.85 37.2468
 32.875 37.958
 32.9 38.6289
 32.925 39.2501
 32.95 39.8132
 32.975 40.311
 33 40.7381
 33.025 41.0906
 33.05 41.3666
 33.075 41.5657
 33.1 41.6888
 33.125 41.7385
 33.15 41.7178
 33.175 41.6309
 33.2 41.4825
 33.225 41.2775
 33.25 41.0212
 33.275 40.7188
 33.3 40.3757
 33.325 39.9968
 33.35 39.5873
 33.375 39.1516
 33.4 38.6944
 33.425 38.2195
 33.45 37.7308
 33.475 37.2317
 33.5 36.7251
 33.525 36.2139
 33.55 35.7005
 33.575 35.1868
 33.6 34.6749
 33.625 34.1662
 33.65 33.662
 33.675 33.1634
 33.7 32.6714
 33.725 32.1867
 33.75 31.7099
 33.775 31.2414
 33.8 30.7816
 33.825 30.3307
 33.85 29.8889
 33.875 29.4563
 33.9 29.033
 33.925 28.6188
 33.95 28.2139
 33.975 27.8181
 34 27.4312
 34.025 27.0533
 34.05 26.6841
 34.075 26.3235
 34.1 25.9713
 34.125 25.6274
 34.15 25.2916
 34.175 24.9638
 34.2 24.6438
 34.225 24.3313
 34.25 24.0264
 34.275 23.7287
 34.3 23.4383
 34.325 23.1548
 34.35 22.8781
 34.375 22.6082
 34.4 22.3448
 34.425 22.0879
 34.45 21.8373
 34.475 21.5929
 34.5 21.3546
 34.525 21.1222
 34.55 20.8957
 34.575 20.6749
 34.6 20.4597
 34.625 20.25
 34.65 20.0458
 34.675 19.8469
 34.7 19.6532
 34.725 19.4647
 34.75 19.2812
 34.775 19.1027
 34.8 18.9291
 34.825 18.7602
 34.85 18.5961
 34.875 18.4366
 34.9 18.2816
 34.925 18.1311
 34.95 17.985
 34.975 17.8432
 35 17.7057
 35.025 17.5723
 35.05 17.443
 35.075 17.3177
 35.1 17.1964
 35.125 17.079
 35.15 16.9654
 35.175 16.8555
 35.2 16.7493
 35.225 16.6467
 35.25 16.5477
 35.275 16.4521
 35.3 16.36
 35.325 16.2712
 35.35 16.1857
 35.375 16.1035
 35.4 16.0245
 35.425 15.9486
 35.45 15.8758
 35.475 15.806
 35.5 15.7391
 35.525 15.6752
 35.55 15.6141
 35.575 15.5559
 35.6 15.5004
 35.625 15.4477
 35.65 15.3976
 35.675 15.3502
 35.7 15.3054
 35.725 15.2631
 35.75 15.2233
 35.775 15.186
 35.8 15.1512
 35.825 15.1188
 35.85 15.0887
 35.875 15.061
 35.9 15.0356
 35.925 15.0125
 35.95 14.9916
 35.975 14.973
 36 14.9565
 36.025 14.9423
 36.05 14.9302
 36.075 14.9203
 36.1 14.9125
 36.125 14.9068
 36.15 14.9032
 36.175 14.9018
 36.2 14.9024
 36.225 14.905
 36.25 14.9098
 36.275 14.9165
 36.3 14.9254
 36.325 14.9363
 36.35 14.9493
 36.375 14.9643
 36.4 14.9815
 36.425 15.0007
 36.45 15.0219
 36.475 15.0453
 36.5 15.0709
 36.525 15.0986
 36.55 15.1284
 36.575 15.1605
 36.6 15.1948
 36.625 15.2313
 36.65 15.2701
 36.675 15.3113
 36.7 15.3549
 36.725 15.4009
 36.75 15.4493
 36.775 15.5004
 36.8 15.554
 36.825 15.6103
 36.85 15.6693
 36.875 15.7312
 36.9 15.796
 36.925 15.8638
 36.95 15.9347
 36.975 16.0088
 37 16.0863
 37.025 16.1672
 37.05 16.2518
 37.075 16.3401
 37.1 16.4323
 37.125 16.5286
 37.15 16.6292
 37.175 16.7342
 37.2 16.844
 37.225 16.9587
 37.25 17.0786
 37.275 17.204
 37.3 17.3352
 37.325 17.4725
 37.35 17.6164
 37.375 17.767
 37.4 17.9251
 37.425 18.0908
 37.45 18.2649
 37.475 18.4479
 37.5 18.6404
 37.525 18.843
 37.55 19.0565
 37.575 19.2818
 37.6 19.5197
 37.625 19.7712
 37.65 20.0376
 37.675 20.3198
 37.7 20.6195
 37.725 20.9379
 37.75 21.2769
 37.775 21.6382
 37.8 22.024
 37.825 22.4363
 37.85 22.8779
 37.875 23.3514
 37.9 23.8599
 37.925 24.4067
 37.95 24.9953
 37.975 25.6298
 38 26.3141
 38.025 27.0525
 38.05 27.8491
 38.075 28.708
 38.1 29.6327
 38.125 30.6256
 38.15 31.6876
 38.175 32.8173
 38.2 34.01
 38.225 35.2569
 38.25 36.5443
 38.275 37.8533
 38.3 39.1606
 38.325 40.4392
 38.35 41.6614
 38.375 42.8005
 38.4 43.8338
 38.425 44.7433
 38.45 45.5174
 38.475 46.1496
 38.5 46.6386
 38.525 46.9872
 38.55 47.2008
 38.575 47.2872
 38.6 47.2553
 38.625 47.1147
 38.65 46.8755
 38.675 46.5475
 38.7 46.1408
 38.725 45.6649
 38.75 45.129
 38.775 44.5419
 38.8 43.9121
 38.825 43.2475
 38.85 42.5552
 38.875 41.8422
 38.9 41.1145
 38.925 40.3779
 38.95 39.6372
 38.975 38.8968
 39 38.1605
 39.025 37.4316
 39.05 36.7128
 39.075 36.0062
 39.1 35.3138
 39.125 34.6367
 39.15 33.9763
 39.175 33.3331
 39.2 32.7076
 39.225 32.1003
 39.25 31.5112
 39.275 30.9402
 39.3 30.3873
 39.325 29.8523
 39.35 29.3347
 39.375 28.8344
 39.4 28.3509
 39.425 27.8838
 39.45 27.4327
 39.475 26.9972
 39.5 26.5767
 39.525 26.171
 39.55 25.7794
 39.575 25.4017
 39.6 25.0373
 39.625 24.6858
 39.65 24.3468
 39.675 24.0199
 39.7 23.7046
 39.725 23.4006
 39.75 23.1075
 39.775 22.8249
 39.8 22.5523
 39.825 22.2895
 39.85 22.036
 39.875 21.7915
 39.9 21.5557
 39.925 21.3281
 39.95 21.1085
 39.975 20.8965
 40 20.6918
 40.025 20.4942
 40.05 20.3032
 40.075 20.1186
 40.1 19.9402
 40.125 19.7676
 40.15 19.6006
 40.175 19.4389
 40.2 19.2823
 40.225 19.1306
 40.25 18.9835
 40.275 18.8408
 40.3 18.7024
 40.325 18.5679
 40.35 18.4373
 40.375 18.3103
 40.4 18.1867
 40.425 18.0665
 40.45 17.9494
 40.475 17.8353
 40.5 17.7241
 40.525 17.6156
 40.55 17.5097
 40.575 17.4062
 40.6 17.305
 40.625 17.2061
 40.65 17.1094
 40.675 17.0146
 40.7 16.9218
 40.725 16.8308
 40.75 16.7415
 40.775 16.6539
 40.8 16.5678
 40.825 16.4833
 40.85 16.4002
 40.875 16.3184
 40.9 16.2379
 40.925 16.1587
 40.95 16.0806
 40.975 16.0036
 41 15.9277
 41.025 15.8528
 41.05 15.7788
 41.075 15.7058
 41.1 15.6336
 41.125 15.5623
 41.15 15.4917
 41.175 15.4219
 41.2 15.3528
 41.225 15.2844
 41.25 15.2167
 41.275 15.1496
 41.3 15.0831
 41.325 15.0171
 41.35 14.9518
 41.375 14.887
 41.4 14.8227
 41.425 14.7589
 41.45 14.6956
 41.475 14.6329
 41.5 14.5705
 41.525 14.5087
 41.55 14.4473
 41.575 14.3864
 41.6 14.3259
 41.625 14.2658
 41.65 14.2062
 41.675 14.147
 41.7 14.0883
 41.725 14.03
 41.75 13.9721
 41.775 13.9147
 41.8 13.8577
 41.825 13.8012
 41.85 13.7451
 41.875 13.6894
 41.9 13.6343
 41.925 13.5796
 41.95 13.5254
 41.975 13.4716
 42 13.4183
 42.025 13.3656
 42.05 13.3133
 42.075 13.2615
 42.1 13.2103
 42.125 13.1596
 42.15 13.1094
 42.175 13.0597
 42.2 13.0106
 42.225 12.962
 42.25 12.914
 42.275 12.8666
 42.3 12.8197
 42.325 12.7734
 42.35 12.7277
 42.375 12.6826
 42.4 12.6381
 42.425 12.5942
 42.45 12.551
 42.475 12.5083
 42.5 12.4662
 42.525 12.4248
 42.55 12.384
 42.575 12.3439
 42.6 12.3044
 42.625 12.2656
 42.65 12.2274
 42.675 12.1898
 42.7 12.1529
 42.725 12.1167
 42.75 12.0812
 42.775 12.0463
 42.8 12.0121
 42.825 11.9785
 42.85 11.9457
 42.875 11.9135
 42.9 11.882
 42.925 11.8512
 42.95 11.821
 42.975 11.7916
 43 11.7628
 43.025 11.7347
 43.05 11.7073
 43.075 11.6806
 43.1 11.6546
 43.125 11.6293
 43.15 11.6047
 43.175 11.5807
 43.2 11.5575
 43.225 11.5349
 43.25 11.513
 43.275 11.4919
 43.3 11.4714
 43.325 11.4516
 43.35 11.4325
 43.375 11.414
 43.4 11.3963
 43.425 11.3793
 43.45 11.3629
 43.475 11.3472
 43.5 11.3322
 43.525 11.3179
 43.55 11.3043
 43.575 11.2913
 43.6 11.2791
 43.625 11.2675
 43.65 11.2566
 43.675 11.2464
 43.7 11.2369
 43.725 11.228
 43.75 11.2198
 43.775 11.2123
 43.8 11.2055
 43.825 11.1994
 43.85 11.1939
 43.875 11.1891
 43.9 11.185
 43.925 11.1815
 43.95 11.1788
 43.975 11.1767
 44 11.1753
 44.025 11.1746
 44.05 11.1746
 44.075 11.1752
 44.1 11.1765
 44.125 11.1785
 44.15 11.1812
 44.175 11.1846
 44.2 11.1887
 44.225 11.1935
 44.25 11.1989
 44.275 11.2051
 44.3 11.212
 44.325 11.2195
 44.35 11.2278
 44.375 11.2368
 44.4 11.2465
 44.425 11.2569
 44.45 11.268
 44.475 11.2799
 44.5 11.2925
 44.525 11.3059
 44.55 11.32
 44.575 11.3349
 44.6 11.3505
 44.625 11.3669
 44.65 11.3841
 44.675 11.4021
 44.7 11.4208
 44.725 11.4404
 44.75 11.4607
 44.775 11.482
 44.8 11.504
 44.825 11.5269
 44.85 11.5507
 44.875 11.5754
 44.9 11.6009
 44.925 11.6274
 44.95 11.6548
 44.975 11.6831
 45 11.7124
 45.025 11.7427
 45.05 11.774
 45.075 11.8064
 45.1 11.8397
 45.125 11.8742
 45.15 11.9098
 45.175 11.9465
 45.2 11.9844
 45.225 12.0234
 45.25 12.0637
 45.275 12.1053
 45.3 12.1482
 45.325 12.1924
 45.35 12.238
 45.375 12.285
 45.4 12.3335
 45.425 12.3835
 45.45 12.4351
 45.475 12.4884
 45.5 12.5433
 45.525 12.6
 45.55 12.6585
 45.575 12.719
 45.6 12.7814
 45.625 12.8459
 45.65 12.9126
 45.675 12.9815
 45.7 13.0528
 45.725 13.1265
 45.75 13.2029
 45.775 13.2819
 45.8 13.3638
 45.825 13.4487
 45.85 13.5368
 45.875 13.6282
 45.9 13.7231
 45.925 13.8217
 45.95 13.9243
 45.975 14.0311
 46 14.1423
 46.025 14.2582
 46.05 14.3791
 46.075 14.5054
 46.1 14.6374
 46.125 14.7756
 46.15 14.9203
 46.175 15.0722
 46.2 15.2316
 46.225 15.3993
 46.25 15.5758
 46.275 15.762
 46.3 15.9587
 46.325 16.1667
 46.35 16.3872
 46.375 16.6214
 46.4 16.8705
 46.425 17.1361
 46.45 17.4198
 46.475 17.7238
 46.5 18.0501
 46.525 18.4014
 46.55 18.7807
 46.575 19.1914
 46.6 19.6375
 46.625 20.1237
 46.65 20.6554
 46.675 21.2389
 46.7 21.8819
 46.725 22.5929
 46.75 23.3824
 46.775 24.2622
 46.8 25.2462
 46.825 26.3502
 46.85 27.5916
 46.875 28.9893
 46.9 30.5616
 46.925 32.3241
 46.95 34.2851
 46.975 36.439
 47 38.7589
 47.025 41.1916
 47.05 43.6597
 47.075 46.0735
 47.1 48.3471
 47.125 50.4117
 47.15 52.2217
 47.175 53.7559
 47.2 55.0113
 47.225 55.9973
 47.25 56.7303
 47.275 57.23
 47.3 57.5162
 47.325 57.6081
 47.35 57.5237
 47.375 57.2795
 47.4 56.8914
 47.425 56.3743
 47.45 55.7424
 47.475 55.0093
 47.5 54.1883
 47.525 53.2919
 47.55 52.3323
 47.575 51.3208
 47.6 50.2685
 47.625 49.1854
 47.65 48.0819
 47.675 46.9677
 47.7 45.8515
 47.725 44.741
 47.75 43.6429
 47.775 42.5631
 47.8 41.5064
 47.825 40.4768
 47.85 39.4773
 47.875 38.5104
 47.9 37.5778
 47.925 36.6805
 47.95 35.819
 47.975 34.9936
 48 34.204
 48.025 33.4499
 48.05 32.7305
 48.075 32.0451
 48.1 31.3928
 48.125 30.7728
 48.15 30.1841
 48.175 29.6256
 48.2 29.0962
 48.225 28.5949
 48.25 28.1205
 48.275 27.6716
 48.3 27.2471
 48.325 26.8455
 48.35 26.4654
 48.375 26.1055
 48.4 25.7642
 48.425 25.4402
 48.45 25.132
 48.475 24.8383
 48.5 24.5577
 48.525 24.2889
 48.55 24.0309
 48.575 23.7823
 48.6 23.5423
 48.625 23.3099
 48.65 23.0841
 48.675 22.8643
 48.7 22.6496
 48.725 22.4395
 48.75 22.2334
 48.775 22.0307
 48.8 21.8312
 48.825 21.6342
 48.85 21.4396
 48.875 21.247
 48.9 21.0563
 48.925 20.867
 48.95 20.6792
 48.975 20.4925
 49 20.307
 49.025 20.1223
 49.05 19.9386
 49.075 19.7556
 49.1 19.5734
 49.125 19.3917
 49.15 19.2107
 49.175 19.0303
 49.2 18.8503
 49.225 18.6708
 49.25 18.4919
 49.275 18.3133
 49.3 18.1352
 49.325 17.9576
 49.35 17.7803
 49.375 17.6035
 49.4 17.427
 49.425 17.251
 49.45 17.0753
 49.475 16.9001
 49.5 16.7253
 49.525 16.5509
 49.55 16.377
 49.575 16.2035
 49.6 16.0304
 49.625 15.8577
 49.65 15.6856
 49.675 15.5139
 49.7 15.3428
 49.725 15.1721
 49.75 15.002
 49.775 14.8324
 49.8 14.6634
 49.825 14.495
 49.85 14.3272
 49.875 14.1601
 49.9 13.9936
 49.925 13.8278
 49.95 13.6627
 49.975 13.4983
 50 13.3348
 50.025 13.172
 50.05 13.01
 50.075 12.8488
 50.1 12.6886
 50.125 12.5292
 50.15 12.3708
 50.175 12.2133
 50.2 12.0568
 50.225 11.9013
 50.25 11.7469
 50.275 11.5935
 50.3 11.4412
 50.325 11.29
 50.35 11.14
 50.375 10.9911
 50.4 10.8434
 50.425 10.697
 50.45 10.5517
 50.475 10.4077
 50.5 10.265
 50.525 10.1236
 50.55 9.98346
 50.575 9.84466
 50.6 9.7072
 50.625 9.57109
 50.65 9.43635
 50.675 9.30298
 50.7 9.171
 50.725 9.04042
 50.75 8.91124
 50.775 8.78347
 50.8 8.65712
 50.825 8.5322
 50.85 8.4087
 50.875 8.28662
 50.9 8.16598
 50.925 8.04677
 50.95 7.929
 50.975 7.81265
 51 7.69773
 51.025 7.58424
 51.05 7.47218
 51.075 7.36153
 51.1 7.2523
 51.125 7.14448
 51.15 7.03806
 51.175 6.93304
 51.2 6.8294
 51.225 6.72715
 51.25 6.62628
 51.275 6.52676
 51.3 6.42861
 51.325 6.3318
 51.35 6.23632
 51.375 6.14217
 51.4 6.04934
 51.425 5.95782
 51.45 5.86758
 51.475 5.77863
 51.5 5.69095
 51.525 5.60454
 51.55 5.51936
 51.575 5.43543
 51.6 5.35272
 51.625 5.27122
 51.65 5.19091
 51.675 5.1118
 51.7 5.03386
 51.725 4.95708
 51.75 4.88145
 51.775 4.80696
 51.8 4.73359
 51.825 4.66133
 51.85 4.59018
 51.875 4.5201
 51.9 4.45111
 51.925 4.38317
 51.95 4.31628
 51.975 4.25042
 52 4.18559
 52.025 4.12178
 52.05 4.05895
 52.075 3.99712
 52.1 3.93626
 52.125 3.87636
 52.15 3.81741
 52.175 3.7594
 52.2 3.70231
 52.225 3.64614
 52.25 3.59087
 52.275 3.53649
 52.3 3.48299
 52.325 3.43036
 52.35 3.37858
 52.375 3.32764
 52.4 3.27754
 52.425 3.22826
 52.45 3.17979
 52.475 3.13212
 52.5 3.08524
 52.525 3.03914
 52.55 2.9938
 52.575 2.94922
 52.6 2.90539
 52.625 2.86229
 52.65 2.81992
 52.675 2.77826
 52.7 2.73731
 52.725 2.69705
 52.75 2.65748
 52.775 2.61859
 52.8 2.58036
 52.825 2.54279
 52.85 2.50586
 52.875 2.46957
 52.9 2.43391
 52.925 2.39887
 52.95 2.36444
 52.975 2.33061
 53 2.29738
 53.025 2.26472
 53.05 2.23265
 53.075 2.20113
 53.1 2.17018
 53.125 2.13978
 53.15 2.10991
 53.175 2.08058
 53.2 2.05178
 53.225 2.02349
 53.25 1.99571
 53.275 1.96844
 53.3 1.94166
 53.325 1.91536
 53.35 1.88954
 53.375 1.8642
 53.4 1.83932
 53.425 1.81489
 53.45 1.79092
 53.475 1.76739
 53.5 1.74429
 53.525 1.72163
 53.55 1.69938
 53.575 1.67755
 53.6 1.65613
 53.625 1.63512
 53.65 1.6145
 53.675 1.59427
 53.7 1.57442
 53.725 1.55495
 53.75 1.53586
 53.775 1.51712
 53.8 1.49875
 53.825 1.48073
 53.85 1.46306
 53.875 1.44574
 53.9 1.42875
 53.925 1.41209
 53.95 1.39575
 53.975 1.37974
 54 1.36404
 54.025 1.34865
 54.05 1.33357
 54.075 1.31878
 54.1 1.30429
 54.125 1.29009
 54.15 1.27618
 54.175 1.26255
 54.2 1.24919
 54.225 1.2361
 54.25 1.22328
 54.275 1.21072
 54.3 1.19842
 54.325 1.18637
 54.35 1.17456
 54.375 1.16301
 54.4 1.15169
 54.425 1.14061
 54.45 1.12976
 54.475 1.11914
 54.5 1.10874
 54.525 1.09856
 54.55 1.0886
 54.575 1.07885
 54.6 1.06931
 54.625 1.05998
 54.65 1.05084
 54.675 1.0419
 54.7 1.03316
 54.725 1.02461
 54.75 1.01624
 54.775 1.00806
 54.8 1.00006
 54.825 0.992235
 54.85 0.984584
 54.875 0.977105
 54.9 0.969794
 54.925 0.962647
 54.95 0.955662
 54.975 0.948837
 55 0.942167
 55.025 0.93565
 55.05 0.929284
 55.075 0.923065
 55.1 0.916991
 55.125 0.911059
 55.15 0.905267
 55.175 0.899612
 55.2 0.894091
 55.225 0.888701
 55.25 0.883441
 55.275 0.878308
 55.3 0.873299
 55.325 0.868412
 55.35 0.863645
 55.375 0.858996
 55.4 0.854461
 55.425 0.850039
 55.45 0.845729
 55.475 0.841526
 55.5 0.837431
 55.525 0.833439
 55.55 0.82955
 55.575 0.825761
 55.6 0.822071
 55.625 0.818476
 55.65 0.814976
 55.675 0.811569
 55.7 0.808252
 55.725 0.805024
 55.75 0.801882
 55.775 0.798826
 55.8 0.795853
 55.825 0.792963
 55.85 0.790152
 55.875 0.787419
 55.9 0.784764
 55.925 0.782183
 55.95 0.779676
 55.975 0.777241
 56 0.774876
 56.025 0.772581
 56.05 0.770352
 56.075 0.76819
 56.1 0.766091
 56.125 0.764056
 56.15 0.762082
 56.175 0.760169
 56.2 0.758314
 56.225 0.756516
 56.25 0.754775
 56.275 0.753088
 56.3 0.751455
 56.325 0.749874
 56.35 0.748344
 56.375 0.746864
 56.4 0.745432
 56.425 0.744048
 56.45 0.74271
 56.475 0.741417
 56.5 0.740168
 56.525 0.738961
 56.55 0.737797
 56.575 0.736673
 56.6 0.735589
 56.625 0.734544
 56.65 0.733537
 56.675 0.732566
 56.7 0.731631
 56.725 0.73073
 56.75 0.729864
 56.775 0.72903
 56.8 0.728229
 56.825 0.727459
 56.85 0.726719
 56.875 0.726008
 56.9 0.725326
 56.925 0.724672
 56.95 0.724046
 56.975 0.723445
 57 0.72287
 57.025 0.722319
 57.05 0.721792
 57.075 0.721289
 57.1 0.720808
 57.125 0.720349
 57.15 0.719911
 57.175 0.719493
 57.2 0.719096
 57.225 0.718717
 57.25 0.718356
 57.275 0.718014
 57.3 0.717688
 57.325 0.717379
 57.35 0.717086
 57.375 0.716809
 57.4 0.716546
 57.425 0.716297
 57.45 0.716062
 57.475 0.71584
 57.5 0.715631
 57.525 0.715433
 57.55 0.715247
 57.575 0.715072
 57.6 0.714908
 57.625 0.714754
 57.65 0.714609
 57.675 0.714473
 57.7 0.714346
 57.725 0.714227
 57.75 0.714116
 57.775 0.714012
 57.8 0.713916
 57.825 0.713825
 57.85 0.713741
 57.875 0.713663
 57.9 0.71359
 57.925 0.713523
 57.95 0.71346
 57.975 0.713401
 58 0.713346
 58.025 0.713295
 58.05 0.713247
 58.075 0.713203
 58.1 0.713161
 58.125 0.713121
 58.15 0.713083
 58.175 0.713048
 58.2 0.713013
 58.225 0.71298
 58.25 0.712948
 58.275 0.712916
 58.3 0.712885
 58.325 0.712854
 58.35 0.712823
 58.375 0.712791
 58.4 0.712758
 58.425 0.712725
 58.45 0.71269
 58.475 0.712655
 58.5 0.712617
 58.525 0.712578
 58.55 0.712536
 58.575 0.712492
 58.6 0.712446
 58.625 0.712397
 58.65 0.712345
 58.675 0.71229
 58.7 0.712232
 58.725 0.71217
 58.75 0.712105
 58.775 0.712035
 58.8 0.711962
 58.825 0.711884
 58.85 0.711802
 58.875 0.711716
 58.9 0.711625
 58.925 0.711529
 58.95 0.711427
 58.975 0.711321
 59 0.71121
 59.025 0.711093
 59.05 0.71097
 59.075 0.710842
 59.1 0.710708
 59.125 0.710568
 59.15 0.710422
 59.175 0.710269
 59.2 0.710111
 59.225 0.709946
 59.25 0.709774
 59.275 0.709596
 59.3 0.709411
 59.325 0.709219
 59.35 0.70902
 59.375 0.708814
 59.4 0.708601
 59.425 0.708381
 59.45 0.708154
 59.475 0.707919
 59.5 0.707676
 59.525 0.707426
 59.55 0.707169
 59.575 0.706904
 59.6 0.706631
 59.625 0.70635
 59.65 0.706061
 59.675 0.705765
 59.7 0.70546
 59.725 0.705148
 59.75 0.704827
 59.775 0.704498
 59.8 0.704161
 59.825 0.703816
 59.85 0.703462
 59.875 0.7031
 59.9 0.70273
 59.925 0.702351
 59.95 0.701964
 59.975 0.701568
 60 0.701164
 60.025 0.700751
 60.05 0.70033
 60.075 0.6999
 60.1 0.699461
 60.125 0.699014
 60.15 0.698558
 60.175 0.698093
 60.2 0.69762
 60.225 0.697138
 60.25 0.696647
 60.275 0.696148
 60.3 0.695639
 60.325 0.695122
 60.35 0.694597
 60.375 0.694062
 60.4 0.693519
 60.425 0.692966
 60.45 0.692406
 60.475 0.691836
 60.5 0.691257
 60.525 0.69067
 60.55 0.690074
 60.575 0.689469
 60.6 0.688856
 60.625 0.688233
 60.65 0.687602
 60.675 0.686962
 60.7 0.686314
 60.725 0.685657
 60.75 0.684991
 60.775 0.684316
 60.8 0.683633
 60.825 0.682941
 60.85 0.68224
 60.875 0.681531
 60.9 0.680814
 60.925 0.680087
 60.95 0.679352
 60.975 0.678609
 61 0.677857
 61.025 0.677097
 61.05 0.676328
 61.075 0.675551
 61.1 0.674765
 61.125 0.673972
 61.15 0.673169
 61.175 0.672359
 61.2 0.67154
 61.225 0.670713
 61.25 0.669878
 61.275 0.669034
 61.3 0.668183
 61.325 0.667323
 61.35 0.666456
 61.375 0.66558
 61.4 0.664697
 61.425 0.663806
 61.45 0.662906
 61.475 0.661999
 61.5 0.661085
 61.525 0.660162
 61.55 0.659232
 61.575 0.658294
 61.6 0.657349
 61.625 0.656397
 61.65 0.655436
 61.675 0.654469
 61.7 0.653494
 61.725 0.652512
 61.75 0.651522
 61.775 0.650526
 61.8 0.649522
 61.825 0.648511
 61.85 0.647493
 61.875 0.646469
 61.9 0.645437
 61.925 0.644398
 61.95 0.643353
 61.975 0.642301
 62 0.641242
 62.025 0.640177
 62.05 0.639105
 62.075 0.638026
 62.1 0.636941
 62.125 0.63585
 62.15 0.634752
 62.175 0.633648
 62.2 0.632537
 62.225 0.631421
 62.25 0.630298
 62.275 0.629169
 62.3 0.628034
 62.325 0.626893
 62.35 0.625747
 62.375 0.624594
 62.4 0.623435
 62.425 0.622271
 62.45 0.621101
 62.475 0.619925
 62.5 0.618744
 62.525 0.617557
 62.55 0.616365
 62.575 0.615167
 62.6 0.613963
 62.625 0.612755
 62.65 0.611541
 62.675 0.610322
 62.7 0.609098
 62.725 0.607868
 62.75 0.606634
 62.775 0.605394
 62.8 0.60415
 62.825 0.6029
 62.85 0.601646
 62.875 0.600387
 62.9 0.599123
 62.925 0.597854
 62.95 0.596581
 62.975 0.595303
 63 0.594021
 63.025 0.592734
 63.05 0.591443
 63.075 0.590148
 63.1 0.588848
 63.125 0.587544
 63.15 0.586236
 63.175 0.584924
 63.2 0.583608
 63.225 0.582288
 63.25 0.580964
 63.275 0.579635
 63.3 0.578303
 63.325 0.576967
 63.35 0.575628
 63.375 0.574284
 63.4 0.572937
 63.425 0.571586
 63.45 0.570232
 63.475 0.568874
 63.5 0.567513
 63.525 0.566148
 63.55 0.56478
 63.575 0.563408
 63.6 0.562033
 63.625 0.560655
 63.65 0.559273
 63.675 0.557889
 63.7 0.556501
 63.725 0.55511
 63.75 0.553716
 63.775 0.55232
 63.8 0.55092
 63.825 0.549517
 63.85 0.548111
 63.875 0.546703
 63.9 0.545292
 63.925 0.543878
 63.95 0.542462
 63.975 0.541042
 64 0.539621
 64.025 0.538196
 64.05 0.53677
 64.075 0.53534
 64.1 0.533909
 64.125 0.532475
 64.15 0.531038
 64.175 0.5296
 64.2 0.528159
 64.225 0.526716
 64.25 0.525271
 64.275 0.523823
 64.3 0.522374
 64.325 0.520923
 64.35 0.519469
 64.375 0.518014
 64.4 0.516557
 64.425 0.515097
 64.45 0.513636
 64.475 0.512174
 64.5 0.510709
 64.525 0.509243
 64.55 0.507775
 64.575 0.506306
 64.6 0.504835
 64.625 0.503362
 64.65 0.501888
 64.675 0.500413
 64.7 0.498936
 64.725 0.497457
 64.75 0.495978
 64.775 0.494497
 64.8 0.493015
 64.825 0.491531
 64.85 0.490046
 64.875 0.488561
 64.9 0.487074
 64.925 0.485586
 64.95 0.484096
 64.975 0.482606
 65 0.481115
 65.025 0.479623
 65.05 0.47813
 65.075 0.476637
 65.1 0.475142
 65.125 0.473646
 65.15 0.47215
 65.175 0.470653
 65.2 0.469156
 65.225 0.467657
 65.25 0.466159
 65.275 0.464659
 65.3 0.463159
 65.325 0.461658
 65.35 0.460157
 65.375 0.458656
 65.4 0.457154
 65.425 0.455652
 65.45 0.454149
 65.475 0.452646
 65.5 0.451142
 65.525 0.449639
 65.55 0.448135
 65.575 0.446631
 65.6 0.445127
 65.625 0.443622
 65.65 0.442118
 65.675 0.440613
 65.7 0.439109
 65.725 0.437604
 65.75 0.4361
 65.775 0.434595
 65.8 0.433091
 65.825 0.431586
 65.85 0.430082
 65.875 0.428578
 65.9 0.427074
 65.925 0.42557
 65.95 0.424067
 65.975 0.422564
 66 0.421061
 66.025 0.419558
 66.05 0.418056
 66.075 0.416554
 66.1 0.415053
 66.125 0.413552
 66.15 0.412051
 66.175 0.410551
 66.2 0.409052
 66.225 0.407553
 66.25 0.406054
 66.275 0.404557
 66.3 0.403059
 66.325 0.401563
 66.35 0.400067
 66.375 0.398571
 66.4 0.397077
 66.425 0.395583
 66.45 0.39409
 66.475 0.392598
 66.5 0.391107
 66.525 0.389617
 66.55 0.388127
 66.575 0.386639
 66.6 0.385152
 66.625 0.383665
 66.65 0.38218
 66.675 0.380696
 66.7 0.379212
 66.725 0.37773
 66.75 0.376249
 66.775 0.374769
 66.8 0.37329
 66.825 0.371813
 66.85 0.370336
 66.875 0.368861
 66.9 0.367387
 66.925 0.365914
 66.95 0.364442
 66.975 0.362972
 67 0.361503
 67.025 0.360035
 67.05 0.358569
 67.075 0.357104
 67.1 0.35564
 67.125 0.354178
 67.15 0.352717
 67.175 0.351257
 67.2 0.349799
 67.225 0.348342
 67.25 0.346887
 67.275 0.345433
 67.3 0.343981
 67.325 0.34253
 67.35 0.341081
 67.375 0.339634
 67.4 0.338188
 67.425 0.336743
 67.45 0.3353
 67.475 0.333859
 67.5 0.332419
 67.525 0.330981
 67.55 0.329545
 67.575 0.32811
 67.6 0.326677
 67.625 0.325246
 67.65 0.323816
 67.675 0.322388
 67.7 0.320962
 67.725 0.319537
 67.75 0.318115
 67.775 0.316694
 67.8 0.315275
 67.825 0.313858
 67.85 0.312442
 67.875 0.311029
 67.9 0.309617
 67.925 0.308207
 67.95 0.306799
 67.975 0.305393
 68 0.303989
 68.025 0.302586
 68.05 0.301186
 68.075 0.299788
 68.1 0.298391
 68.125 0.296997
 68.15 0.295604
 68.175 0.294214
 68.2 0.292825
 68.225 0.291439
 68.25 0.290054
 68.275 0.288672
 68.3 0.287291
 68.325 0.285913
 68.35 0.284536
 68.375 0.283162
 68.4 0.28179
 68.425 0.28042
 68.45 0.279052
 68.475 0.277686
 68.5 0.276322
 68.525 0.274961
 68.55 0.273601
 68.575 0.272244
 68.6 0.270889
 68.625 0.269536
 68.65 0.268185
 68.675 0.266836
 68.7 0.26549
 68.725 0.264146
 68.75 0.262804
 68.775 0.261464
 68.8 0.260127
 68.825 0.258791
 68.85 0.257458
 68.875 0.256128
 68.9 0.254799
 68.925 0.253473
 68.95 0.252149
 68.975 0.250827
 69 0.249508
 69.025 0.248191
 69.05 0.246876
 69.075 0.245564
 69.1 0.244254
 69.125 0.242946
 69.15 0.241641
 69.175 0.240338
 69.2 0.239037
 69.225 0.237739
 69.25 0.236443
 69.275 0.23515
 69.3 0.233859
 69.325 0.23257
 69.35 0.231284
 69.375 0.23
 69.4 0.228718
 69.425 0.227439
 69.45 0.226163
 69.475 0.224888
 69.5 0.223617
 69.525 0.222347
 69.55 0.22108
 69.575 0.219816
 69.6 0.218554
 69.625 0.217294
 69.65 0.216037
 69.675 0.214783
 69.7 0.213531
 69.725 0.212281
 69.75 0.211034
 69.775 0.209789
 69.8 0.208547
 69.825 0.207307
 69.85 0.20607
 69.875 0.204836
 69.9 0.203603
 69.925 0.202374
 69.95 0.201147
 69.975 0.199922
 70 0.1987
 70.025 0.19748
 70.05 0.196263
 70.075 0.195049
 70.1 0.193837
 70.125 0.192628
 70.15 0.191422
 70.175 0.190218
 70.2 0.189017
 70.225 0.187818
 70.25 0.186622
 70.275 0.185428
 70.3 0.184238
 70.325 0.183049
 70.35 0.181864
 70.375 0.180681
 70.4 0.179501
 70.425 0.178323
 70.45 0.177148
 70.475 0.175976
 70.5 0.174806
 70.525 0.173639
 70.55 0.172474
 70.575 0.171313
 70.6 0.170153
 70.625 0.168997
 70.65 0.167843
 70.675 0.166692
 70.7 0.165543
 70.725 0.164397
 70.75 0.163254
 70.775 0.162113
 70.8 0.160975
 70.825 0.159839
 70.85 0.158707
 70.875 0.157576
 70.9 0.156449
 70.925 0.155324
 70.95 0.154202
 70.975 0.153082
 71 0.151965
 71.025 0.150851
 71.05 0.149739
 71.075 0.14863
 71.1 0.147524
 71.125 0.14642
 71.15 0.145319
 71.175 0.144221
 71.2 0.143125
 71.225 0.142032
 71.25 0.140941
 71.275 0.139853
 71.3 0.138768
 71.325 0.137686
 71.35 0.136606
 71.375 0.135528
 71.4 0.134454
 71.425 0.133382
 71.45 0.132312
 71.475 0.131246
 71.5 0.130182
 71.525 0.12912
 71.55 0.128061
 71.575 0.127005
 71.6 0.125952
 71.625 0.124901
 71.65 0.123853
 71.675 0.122807
 71.7 0.121764
 71.725 0.120724
 71.75 0.119686
 71.775 0.118651
 71.8 0.117619
 71.825 0.116589
 71.85 0.115562
 71.875 0.114537
 71.9 0.113515
 71.925 0.112496
 71.95 0.111479
 71.975 0.110465
 72 0.109454
 72.025 0.108445
 72.05 0.107439
 72.075 0.106435
 72.1 0.105434
 72.125 0.104436
 72.15 0.10344
 72.175 0.102447
 72.2 0.101456
 72.225 0.100468
 72.25 0.0994832
 72.275 0.0985005
 72.3 0.0975204
 72.325 0.0965429
 72.35 0.095568
 72.375 0.0945958
 72.4 0.0936261
 72.425 0.092659
 72.45 0.0916944
 72.475 0.0907325
 72.5 0.0897732
 72.525 0.0888164
 72.55 0.0878623
 72.575 0.0869107
 72.6 0.0859617
 72.625 0.0850153
 72.65 0.0840714
 72.675 0.0831301
 72.7 0.0821914
 72.725 0.0812553
 72.75 0.0803217
 72.775 0.0793907
 72.8 0.0784622
 72.825 0.0775364
 72.85 0.076613
 72.875 0.0756922
 72.9 0.074774
 72.925 0.0738583
 72.95 0.0729452
 72.975 0.0720346
 73 0.0711266
 73.025 0.0702211
 73.05 0.0693181
 73.075 0.0684176
 73.1 0.0675197
 73.125 0.0666244
 73.15 0.0657315
 73.175 0.0648412
 73.2 0.0639534
 73.225 0.0630681
 73.25 0.0621853
 73.275 0.061305
 73.3 0.0604273
 73.325 0.059552
 73.35 0.0586793
 73.375 0.057809
 73.4 0.0569413
 73.425 0.0560761
 73.45 0.0552133
 73.475 0.0543531
 73.5 0.0534953
 73.525 0.0526401
 73.55 0.0517873
 73.575 0.050937
 73.6 0.0500891
 73.625 0.0492438
 73.65 0.0484009
 73.675 0.0475605
 73.7 0.0467225
 73.725 0.0458871
 73.75 0.045054
 73.775 0.0442235
 73.8 0.0433953
 73.825 0.0425697
 73.85 0.0417465
 73.875 0.0409257
 73.9 0.0401073
 73.925 0.0392914
 73.95 0.038478
 73.975 0.0376669
 74 0.0368583
 74.025 0.0360521
 74.05 0.0352484
 74.075 0.034447
 74.1 0.0336481
 74.125 0.0328516
 74.15 0.0320574
 74.175 0.0312657
 74.2 0.0304764
 74.225 0.0296895
 74.25 0.0289049
 74.275 0.0281228
 74.3 0.027343
 74.325 0.0265657
 74.35 0.0257907
 74.375 0.025018
 74.4 0.0242478
 74.425 0.0234799
 74.45 0.0227144
 74.475 0.0219512
 74.5 0.0211904
 74.525 0.020432
 74.55 0.0196759
 74.575 0.0189221
 74.6 0.0181707
 74.625 0.0174216
 74.65 0.0166749
 74.675 0.0159305
 74.7 0.0151884
 74.725 0.0144486
 74.75 0.0137112
 74.775 0.0129761
 74.8 0.0122433
 74.825 0.0115128
 74.85 0.0107846
 74.875 0.0100587
 74.9 0.00933507
 74.925 0.00861377
 74.95 0.00789475
 74.975 0.00717803
 75 0.00646358
 75.025 0.00575142
 75.05 0.00504153
 75.075 0.00433391
 75.1 0.00362856
 75.125 0.00292547
 75.15 0.00222464
 75.175 0.00152607
 75.2 0.000829752
 75.225 0.000135681
 75.25 -0.000556146
 75.275 -0.00124572
 75.3 -0.00193304
 75.325 -0.00261809
 75.35 -0.00330089
 75.375 -0.00398143
 75.4 -0.00465971
 75.425 -0.00533574
 75.45 -0.00600952
 75.475 -0.00668107
 75.5 -0.00735037
 75.525 -0.00801744
 75.55 -0.00868229
 75.575 -0.00934491
 75.6 -0.0100053
 75.625 -0.0106635
 75.65 -0.0113195
 75.675 -0.0119733
 75.7 -0.0126249
 75.725 -0.0132743
 75.75 -0.0139214
 75.775 -0.0145665
 75.8 -0.0152093
 75.825 -0.0158499
 75.85 -0.0164884
 75.875 -0.0171247
 75.9 -0.0177589
 75.925 -0.0183909
 75.95 -0.0190207
 75.975 -0.0196484
 76 -0.0202739
 76.025 -0.0208973
 76.05 -0.0215186
 76.075 -0.0221377
 76.1 -0.0227547
 76.125 -0.0233696
 76.15 -0.0239823
 76.175 -0.024593
 76.2 -0.0252015
 76.225 -0.0258079
 76.25 -0.0264122
 76.275 -0.0270145
 76.3 -0.0276146
 76.325 -0.0282126
 76.35 -0.0288086
 76.375 -0.0294025
 76.4 -0.0299943
 76.425 -0.030584
 76.45 -0.0311717
 76.475 -0.0317573
 76.5 -0.0323408
 76.525 -0.0329223
 76.55 -0.0335018
 76.575 -0.0340792
 76.6 -0.0346545
 76.625 -0.0352278
 76.65 -0.0357991
 76.675 -0.0363684
 76.7 -0.0369356
 76.725 -0.0375008
 76.75 -0.038064
 76.775 -0.0386252
 76.8 -0.0391844
 76.825 -0.0397415
 76.85 -0.0402967
 76.875 -0.0408499
 76.9 -0.0414011
 76.925 -0.0419503
 76.95 -0.0424975
 76.975 -0.0430427
 77 -0.043586
 77.025 -0.0441273
 77.05 -0.0446666
 77.075 -0.045204
 77.1 -0.0457394
 77.125 -0.0462729
 77.15 -0.0468044
 77.175 -0.0473339
 77.2 -0.0478616
 77.225 -0.0483872
 77.25 -0.048911
 77.275 -0.0494328
 77.3 -0.0499527
 77.325 -0.0504707
 77.35 -0.0509868
 77.375 -0.051501
 77.4 -0.0520132
 77.425 -0.0525236
 77.45 -0.053032
 77.475 -0.0535386
 77.5 -0.0540432
 77.525 -0.054546
 77.55 -0.0550469
 77.575 -0.0555459
 77.6 -0.056043
 77.625 -0.0565383
 77.65 -0.0570317
 77.675 -0.0575233
 77.7 -0.0580129
 77.725 -0.0585008
 77.75 -0.0589868
 77.775 -0.0594709
 77.8 -0.0599532
 77.825 -0.0604336
 77.85 -0.0609123
 77.875 -0.061389
 77.9 -0.061864
 77.925 -0.0623372
 77.95 -0.0628085
 77.975 -0.063278
 78 -0.0637457
 78.025 -0.0642116
 78.05 -0.0646757
 78.075 -0.065138
 78.1 -0.0655985
 78.125 -0.0660572
 78.15 -0.0665141
 78.175 -0.0669693
 78.2 -0.0674226
 78.225 -0.0678742
 78.25 -0.0683241
 78.275 -0.0687721
 78.3 -0.0692184
 78.325 -0.0696629
 78.35 -0.0701057
 78.375 -0.0705468
 78.4 -0.0709861
 78.425 -0.0714236
 78.45 -0.0718594
 78.475 -0.0722935
 78.5 -0.0727258
 78.525 -0.0731565
 78.55 -0.0735854
 78.575 -0.0740125
 78.6 -0.074438
 78.625 -0.0748617
 78.65 -0.0752838
 78.675 -0.0757041
 78.7 -0.0761228
 78.725 -0.0765397
 78.75 -0.076955
 78.775 -0.0773686
 78.8 -0.0777804
 78.825 -0.0781907
 78.85 -0.0785992
 78.875 -0.079006
 78.9 -0.0794112
 78.925 -0.0798148
 78.95 -0.0802166
 78.975 -0.0806168
 79 -0.0810154
 79.025 -0.0814123
 79.05 -0.0818076
 79.075 -0.0822012
 79.1 -0.0825932
 79.125 -0.0829835
 79.15 -0.0833722
 79.175 -0.0837593
 79.2 -0.0841448
 79.225 -0.0845287
 79.25 -0.0849109
 79.275 -0.0852915
 79.3 -0.0856706
 79.325 -0.086048
 79.35 -0.0864238
 79.375 -0.086798
 79.4 -0.0871706
 79.425 -0.0875417
 79.45 -0.0879111
 79.475 -0.088279
 79.5 -0.0886453
 79.525 -0.08901
 79.55 -0.0893732
 79.575 -0.0897348
 79.6 -0.0900948
 79.625 -0.0904532
 79.65 -0.0908102
 79.675 -0.0911655
 79.7 -0.0915193
 79.725 -0.0918716
 79.75 -0.0922223
 79.775 -0.0925715
 79.8 -0.0929191
 79.825 -0.0932653
 79.85 -0.0936099
 79.875 -0.0939529
 79.9 -0.0942945
 79.925 -0.0946345
 79.95 -0.0949731
 79.975 -0.0953101
 80 -0.0956456
 80.025 -0.0959796
 80.05 -0.0963121
 80.075 -0.0966432
 80.1 -0.0969727
 80.125 -0.0973007
 80.15 -0.0976273
 80.175 -0.0979524
 80.2 -0.098276
 80.225 -0.0985981
 80.25 -0.0989188
 80.275 -0.099238
 80.3 -0.0995557
 80.325 -0.099872
 80.35 -0.100187
 80.375 -0.1005
 80.4 -0.100812
 80.425 -0.101123
 80.45 -0.101432
 80.475 -0.101739
 80.5 -0.102045
 80.525 -0.10235
 80.55 -0.102654
 80.575 -0.102955
 80.6 -0.103256
 80.625 -0.103555
 80.65 -0.103853
 80.675 -0.104149
 80.7 -0.104444
 80.725 -0.104737
 80.75 -0.105029
 80.775 -0.10532
 80.8 -0.105609
 80.825 -0.105897
 80.85 -0.106183
 80.875 -0.106468
 80.9 -0.106752
 80.925 -0.107034
 80.95 -0.107315
 80.975 -0.107595
 81 -0.107873
 81.025 -0.10815
 81.05 -0.108425
 81.075 -0.1087
 81.1 -0.108972
 81.125 -0.109244
 81.15 -0.109514
 81.175 -0.109783
 81.2 -0.11005
 81.225 -0.110316
 81.25 -0.110581
 81.275 -0.110844
 81.3 -0.111106
 81.325 -0.111367
 81.35 -0.111626
 81.375 -0.111885
 81.4 -0.112141
 81.425 -0.112397
 81.45 -0.112651
 81.475 -0.112904
 81.5 -0.113156
 81.525 -0.113406
 81.55 -0.113655
 81.575 -0.113903
 81.6 -0.114149
 81.625 -0.114394
 81.65 -0.114638
 81.675 -0.114881
 81.7 -0.115122
 81.725 -0.115362
 81.75 -0.115601
 81.775 -0.115838
 81.8 -0.116075
 81.825 -0.11631
 81.85 -0.116543
 81.875 -0.116776
 81.9 -0.117007
 81.925 -0.117237
 81.95 -0.117466
 81.975 -0.117693
 82 -0.117919
 82.025 -0.118144
 82.05 -0.118368
 82.075 -0.118591
 82.1 -0.118812
 82.125 -0.119032
 82.15 -0.119251
 82.175 -0.119469
 82.2 -0.119685
 82.225 -0.119901
 82.25 -0.120115
 82.275 -0.120328
 82.3 -0.120539
 82.325 -0.12075
 82.35 -0.120959
 82.375 -0.121167
 82.4 -0.121374
 82.425 -0.12158
 82.45 -0.121784
 82.475 -0.121988
 82.5 -0.12219
 82.525 -0.122391
 82.55 -0.122591
 82.575 -0.122789
 82.6 -0.122987
 82.625 -0.123183
 82.65 -0.123378
 82.675 -0.123572
 82.7 -0.123765
 82.725 -0.123957
 82.75 -0.124147
 82.775 -0.124337
 82.8 -0.124525
 82.825 -0.124712
 82.85 -0.124898
 82.875 -0.125083
 82.9 -0.125267
 82.925 -0.12545
 82.95 -0.125631
 82.975 -0.125811
 83 -0.125991
 83.025 -0.126169
 83.05 -0.126346
 83.075 -0.126522
 83.1 -0.126697
 83.125 -0.12687
 83.15 -0.127043
 83.175 -0.127215
 83.2 -0.127385
 83.225 -0.127554
 83.25 -0.127723
 83.275 -0.12789
 83.3 -0.128056
 83.325 -0.128221
 83.35 -0.128385
 83.375 -0.128548
 83.4 -0.128709
 83.425 -0.12887
 83.45 -0.12903
 83.475 -0.129188
 83.5 -0.129346
 83.525 -0.129502
 83.55 -0.129658
 83.575 -0.129812
 83.6 -0.129965
 83.625 -0.130117
 83.65 -0.130269
 83.675 -0.130419
 83.7 -0.130568
 83.725 -0.130716
 83.75 -0.130863
 83.775 -0.131009
 83.8 -0.131154
 83.825 -0.131298
 83.85 -0.131441
 83.875 -0.131583
 83.9 -0.131724
 83.925 -0.131864
 83.95 -0.132002
 83.975 -0.13214
 84 -0.132277
 84.025 -0.132413
 84.05 -0.132548
 84.075 -0.132682
 84.1 -0.132815
 84.125 -0.132946
 84.15 -0.133077
 84.175 -0.133207
 84.2 -0.133336
 84.225 -0.133464
 84.25 -0.133591
 84.275 -0.133717
 84.3 -0.133842
 84.325 -0.133966
 84.35 -0.134089
 84.375 -0.134211
 84.4 -0.134332
 84.425 -0.134452
 84.45 -0.134571
 84.475 -0.134689
 84.5 -0.134806
 84.525 -0.134923
 84.55 -0.135038
 84.575 -0.135152
 84.6 -0.135266
 84.625 -0.135378
 84.65 -0.13549
 84.675 -0.1356
 84.7 -0.13571
 84.725 -0.135819
 84.75 -0.135927
 84.775 -0.136034
 84.8 -0.136139
 84.825 -0.136244
 84.85 -0.136349
 84.875 -0.136452
 84.9 -0.136554
 84.925 -0.136655
 84.95 -0.136756
 84.975 -0.136855
 85 -0.136954
 85.025 -0.137052
 85.05 -0.137148
 85.075 -0.137244
 85.1 -0.137339
 85.125 -0.137433
 85.15 -0.137527
 85.175 -0.137619
 85.2 -0.13771
 85.225 -0.137801
 85.25 -0.137891
 85.275 -0.137979
 85.3 -0.138067
 85.325 -0.138154
 85.35 -0.138241
 85.375 -0.138326
 85.4 -0.13841
 85.425 -0.138494
 85.45 -0.138577
 85.475 -0.138658
 85.5 -0.138739
 85.525 -0.138819
 85.55 -0.138899
 85.575 -0.138977
 85.6 -0.139055
 85.625 -0.139131
 85.65 -0.139207
 85.675 -0.139282
 85.7 -0.139356
 85.725 -0.13943
 85.75 -0.139502
 85.775 -0.139574
 85.8 -0.139645
 85.825 -0.139715
 85.85 -0.139784
 85.875 -0.139852
 85.9 -0.139919
 85.925 -0.139986
 85.95 -0.140052
 85.975 -0.140117
 86 -0.140181
 86.025 -0.140245
 86.05 -0.140307
 86.075 -0.140369
 86.1 -0.14043
 86.125 -0.14049
 86.15 -0.14055
 86.175 -0.140608
 86.2 -0.140666
 86.225 -0.140723
 86.25 -0.140779
 86.275 -0.140835
 86.3 -0.140889
 86.325 -0.140943
 86.35 -0.140996
 86.375 -0.141048
 86.4 -0.1411
 86.425 -0.14115
 86.45 -0.1412
 86.475 -0.141249
 86.5 -0.141298
 86.525 -0.141345
 86.55 -0.141392
 86.575 -0.141438
 86.6 -0.141483
 86.625 -0.141528
 86.65 -0.141572
 86.675 -0.141615
 86.7 -0.141657
 86.725 -0.141698
 86.75 -0.141739
 86.775 -0.141779
 86.8 -0.141818
 86.825 -0.141857
 86.85 -0.141895
 86.875 -0.141932
 86.9 -0.141968
 86.925 -0.142003
 86.95 -0.142038
 86.975 -0.142072
 87 -0.142106
 87.025 -0.142138
 87.05 -0.14217
 87.075 -0.142201
 87.1 -0.142232
 87.125 -0.142261
 87.15 -0.14229
 87.175 -0.142319
 87.2 -0.142346
 87.225 -0.142373
 87.25 -0.142399
 87.275 -0.142424
 87.3 -0.142449
 87.325 -0.142473
 87.35 -0.142496
 87.375 -0.142519
 87.4 -0.142541
 87.425 -0.142562
 87.45 -0.142582
 87.475 -0.142602
 87.5 -0.142621
 87.525 -0.14264
 87.55 -0.142657
 87.575 -0.142674
 87.6 -0.142691
 87.625 -0.142706
 87.65 -0.142721
 87.675 -0.142736
 87.7 -0.142749
 87.725 -0.142762
 87.75 -0.142775
 87.775 -0.142786
 87.8 -0.142797
 87.825 -0.142807
 87.85 -0.142817
 87.875 -0.142826
 87.9 -0.142834
 87.925 -0.142842
 87.95 -0.142849
 87.975 -0.142855
 88 -0.14286
 88.025 -0.142865
 88.05 -0.14287
 88.075 -0.142873
 88.1 -0.142876
 88.125 -0.142879
 88.15 -0.142881
 88.175 -0.142882
 88.2 -0.142882
 88.225 -0.142882
 88.25 -0.142881
 88.275 -0.142879
 88.3 -0.142877
 88.325 -0.142875
 88.35 -0.142871
 88.375 -0.142867
 88.4 -0.142863
 88.425 -0.142857
 88.45 -0.142851
 88.475 -0.142845
 88.5 -0.142838
 88.525 -0.14283
 88.55 -0.142822
 88.575 -0.142813
 88.6 -0.142803
 88.625 -0.142793
 88.65 -0.142782
 88.675 -0.142771
 88.7 -0.142759
 88.725 -0.142746
 88.75 -0.142733
 88.775 -0.142719
 88.8 -0.142705
 88.825 -0.142689
 88.85 -0.142674
 88.875 -0.142658
 88.9 -0.142641
 88.925 -0.142623
 88.95 -0.142605
 88.975 -0.142587
 89 -0.142568
 89.025 -0.142548
 89.05 -0.142527
 89.075 -0.142507
 89.1 -0.142485
 89.125 -0.142463
 89.15 -0.14244
 89.175 -0.142417
 89.2 -0.142393
 89.225 -0.142369
 89.25 -0.142344
 89.275 -0.142318
 89.3 -0.142292
 89.325 -0.142266
 89.35 -0.142238
 89.375 -0.142211
 89.4 -0.142182
 89.425 -0.142153
 89.45 -0.142124
 89.475 -0.142094
 89.5 -0.142063
 89.525 -0.142032
 89.55 -0.142
 89.575 -0.141968
 89.6 -0.141935
 89.625 -0.141902
 89.65 -0.141868
 89.675 -0.141834
 89.7 -0.141799
 89.725 -0.141763
 89.75 -0.141727
 89.775 -0.141691
 89.8 -0.141654
 89.825 -0.141616
 89.85 -0.141578
 89.875 -0.141539
 89.9 -0.1415
 89.925 -0.14146
 89.95 -0.14142
 89.975 -0.141379
 90 -0.141338
 90.025 -0.141296
 90.05 -0.141253
 90.075 -0.14121
 90.1 -0.141167
 90.125 -0.141123
 90.15 -0.141079
 90.175 -0.141034
 90.2 -0.140988
 90.225 -0.140942
 90.25 -0.140896
 90.275 -0.140849
 90.3 -0.140801
 90.325 -0.140753
 90.35 -0.140704
 90.375 -0.140655
 90.4 -0.140606
 90.425 -0.140556
 90.45 -0.140505
 90.475 -0.140454
 90.5 -0.140403
 90.525 -0.140351
 90.55 -0.140298
 90.575 -0.140245
 90.6 -0.140192
 90.625 -0.140138
 90.65 -0.140083
 90.675 -0.140028
 90.7 -0.139973
 90.725 -0.139917
 90.75 -0.139861
 90.775 -0.139804
 90.8 -0.139746
 90.825 -0.139689
 90.85 -0.13963
 90.875 -0.139571
 90.9 -0.139512
 90.925 -0.139452
 90.95 -0.139392
 90.975 -0.139332
 91 -0.13927
 91.025 -0.139209
 91.05 -0.139147
 91.075 -0.139084
 91.1 -0.139021
 91.125 -0.138958
 91.15 -0.138894
 91.175 -0.13883
 91.2 -0.138765
 91.225 -0.138699
 91.25 -0.138634
 91.275 -0.138568
 91.3 -0.138501
 91.325 -0.138434
 91.35 -0.138366
 91.375 -0.138298
 91.4 -0.13823
 91.425 -0.138161
 91.45 -0.138092
 91.475 -0.138022
 91.5 -0.137952
 91.525 -0.137881
 91.55 -0.13781
 91.575 -0.137739
 91.6 -0.137667
 91.625 -0.137594
 91.65 -0.137521
 91.675 -0.137448
 91.7 -0.137374
 91.725 -0.1373
 91.75 -0.137226
 91.775 -0.137151
 91.8 -0.137075
 91.825 -0.137
 91.85 -0.136923
 91.875 -0.136847
 91.9 -0.13677
 91.925 -0.136692
 91.95 -0.136614
 91.975 -0.136536
 92 -0.136457
 92.025 -0.136378
 92.05 -0.136298
 92.075 -0.136218
 92.1 -0.136138
 92.125 -0.136057
 92.15 -0.135976
 92.175 -0.135894
 92.2 -0.135812
 92.225 -0.13573
 92.25 -0.135647
 92.275 -0.135564
 92.3 -0.13548
 92.325 -0.135396
 92.35 -0.135312
 92.375 -0.135227
 92.4 -0.135142
 92.425 -0.135056
 92.45 -0.13497
 92.475 -0.134883
 92.5 -0.134797
 92.525 -0.134709
 92.55 -0.134622
 92.575 -0.134534
 92.6 -0.134445
 92.625 -0.134357
 92.65 -0.134268
 92.675 -0.134178
 92.7 -0.134088
 92.725 -0.133998
 92.75 -0.133907
 92.775 -0.133816
 92.8 -0.133725
 92.825 -0.133633
 92.85 -0.133541
 92.875 -0.133448
 92.9 -0.133355
 92.925 -0.133262
 92.95 -0.133168
 92.975 -0.133074
 93 -0.13298
 93.025 -0.132885
 93.05 -0.13279
 93.075 -0.132694
 93.1 -0.132598
 93.125 -0.132502
 93.15 -0.132406
 93.175 -0.132309
 93.2 -0.132211
 93.225 -0.132114
 93.25 -0.132016
 93.275 -0.131917
 93.3 -0.131818
 93.325 -0.131719
 93.35 -0.13162
 93.375 -0.13152
 93.4 -0.13142
 93.425 -0.131319
 93.45 -0.131218
 93.475 -0.131117
 93.5 -0.131016
 93.525 -0.130914
 93.55 -0.130811
 93.575 -0.130709
 93.6 -0.130606
 93.625 -0.130503
 93.65 -0.130399
 93.675 -0.130295
 93.7 -0.130191
 93.725 -0.130086
 93.75 -0.129981
 93.775 -0.129876
 93.8 -0.12977
 93.825 -0.129664
 93.85 -0.129558
 93.875 -0.129451
 93.9 -0.129344
 93.925 -0.129237
 93.95 -0.129129
 93.975 -0.129021
 94 -0.128913
 94.025 -0.128804
 94.05 -0.128695
 94.075 -0.128586
 94.1 -0.128476
 94.125 -0.128366
 94.15 -0.128256
 94.175 -0.128146
 94.2 -0.128035
 94.225 -0.127923
 94.25 -0.127812
 94.275 -0.1277
 94.3 -0.127588
 94.325 -0.127475
 94.35 -0.127363
 94.375 -0.12725
 94.4 -0.127136
 94.425 -0.127022
 94.45 -0.126908
 94.475 -0.126794
 94.5 -0.126679
 94.525 -0.126565
 94.55 -0.126449
 94.575 -0.126334
 94.6 -0.126218
 94.625 -0.126102
 94.65 -0.125985
 94.675 -0.125868
 94.7 -0.125751
 94.725 -0.125634
 94.75 -0.125516
 94.775 -0.125398
 94.8 -0.12528
 94.825 -0.125162
 94.85 -0.125043
 94.875 -0.124924
 94.9 -0.124804
 94.925 -0.124684
 94.95 -0.124564
 94.975 -0.124444
 95 -0.124324
 95.025 -0.124203
 95.05 -0.124081
 95.075 -0.12396
 95.1 -0.123838
 95.125 -0.123716
 95.15 -0.123594
 95.175 -0.123471
 95.2 -0.123348
 95.225 -0.123225
 95.25 -0.123102
 95.275 -0.122978
 95.3 -0.122854
 95.325 -0.12273
 95.35 -0.122605
 95.375 -0.122481
 95.4 -0.122355
 95.425 -0.12223
 95.45 -0.122104
 95.475 -0.121978
 95.5 -0.121852
 95.525 -0.121726
 95.55 -0.121599
 95.575 -0.121472
 95.6 -0.121345
 95.625 -0.121217
 95.65 -0.121089
 95.675 -0.120961
 95.7 -0.120833
 95.725 -0.120704
 95.75 -0.120576
 95.775 -0.120447
 95.8 -0.120317
 95.825 -0.120187
 95.85 -0.120058
 95.875 -0.119927
 95.9 -0.119797
 95.925 -0.119666
 95.95 -0.119535
 95.975 -0.119404
 96 -0.119273
 96.025 -0.119141
 96.05 -0.119009
 96.075 -0.118877
 96.1 -0.118744
 96.125 -0.118612
 96.15 -0.118479
 96.175 -0.118346
 96.2 -0.118212
 96.225 -0.118078
 96.25 -0.117945
 96.275 -0.11781
 96.3 -0.117676
 96.325 -0.117541
 96.35 -0.117406
 96.375 -0.117271
 96.4 -0.117136
 96.425 -0.117
 96.45 -0.116864
 96.475 -0.116728
 96.5 -0.116592
 96.525 -0.116455
 96.55 -0.116318
 96.575 -0.116181
 96.6 -0.116044
 96.625 -0.115906
 96.65 -0.115769
 96.675 -0.115631
 96.7 -0.115492
 96.725 -0.115354
 96.75 -0.115215
 96.775 -0.115076
 96.8 -0.114937
 96.825 -0.114798
 96.85 -0.114658
 96.875 -0.114518
 96.9 -0.114378
 96.925 -0.114238
 96.95 -0.114097
 96.975 -0.113956
 97 -0.113815
 97.025 -0.113674
 97.05 -0.113533
 97.075 -0.113391
 97.1 -0.113249
 97.125 -0.113107
 97.15 -0.112965
 97.175 -0.112822
 97.2 -0.11268
 97.225 -0.112537
 97.25 -0.112393
 97.275 -0.11225
 97.3 -0.112106
 97.325 -0.111963
 97.35 -0.111819
 97.375 -0.111674
 97.4 -0.11153
 97.425 -0.111385
 97.45 -0.11124
 97.475 -0.111095
 97.5 -0.11095
 97.525 -0.110804
 97.55 -0.110659
 97.575 -0.110513
 97.6 -0.110367
 97.625 -0.11022
 97.65 -0.110074
 97.675 -0.109927
 97.7 -0.10978
 97.725 -0.109633
 97.75 -0.109485
 97.775 -0.109338
 97.8 -0.10919
 97.825 -0.109042
 97.85 -0.108894
 97.875 -0.108746
 97.9 -0.108597
 97.925 -0.108448
 97.95 -0.108299
 97.975 -0.10815
 98 -0.108001
 98.025 -0.107851
 98.05 -0.107702
 98.075 -0.107552
 98.1 -0.107402
 98.125 -0.107251
 98.15 -0.107101
 98.175 -0.10695
 98.2 -0.106799
 98.225 -0.106648
 98.25 -0.106497
 98.275 -0.106345
 98.3 -0.106194
 98.325 -0.106042
 98.35 -0.10589
 98.375 -0.105738
 98.4 -0.105585
 98.425 -0.105433
 98.45 -0.10528
 98.475 -0.105127
 98.5 -0.104974
 98.525 -0.10482
 98.55 -0.104667
 98.575 -0.104513
 98.6 -0.104359
 98.625 -0.104205
 98.65 -0.104051
 98.675 -0.103897
 98.7 -0.103742
 98.725 -0.103587
 98.75 -0.103433
 98.775 -0.103277
 98.8 -0.103122
 98.825 -0.102967
 98.85 -0.102811
 98.875 -0.102655
 98.9 -0.102499
 98.925 -0.102343
 98.95 -0.102187
 98.975 -0.10203
 99 -0.101874
 99.025 -0.101717
 99.05 -0.10156
 99.075 -0.101403
 99.1 -0.101245
 99.125 -0.101088
 99.15 -0.10093
 99.175 -0.100772
 99.2 -0.100614
 99.225 -0.100456
 99.25 -0.100298
 99.275 -0.100139
 99.3 -0.0999806
 99.325 -0.0998218
 99.35 -0.0996628
 99.375 -0.0995037
 99.4 -0.0993444
 99.425 -0.0991849
 99.45 -0.0990253
 99.475 -0.0988655
 99.5 -0.0987055
 99.525 -0.0985454
 99.55 -0.0983851
 99.575 -0.0982247
 99.6 -0.0980641
 99.625 -0.0979034
 99.65 -0.0977425
 99.675 -0.0975814
 99.7 -0.0974202
 99.725 -0.0972589
 99.75 -0.0970974
 99.775 -0.0969357
 99.8 -0.0967739
 99.825 -0.0966119
 99.85 -0.0964498
 99.875 -0.0962875
 99.9 -0.0961251
 99.925 -0.0959625
 99.95 -0.0957998
 99.975 -0.0956369
 100 -0.0954739
