4001 2
 0 0
 0.025 0.0183262
 0.05 0.035198
 0.075 0.0508758
 0.1 0.0655654
 0.125 0.0794303
 0.15 0.092601
 0.175 0.105183
 0.2 0.11726
 0.225 0.128902
 0.25 0.140166
 0.275 0.151097
 0.3 0.161735
 0.325 0.172112
 0.35 0.182255
 0.375 0.192188
 0.4 0.201929
 0.425 0.211495
 0.45 0.220902
 0.475 0.230162
 0.5 0.239286
 0.525 0.248284
 0.55 0.257164
 0.575 0.265934
 0.6 0.2746
 0.625 0.28317
 0.65 0.291647
 0.675 0.300038
 0.7 0.308346
 0.725 0.316575
 0.75 0.32473
 0.775 0.332813
 0.8 0.340828
 0.825 0.348777
 0.85 0.356663
 0.875 0.36449
 0.9 0.372258
 0.925 0.37997
 0.95 0.387627
 0.975 0.395233
 1 0.402788
 1.025 0.410295
 1.05 0.417754
 1.075 0.425167
 1.1 0.432537
 1.125 0.439863
 1.15 0.447148
 1.175 0.454392
 1.2 0.461596
 1.225 0.468762
 1.25 0.47589
 1.275 0.482982
 1.3 0.490038
 1.325 0.497059
 1.35 0.504046
 1.375 0.510999
 1.4 0.51792
 1.425 0.524809
 1.45 0.531667
 1.475 0.538493
 1.5 0.54529
 1.525 0.552058
 1.55 0.558796
 1.575 0.565507
 1.6 0.572189
 1.625 0.578845
 1.65 0.585473
 1.675 0.592076
 1.7 0.598652
 1.725 0.605204
 1.75 0.61173
 1.775 0.618232
 1.8 0.624711
 1.825 0.631166
 1.85 0.637598
 1.875 0.644008
 1.9 0.650395
 1.925 0.656761
 1.95 0.663105
 1.975 0.669428
 2 0.67573
 2.025 0.682011
 2.05 0.688272
 2.075 0.694513
 2.1 0.700734
 2.125 0.706936
 2.15 0.713119
 2.175 0.719282
 2.2 0.725427
 2.225 0.731554
 2.25 0.737662
 2.275 0.743753
 2.3 0.749825
 2.325 0.755881
 2.35 0.761919
 2.375 0.76794
 2.4 0.773944
 2.425 0.779932
 2.45 0.785904
 2.475 0.791859
 2.5 0.797799
 2.525 0.803722
 2.55 0.809631
 2.575 0.815524
 2.6 0.821402
 2.625 0.827266
 2.65 0.833115
 2.675 0.83895
 2.7 0.844771
 2.725 0.850578
 2.75 0.856371
 2.775 0.862151
 2.8 0.867917
 2.825 0.87367
 2.85 0.879409
 2.875 0.885136
 2.9 0.89085
 2.925 0.896551
 2.95 0.902239
 2.975 0.907915
 3 0.913579
 3.025 0.91923
 3.05 0.924869
 3.075 0.930497
 3.1 0.936112
 3.125 0.941716
 3.15 0.947308
 3.175 0.952889
 3.2 0.958459
 3.225 0.964017
 3.25 0.969565
 3.275 0.975101
 3.3 0.980627
 3.325 0.986142
 3.35 0.991647
 3.375 0.997141
 3.4 1.00262
 3.425 1.0081
 3.45 1.01356
 3.475 1.01902
 3.5 1.02446
 3.525 1.02989
 3.55 1.03532
 3.575 1.04074
 3.6 1.04614
 3.625 1.05154
 3.65 1.05693
 3.675 1.06231
 3.7 1.06768
 3.725 1.07305
 3.75 1.0784
 3.775 1.08375
 3.8 1.08908
 3.825 1.09441
 3.85 1.09973
 3.875 1.10504
 3.9 1.11035
 3.925 1.11564
 3.95 1.12093
 3.975 1.12621
 4 1.13148
 4.025 1.13675
 4.05 1.14201
 4.075 1.14725
 4.1 1.1525
 4.125 1.15773
 4.15 1.16296
 4.175 1.16818
 4.2 1.17339
 4.225 1.1786
 4.25 1.18379
 4.275 1.18899
 4.3 1.19417
 4.325 1.19935
 4.35 1.20452
 4.375 1.20968
 4.4 1.21484
 4.425 1.21999
 4.45 1.22514
 4.475 1.23028
 4.5 1.23541
 4.525 1.24054
 4.55 1.24566
 4.575 1.25078
 4.6 1.25589
 4.625 1.261
 4.65 1.26609
 4.675 1.27119
 4.7 1.27628
 4.725 1.28136
 4.75 1.28644
 4.775 1.29151
 4.8 1.29658
 4.825 1.30164
 4.85 1.30669
 4.875 1.31174
 4.9 1.31679
 4.925 1.32183
 4.95 1.32687
 4.975 1.3319
 5 1.33692
 5.025 1.34194
 5.05 1.34696
 5.075 1.35197
 5.1 1.35698
 5.125 1.36198
 5.15 1.36698
 5.175 1.37197
 5.2 1.37696
 5.225 1.38194
 5.25 1.38692
 5.275 1.3919
 5.3 1.39687
 5.325 1.40184
 5.35 1.4068
 5.375 1.41176
 5.4 1.41671
 5.425 1.42166
 5.45 1.42661
 5.475 1.43156
 5.5 1.4365
 5.525 1.44143
 5.55 1.44637
 5.575 1.4513
 5.6 1.45623
 5.625 1.46115
 5.65 1.46607
 5.675 1.47099
 5.7 1.4759
 5.725 1.48081
 5.75 1.48572
 5.775 1.49062
 5.8 1.49553
 5.825 1.50042
 5.85 1.50532
 5.875 1.51021
 5.9 1.5151
 5.925 1.51999
 5.95 1.52487
 5.975 1.52975
 6 1.53463
 6.025 1.5395
 6.05 1.54438
 6.075 1.54924
 6.1 1.55411
 6.125 1.55898
 6.15 1.56384
 6.175 1.5687
 6.2 1.57355
 6.225 1.57841
 6.25 1.58326
 6.275 1.58811
 6.3 1.59295
 6.325 1.5978
 6.35 1.60264
 6.375 1.60748
 6.4 1.61232
 6.425 1.61715
 6.45 1.62199
 6.475 1.62682
 6.5 1.63165
 6.525 1.63648
 6.55 1.64131
 6.575 1.64613
 6.6 1.65096
 6.625 1.65578
 6.65 1.6606
 6.675 1.66542
 6.7 1.67024
 6.725 1.67506
 6.75 1.67987
 6.775 1.68469
 6.8 1.6895
 6.825 1.69431
 6.85 1.69912
 6.875 1.70393
 6.9 1.70873
 6.925 1.71354
 6.95 1.71834
 6.975 1.72315
 7 1.72795
 7.025 1.73275
 7.05 1.73755
 7.075 1.74234
 7.1 1.74714
 7.125 1.75194
 7.15 1.75673
 7.175 1.76153
 7.2 1.76632
 7.225 1.77111
 7.25 1.7759
 7.275 1.78069
 7.3 1.78548
 7.325 1.79027
 7.35 1.79505
 7.375 1.79984
 7.4 1.80463
 7.425 1.80941
 7.45 1.8142
 7.475 1.81898
 7.5 1.82376
 7.525 1.82855
 7.55 1.83333
 7.575 1.83811
 7.6 1.8429
 7.625 1.84768
 7.65 1.85246
 7.675 1.85725
 7.7 1.86203
 7.725 1.86681
 7.75 1.87159
 7.775 1.87638
 7.8 1.88116
 7.825 1.88594
 7.85 1.89072
 7.875 1.8955
 7.9 1.90029
 7.925 1.90507
 7.95 1.90985
 7.975 1.91463
 8 1.91941
 8.025 1.9242
 8.05 1.92898
 8.075 1.93376
 8.1 1.93854
 8.125 1.94332
 8.15 1.94811
 8.175 1.95289
 8.2 1.95767
 8.225 1.96245
 8.25 1.96724
 8.275 1.97202
 8.3 1.97681
 8.325 1.98159
 8.35 1.98637
 8.375 1.99116
 8.4 1.99595
 8.425 2.00073
 8.45 2.00552
 8.475 2.0103
 8.5 2.01509
 8.525 2.01988
 8.55 2.02467
 8.575 2.02946
 8.6 2.03425
 8.625 2.03905
 8.65 2.04384
 8.675 2.04864
 8.7 2.05343
 8.725 2.05823
 8.75 2.06303
 8.775 2.06783
 8.8 2.07263
 8.825 2.07743
 8.85 2.08223
 8.875 2.08703
 8.9 2.09184
 8.925 2.09664
 8.95 2.10145
 8.975 2.10626
 9 2.11107
 9.025 2.11588
 9.05 2.12069
 9.075 2.1255
 9.1 2.13032
 9.125 2.13513
 9.15 2.13995
 9.175 2.14476
 9.2 2.14958
 9.225 2.1544
 9.25 2.15922
 9.275 2.16405
 9.3 2.16887
 9.325 2.1737
 9.35 2.17852
 9.375 2.18335
 9.4 2.18818
 9.425 2.19301
 9.45 2.19785
 9.475 2.20268
 9.5 2.20752
 9.525 2.21235
 9.55 2.21719
 9.575 2.22203
 9.6 2.22688
 9.625 2.23172
 9.65 2.23657
 9.675 2.24142
 9.7 2.24627
 9.725 2.25113
 9.75 2.25598
 9.775 2.26084
 9.8 2.2657
 9.825 2.27057
 9.85 2.27543
 9.875 2.2803
 9.9 2.28517
 9.925 2.29004
 9.95 2.29491
 9.975 2.29979
 10 2.30467
 10.025 2.30955
 10.05 2.31443
 10.075 2.31931
 10.1 2.3242
 10.125 2.32909
 10.15 2.33398
 10.175 2.33887
 10.2 2.34377
 10.225 2.34867
 10.25 2.35357
 10.275 2.35847
 10.3 2.36337
 10.325 2.36828
 10.35 2.37319
 10.375 2.3781
 10.4 2.38302
 10.425 2.38793
 10.45 2.39285
 10.475 2.39777
 10.5 2.4027
 10.525 2.40762
 10.55 2.41255
 10.575 2.41749
 10.6 2.42242
 10.625 2.42736
 10.65 2.4323
 10.675 2.43725
 10.7 2.4422
 10.725 2.44715
 10.75 2.4521
 10.775 2.45706
 10.8 2.46202
 10.825 2.46698
 10.85 2.47195
 10.875 2.47692
 10.9 2.4819
 10.925 2.48687
 10.95 2.49185
 10.975 2.49684
 11 2.50182
 11.025 2.50681
 11.05 2.5118
 11.075 2.5168
 11.1 2.5218
 11.125 2.5268
 11.15 2.53181
 11.175 2.53681
 11.2 2.54183
 11.225 2.54684
 11.25 2.55186
 11.275 2.55688
 11.3 2.56191
 11.325 2.56693
 11.35 2.57197
 11.375 2.577
 11.4 2.58204
 11.425 2.58708
 11.45 2.59213
 11.475 2.59717
 11.5 2.60223
 11.525 2.60728
 11.55 2.61234
 11.575 2.6174
 11.6 2.62247
 11.625 2.62754
 11.65 2.63262
 11.675 2.6377
 11.7 2.64278
 11.725 2.64787
 11.75 2.65297
 11.775 2.65806
 11.8 2.66316
 11.825 2.66827
 11.85 2.67338
 11.875 2.67849
 11.9 2.68361
 11.925 2.68873
 11.95 2.69386
 11.975 2.69899
 12 2.70413
 12.025 2.70926
 12.05 2.71441
 12.075 2.71956
 12.1 2.72471
 12.125 2.72986
 12.15 2.73502
 12.175 2.74019
 12.2 2.74536
 12.225 2.75053
 12.25 2.75571
 12.275 2.76089
 12.3 2.76607
 12.325 2.77126
 12.35 2.77646
 12.375 2.78166
 12.4 2.78686
 12.425 2.79207
 12.45 2.79728
 12.475 2.8025
 12.5 2.80772
 12.525 2.81295
 12.55 2.81818
 12.575 2.82342
 12.6 2.82866
 12.625 2.8339
 12.65 2.83916
 12.675 2.84442
 12.7 2.84968
 12.725 2.85495
 12.75 2.86022
 12.775 2.8655
 12.8 2.87079
 12.825 2.87608
 12.85 2.88137
 12.875 2.88667
 12.9 2.89198
 12.925 2.89729
 12.95 2.9026
 12.975 2.90793
 13 2.91325
 13.025 2.91859
 13.05 2.92392
 13.075 2.92927
 13.1 2.93462
 13.125 2.93997
 13.15 2.94533
 13.175 2.95069
 13.2 2.95606
 13.225 2.96144
 13.25 2.96682
 13.275 2.97221
 13.3 2.9776
 13.325 2.983
 13.35 2.9884
 13.375 2.99381
 13.4 2.99922
 13.425 3.00464
 13.45 3.01007
 13.475 3.0155
 13.5 3.02094
 13.525 3.02638
 13.55 3.03183
 13.575 3.03729
 13.6 3.04275
 13.625 3.04823
 13.65 3.0537
 13.675 3.05919
 13.7 3.06468
 13.725 3.07017
 13.75 3.07568
 13.775 3.08119
 13.8 3.0867
 13.825 3.09223
 13.85 3.09776
 13.875 3.10329
 13.9 3.10884
 13.925 3.11439
 13.95 3.11994
 13.975 3.12551
 14 3.13107
 14.025 3.13665
 14.05 3.14223
 14.075 3.14782
 14.1 3.15342
 14.125 3.15902
 14.15 3.16463
 14.175 3.17024
 14.2 3.17587
 14.225 3.1815
 14.25 3.18713
 14.275 3.19278
 14.3 3.19842
 14.325 3.20408
 14.35 3.20975
 14.375 3.21542
 14.4 3.2211
 14.425 3.22678
 14.45 3.23248
 14.475 3.23818
 14.5 3.24389
 14.525 3.24961
 14.55 3.25533
 14.575 3.26107
 14.6 3.26681
 14.625 3.27256
 14.65 3.27832
 14.675 3.28409
 14.7 3.28986
 14.725 3.29564
 14.75 3.30143
 14.775 3.30723
 14.8 3.31304
 14.825 3.31885
 14.85 3.32467
 14.875 3.3305
 14.9 3.33634
 14.925 3.34219
 14.95 3.34804
 14.975 3.3539
 15 3.35977
 15.025 3.36565
 15.05 3.37154
 15.075 3.37743
 15.1 3.38333
 15.125 3.38925
 15.15 3.39517
 15.175 3.40109
 15.2 3.40703
 15.225 3.41297
 15.25 3.41893
 15.275 3.42489
 15.3 3.43086
 15.325 3.43685
 15.35 3.44284
 15.375 3.44884
 15.4 3.45485
 15.425 3.46087
 15.45 3.4669
 15.475 3.47294
 15.5 3.47899
 15.525 3.48505
 15.55 3.49112
 15.575 3.4972
 15.6 3.50328
 15.625 3.50938
 15.65 3.51549
 15.675 3.5216
 15.7 3.52773
 15.725 3.53387
 15.75 3.54001
 15.775 3.54617
 15.8 3.55233
 15.825 3.55851
 15.85 3.56469
 15.875 3.57089
 15.9 3.57709
 15.925 3.5833
 15.95 3.58953
 15.975 3.59576
 16 3.60201
 16.025 3.60826
 16.05 3.61452
 16.075 3.6208
 16.1 3.62709
 16.125 3.63339
 16.15 3.63969
 16.175 3.64602
 16.2 3.65235
 16.225 3.65869
 16.25 3.66505
 16.275 3.67141
 16.3 3.67779
 16.325 3.68418
 16.35 3.69058
 16.375 3.69699
 16.4 3.70342
 16.425 3.70985
 16.45 3.7163
 16.475 3.72276
 16.5 3.72923
 16.525 3.73571
 16.55 3.74221
 16.575 3.74871
 16.6 3.75523
 16.625 3.76176
 16.65 3.7683
 16.675 3.77485
 16.7 3.78142
 16.725 3.78799
 16.75 3.79458
 16.775 3.80118
 16.8 3.80779
 16.825 3.81442
 16.85 3.82105
 16.875 3.8277
 16.9 3.83437
 16.925 3.84105
 16.95 3.84774
 16.975 3.85444
 17 3.86116
 17.025 3.86789
 17.05 3.87464
 17.075 3.8814
 17.1 3.88817
 17.125 3.89496
 17.15 3.90176
 17.175 3.90858
 17.2 3.9154
 17.225 3.92225
 17.25 3.9291
 17.275 3.93597
 17.3 3.94286
 17.325 3.94976
 17.35 3.95667
 17.375 3.9636
 17.4 3.97054
 17.425 3.97749
 17.45 3.98446
 17.475 3.99144
 17.5 3.99844
 17.525 4.00545
 17.55 4.01248
 17.575 4.01952
 17.6 4.02658
 17.625 4.03365
 17.65 4.04074
 17.675 4.04784
 17.7 4.05496
 17.725 4.0621
 17.75 4.06926
 17.775 4.07643
 17.8 4.08361
 17.825 4.09082
 17.85 4.09804
 17.875 4.10527
 17.9 4.11253
 17.925 4.1198
 17.95 4.12708
 17.975 4.13438
 18 4.1417
 18.025 4.14904
 18.05 4.15639
 18.075 4.16376
 18.1 4.17115
 18.125 4.17855
 18.15 4.18597
 18.175 4.19341
 18.2 4.20086
 18.225 4.20833
 18.25 4.21582
 18.275 4.22333
 18.3 4.23086
 18.325 4.2384
 18.35 4.24597
 18.375 4.25355
 18.4 4.26115
 18.425 4.26877
 18.45 4.27642
 18.475 4.28408
 18.5 4.29176
 18.525 4.29946
 18.55 4.30718
 18.575 4.31492
 18.6 4.32268
 18.625 4.33046
 18.65 4.33826
 18.675 4.34608
 18.7 4.35391
 18.725 4.36177
 18.75 4.36965
 18.775 4.37755
 18.8 4.38547
 18.825 4.39341
 18.85 4.40137
 18.875 4.40935
 18.9 4.41736
 18.925 4.42538
 18.95 4.43343
 18.975 4.44149
 19 4.44959
 19.025 4.4577
 19.05 4.46584
 19.075 4.474
 19.1 4.48218
 19.125 4.49039
 19.15 4.49862
 19.175 4.50687
 19.2 4.51515
 19.225 4.52345
 19.25 4.53178
 19.275 4.54012
 19.3 4.5485
 19.325 4.55689
 19.35 4.56531
 19.375 4.57376
 19.4 4.58222
 19.425 4.59072
 19.45 4.59923
 19.475 4.60777
 19.5 4.61634
 19.525 4.62493
 19.55 4.63355
 19.575 4.64219
 19.6 4.65087
 19.625 4.65956
 19.65 4.66829
 19.675 4.67704
 19.7 4.68583
 19.725 4.69463
 19.75 4.70347
 19.775 4.71234
 19.8 4.72123
 19.825 4.73015
 19.85 4.7391
 19.875 4.74808
 19.9 4.75708
 19.925 4.76612
 19.95 4.77518
 19.975 4.78428
 20 4.7934
 20.025 4.80255
 20.05 4.81173
 20.075 4.82094
 20.1 4.83018
 20.125 4.83945
 20.15 4.84875
 20.175 4.85809
 20.2 4.86746
 20.225 4.87686
 20.25 4.88629
 20.275 4.89576
 20.3 4.90526
 20.325 4.91479
 20.35 4.92436
 20.375 4.93396
 20.4 4.9436
 20.425 4.95326
 20.45 4.96297
 20.475 4.9727
 20.5 4.98247
 20.525 4.99228
 20.55 5.00212
 20.575 5.01199
 20.6 5.0219
 20.625 5.03185
 20.65 5.04184
 20.675 5.05186
 20.7 5.06192
 20.725 5.07202
 20.75 5.08216
 20.775 5.09233
 20.8 5.10255
 20.825 5.11281
 20.85 5.1231
 20.875 5.13344
 20.9 5.14382
 20.925 5.15423
 20.95 5.16469
 20.975 5.17519
 21 5.18573
 21.025 5.19631
 21.05 5.20693
 21.075 5.21759
 21.1 5.2283
 21.125 5.23905
 21.15 5.24985
 21.175 5.26069
 21.2 5.27157
 21.225 5.28251
 21.25 5.29348
 21.275 5.30451
 21.3 5.31558
 21.325 5.3267
 21.35 5.33787
 21.375 5.34909
 21.4 5.36035
 21.425 5.37166
 21.45 5.38302
 21.475 5.39443
 21.5 5.40589
 21.525 5.4174
 21.55 5.42896
 21.575 5.44058
 21.6 5.45224
 21.625 5.46396
 21.65 5.47574
 21.675 5.48757
 21.7 5.49945
 21.725 5.51139
 21.75 5.52339
 21.775 5.53544
 21.8 5.54755
 21.825 5.55971
 21.85 5.57194
 21.875 5.58422
 21.9 5.59656
 21.925 5.60896
 21.95 5.62142
 21.975 5.63394
 22 5.64652
 22.025 5.65917
 22.05 5.67188
 22.075 5.68466
 22.1 5.6975
 22.125 5.7104
 22.15 5.72338
 22.175 5.73642
 22.2 5.74953
 22.225 5.7627
 22.25 5.77595
 22.275 5.78926
 22.3 5.80264
 22.325 5.8161
 22.35 5.82962
 22.375 5.84322
 22.4 5.8569
 22.425 5.87065
 22.45 5.88447
 22.475 5.89838
 22.5 5.91236
 22.525 5.92642
 22.55 5.94056
 22.575 5.95479
 22.6 5.96909
 22.625 5.98347
 22.65 5.99794
 22.675 6.01249
 22.7 6.02712
 22.725 6.04185
 22.75 6.05666
 22.775 6.07156
 22.8 6.08655
 22.825 6.10163
 22.85 6.11681
 22.875 6.13208
 22.9 6.14744
 22.925 6.1629
 22.95 6.17846
 22.975 6.19411
 23 6.20987
 23.025 6.22572
 23.05 6.24167
 23.075 6.25773
 23.1 6.2739
 23.125 6.29018
 23.15 6.30656
 23.175 6.32305
 23.2 6.33966
 23.225 6.35638
 23.25 6.37321
 23.275 6.39016
 23.3 6.40722
 23.325 6.4244
 23.35 6.4417
 23.375 6.45913
 23.4 6.47668
 23.425 6.49436
 23.45 6.51217
 23.475 6.53011
 23.5 6.54818
 23.525 6.56639
 23.55 6.58473
 23.575 6.60321
 23.6 6.62183
 23.625 6.64059
 23.65 6.65949
 23.675 6.67855
 23.7 6.69775
 23.725 6.71711
 23.75 6.73663
 23.775 6.7563
 23.8 6.77613
 23.825 6.79612
 23.85 6.81627
 23.875 6.83659
 23.9 6.85708
 23.925 6.87775
 23.95 6.89859
 23.975 6.91962
 24 6.94083
 24.025 6.96222
 24.05 6.9838
 24.075 7.00557
 24.1 7.02754
 24.125 7.04971
 24.15 7.07207
 24.175 7.09465
 24.2 7.11744
 24.225 7.14045
 24.25 7.16367
 24.275 7.18711
 24.3 7.21078
 24.325 7.23468
 24.35 7.25882
 24.375 7.28319
 24.4 7.30781
 24.425 7.33269
 24.45 7.35782
 24.475 7.38321
 24.5 7.40886
 24.525 7.43478
 24.55 7.46098
 24.575 7.48746
 24.6 7.51423
 24.625 7.5413
 24.65 7.56866
 24.675 7.59634
 24.7 7.62432
 24.725 7.65263
 24.75 7.68127
 24.775 7.71024
 24.8 7.73956
 24.825 7.76923
 24.85 7.79925
 24.875 7.82965
 24.9 7.86042
 24.925 7.89157
 24.95 7.92313
 24.975 7.95509
 25 7.98746
 25.025 8.02026
 25.05 8.05349
 25.075 8.08718
 25.1 8.12132
 25.125 8.15594
 25.15 8.19103
 25.175 8.22663
 25.2 8.26273
 25.225 8.29936
 25.25 8.33653
 25.275 8.37425
 25.3 8.41254
 25.325 8.45142
 25.35 8.4909
 25.375 8.531
 25.4 8.57174
 25.425 8.61314
 25.45 8.65522
 25.475 8.698
 25.5 8.74151
 25.525 8.78576
 25.55 8.83078
 25.575 8.87659
 25.6 8.92323
 25.625 8.97072
 25.65 9.01908
 25.675 9.06835
 25.7 9.11857
 25.725 9.16976
 25.75 9.22196
 25.775 9.27521
 25.8 9.32955
 25.825 9.38501
 25.85 9.44165
 25.875 9.49951
 25.9 9.55863
 25.925 9.61907
 25.95 9.68089
 25.975 9.74413
 26 9.80887
 26.025 9.87517
 26.05 9.94309
 26.075 10.0127
 26.1 10.0841
 26.125 10.1574
 26.15 10.2326
 26.175 10.3099
 26.2 10.3893
 26.225 10.4709
 26.25 10.555
 26.275 10.6415
 26.3 10.7307
 26.325 10.8227
 26.35 10.9175
 26.375 11.0156
 26.4 11.1169
 26.425 11.2216
 26.45 11.3301
 26.475 11.4426
 26.5 11.5592
 26.525 11.6804
 26.55 11.8063
 26.575 11.9374
 26.6 12.0739
 26.625 12.2164
 26.65 12.3652
 26.675 12.521
 26.7 12.6841
 26.725 12.8553
 26.75 13.0353
 26.775 13.2248
 26.8 13.4248
 26.825 13.6361
 26.85 13.8601
 26.875 14.0979
 26.9 14.351
 26.925 14.6212
 26.95 14.9104
 26.975 15.2209
 27 15.5554
 27.025 15.9169
 27.05 16.3093
 27.075 16.7368
 27.1 17.2048
 27.125 17.7196
 27.15 18.2888
 27.175 18.9217
 27.2 19.6298
 27.225 20.4273
 27.25 21.3316
 27.275 22.3647
 27.3 23.5536
 27.325 24.9321
 27.35 26.5413
 27.375 28.4298
 27.4 30.6522
 27.425 33.2615
 27.45 36.2937
 27.475 39.7395
 27.5 43.5137
 27.525 47.4517
 27.55 51.3506
 27.575 55.0229
 27.6 58.3311
 27.625 61.1978
 27.65 63.5982
 27.675 65.5434
 27.7 67.0646
 27.725 68.2007
 27.75 68.9918
 27.775 69.4758
 27.8 69.6877
 27.825 69.6598
 27.85 69.4215
 27.875 69
 27.9 68.4206
 27.925 67.7065
 27.95 66.8793
 27.975 65.9589
 28 64.9634
 28.025 63.9098
 28.05 62.8131
 28.075 61.6872
 28.1 60.5448
 28.125 59.397
 28.15 58.2536
 28.175 57.1233
 28.2 56.0133
 28.225 54.9294
 28.25 53.8762
 28.275 52.8569
 28.3 51.8737
 28.325 50.9276
 28.35 50.0188
 28.375 49.1467
 28.4 48.3104
 28.425 47.5087
 28.45 46.7396
 28.475 46.0013
 28.5 45.2917
 28.525 44.6086
 28.55 43.9497
 28.575 43.3131
 28.6 42.6967
 28.625 42.0984
 28.65 41.5167
 28.675 40.9499
 28.7 40.3967
 28.725 39.8559
 28.75 39.3264
 28.775 38.8073
 28.8 38.2979
 28.825 37.7975
 28.85 37.3056
 28.875 36.8217
 28.9 36.3455
 28.925 35.8766
 28.95 35.4147
 28.975 34.9598
 29 34.5116
 29.025 34.07
 29.05 33.6348
 29.075 33.2061
 29.1 32.7837
 29.125 32.3675
 29.15 31.9575
 29.175 31.5537
 29.2 31.1559
 29.225 30.7642
 29.25 30.3785
 29.275 29.9987
 29.3 29.6247
 29.325 29.2566
 29.35 28.8943
 29.375 28.5376
 29.4 28.1865
 29.425 27.8411
 29.45 27.5011
 29.475 27.1665
 29.5 26.8372
 29.525 26.5132
 29.55 26.1945
 29.575 25.8808
 29.6 25.5722
 29.625 25.2685
 29.65 24.9697
 29.675 24.6758
 29.7 24.3866
 29.725 24.1021
 29.75 23.8223
 29.775 23.547
 29.8 23.2762
 29.825 23.0098
 29.85 22.7478
 29.875 22.4901
 29.9 22.2367
 29.925 21.9875
 29.95 21.7424
 29.975 21.5015
 30 21.2647
 30.025 21.0318
 30.05 20.803
 30.075 20.578
 30.1 20.357
 30.125 20.1398
 30.15 19.9265
 30.175 19.7169
 30.2 19.5111
 30.225 19.309
 30.25 19.1106
 30.275 18.9158
 30.3 18.7246
 30.325 18.537
 30.35 18.3529
 30.375 18.1723
 30.4 17.9953
 30.425 17.8216
 30.45 17.6514
 30.475 17.4846
 30.5 17.3211
 30.525 17.1609
 30.55 17.004
 30.575 16.8503
 30.6 16.6999
 30.625 16.5526
 30.65 16.4085
 30.675 16.2675
 30.7 16.1295
 30.725 15.9947
 30.75 15.8628
 30.775 15.7338
 30.8 15.6079
 30.825 15.4848
 30.85 15.3646
 30.875 15.2472
 30.9 15.1326
 30.925 15.0208
 30.95 14.9116
 30.975 14.8052
 31 14.7015
 31.025 14.6003
 31.05 14.5018
 31.075 14.4058
 31.1 14.3123
 31.125 14.2213
 31.15 14.1327
 31.175 14.0466
 31.2 13.9629
 31.225 13.8815
 31.25 13.8025
 31.275 13.7258
 31.3 13.6514
 31.325 13.5792
 31.35 13.5092
 31.375 13.4415
 31.4 13.3759
 31.425 13.3125
 31.45 13.2512
 31.475 13.1921
 31.5 13.135
 31.525 13.08
 31.55 13.0271
 31.575 12.9762
 31.6 12.9273
 31.625 12.8805
 31.65 12.8356
 31.675 12.7927
 31.7 12.7519
 31.725 12.7129
 31.75 12.676
 31.775 12.641
 31.8 12.6079
 31.825 12.5768
 31.85 12.5477
 31.875 12.5205
 31.9 12.4952
 31.925 12.4719
 31.95 12.4505
 31.975 12.4311
 32 12.4136
 32.025 12.3981
 32.05 12.3845
 32.075 12.373
 32.1 12.3634
 32.125 12.3559
 32.15 12.3504
 32.175 12.3469
 32.2 12.3454
 32.225 12.3461
 32.25 12.3488
 32.275 12.3537
 32.3 12.3607
 32.325 12.3699
 32.35 12.3813
 32.375 12.3949
 32.4 12.4108
 32.425 12.4289
 32.45 12.4494
 32.475 12.4723
 32.5 12.4976
 32.525 12.5254
 32.55 12.5557
 32.575 12.5885
 32.6 12.6239
 32.625 12.662
 32.65 12.7028
 32.675 12.7464
 32.7 12.7928
 32.725 12.8422
 32.75 12.8945
 32.775 12.9499
 32.8 13.0084
 32.825 13.0702
 32.85 13.1353
 32.875 13.2038
 32.9 13.2758
 32.925 13.3515
 32.95 13.4309
 32.975 13.5143
 33 13.6016
 33.025 13.6931
 33.05 13.789
 33.075 13.8894
 33.1 13.9944
 33.125 14.1043
 33.15 14.2193
 33.175 14.3396
 33.2 14.4654
 33.225 14.5971
 33.25 14.7348
 33.275 14.879
 33.3 15.0299
 33.325 15.1879
 33.35 15.3535
 33.375 15.527
 33.4 15.7089
 33.425 15.8997
 33.45 16.1001
 33.475 16.3106
 33.5 16.532
 33.525 16.7649
 33.55 17.0104
 33.575 17.2692
 33.6 17.5425
 33.625 17.8315
 33.65 18.1374
 33.675 18.4617
 33.7 18.8061
 33.725 19.1724
 33.75 19.5627
 33.775 19.9794
 33.8 20.4251
 33.825 20.9028
 33.85 21.4159
 33.875 21.9682
 33.9 22.5641
 33.925 23.2083
 33.95 23.9062
 33.975 24.6639
 34 25.4879
 34.025 26.3851
 34.05 27.363
 34.075 28.4286
 34.1 29.5886
 34.125 30.8483
 34.15 32.2099
 34.175 33.6715
 34.2 35.2245
 34.225 36.8516
 34.25 38.5258
 34.275 40.2104
 34.3 41.8618
 34.325 43.4339
 34.35 44.884
 34.375 46.1768
 34.4 47.287
 34.425 48.2
 34.45 48.9107
 34.475 49.4216
 34.5 49.7413
 34.525 49.8819
 34.55 49.8583
 34.575 49.6862
 34.6 49.3819
 34.625 48.9615
 34.65 48.4406
 34.675 47.8339
 34.7 47.1553
 34.725 46.4176
 34.75 45.6328
 34.775 44.8117
 34.8 43.9644
 34.825 43.0995
 34.85 42.2251
 34.875 41.348
 34.9 40.4742
 34.925 39.6088
 34.95 38.7559
 34.975 37.919
 35 37.1007
 35.025 36.3031
 35.05 35.5276
 35.075 34.7753
 35.1 34.0468
 35.125 33.3422
 35.15 32.6616
 35.175 32.0048
 35.2 31.3713
 35.225 30.7607
 35.25 30.1723
 35.275 29.6055
 35.3 29.0596
 35.325 28.5339
 35.35 28.0277
 35.375 27.5403
 35.4 27.071
 35.425 26.6192
 35.45 26.1842
 35.475 25.7654
 35.5 25.3623
 35.525 24.9743
 35.55 24.6009
 35.575 24.2415
 35.6 23.8958
 35.625 23.5633
 35.65 23.2436
 35.675 22.9363
 35.7 22.641
 35.725 22.3573
 35.75 22.085
 35.775 21.8237
 35.8 21.5731
 35.825 21.3329
 35.85 21.1028
 35.875 20.8827
 35.9 20.6722
 35.925 20.4711
 35.95 20.2792
 35.975 20.0962
 36 19.922
 36.025 19.7563
 36.05 19.5991
 36.075 19.4499
 36.1 19.3089
 36.125 19.1756
 36.15 19.05
 36.175 18.932
 36.2 18.8214
 36.225 18.718
 36.25 18.6218
 36.275 18.5325
 36.3 18.4501
 36.325 18.3745
 36.35 18.3056
 36.375 18.2432
 36.4 18.1872
 36.425 18.1376
 36.45 18.0944
 36.475 18.0573
 36.5 18.0263
 36.525 18.0014
 36.55 17.9825
 36.575 17.9695
 36.6 17.9625
 36.625 17.9612
 36.65 17.9658
 36.675 17.9761
 36.7 17.9922
 36.725 18.0141
 36.75 18.0416
 36.775 18.0748
 36.8 18.1138
 36.825 18.1584
 36.85 18.2088
 36.875 18.2649
 36.9 18.3268
 36.925 18.3946
 36.95 18.4682
 36.975 18.5477
 37 18.6332
 37.025 18.7247
 37.05 18.8225
 37.075 18.9264
 37.1 19.0368
 37.125 19.1536
 37.15 19.277
 37.175 19.4072
 37.2 19.5444
 37.225 19.6886
 37.25 19.8402
 37.275 19.9994
 37.3 20.1663
 37.325 20.3412
 37.35 20.5245
 37.375 20.7164
 37.4 20.9172
 37.425 21.1273
 37.45 21.3471
 37.475 21.577
 37.5 21.8174
 37.525 22.0687
 37.55 22.3315
 37.575 22.6063
 37.6 22.8937
 37.625 23.1942
 37.65 23.5084
 37.675 23.8369
 37.7 24.1805
 37.725 24.5398
 37.75 24.9154
 37.775 25.3081
 37.8 25.7184
 37.825 26.147
 37.85 26.5945
 37.875 27.0612
 37.9 27.5476
 37.925 28.0538
 37.95 28.5798
 37.975 29.1252
 38 29.6894
 38.025 30.2713
 38.05 30.8695
 38.075 31.4818
 38.1 32.1055
 38.125 32.7371
 38.15 33.3727
 38.175 34.0073
 38.2 34.6355
 38.225 35.2512
 38.25 35.848
 38.275 36.4193
 38.3 36.9583
 38.325 37.4588
 38.35 37.9148
 38.375 38.3214
 38.4 38.6744
 38.425 38.9707
 38.45 39.2084
 38.475 39.3866
 38.5 39.5056
 38.525 39.5664
 38.55 39.5712
 38.575 39.5224
 38.6 39.4233
 38.625 39.2775
 38.65 39.0888
 38.675 38.8612
 38.7 38.5987
 38.725 38.3052
 38.75 37.9848
 38.775 37.641
 38.8 37.2774
 38.825 36.8973
 38.85 36.5038
 38.875 36.0996
 38.9 35.6874
 38.925 35.2694
 38.95 34.8476
 38.975 34.424
 39 34.0001
 39.025 33.5773
 39.05 33.1569
 39.075 32.7399
 39.1 32.3273
 39.125 31.9198
 39.15 31.518
 39.175 31.1225
 39.2 30.7337
 39.225 30.3521
 39.25 29.9778
 39.275 29.6112
 39.3 29.2523
 39.325 28.9014
 39.35 28.5584
 39.375 28.2235
 39.4 27.8966
 39.425 27.5778
 39.45 27.2669
 39.475 26.9641
 39.5 26.6692
 39.525 26.3821
 39.55 26.1027
 39.575 25.8311
 39.6 25.567
 39.625 25.3104
 39.65 25.0611
 39.675 24.8191
 39.7 24.5843
 39.725 24.3565
 39.75 24.1357
 39.775 23.9217
 39.8 23.7144
 39.825 23.5137
 39.85 23.3196
 39.875 23.1319
 39.9 22.9505
 39.925 22.7753
 39.95 22.6063
 39.975 22.4433
 40 22.2863
 40.025 22.1351
 40.05 21.9898
 40.075 21.8501
 40.1 21.716
 40.125 21.5874
 40.15 21.4643
 40.175 21.3465
 40.2 21.234
 40.225 21.1267
 40.25 21.0245
 40.275 20.9274
 40.3 20.8353
 40.325 20.7481
 40.35 20.6658
 40.375 20.5883
 40.4 20.5155
 40.425 20.4474
 40.45 20.3839
 40.475 20.325
 40.5 20.2706
 40.525 20.2207
 40.55 20.1753
 40.575 20.1343
 40.6 20.0976
 40.625 20.0653
 40.65 20.0372
 40.675 20.0135
 40.7 19.994
 40.725 19.9787
 40.75 19.9677
 40.775 19.9609
 40.8 19.9583
 40.825 19.9599
 40.85 19.9657
 40.875 19.9757
 40.9 19.99
 40.925 20.0085
 40.95 20.0313
 40.975 20.0583
 41 20.0898
 41.025 20.1255
 41.05 20.1657
 41.075 20.2104
 41.1 20.2596
 41.125 20.3134
 41.15 20.3719
 41.175 20.4351
 41.2 20.5031
 41.225 20.5762
 41.25 20.6542
 41.275 20.7374
 41.3 20.826
 41.325 20.9199
 41.35 21.0195
 41.375 21.1247
 41.4 21.236
 41.425 21.3533
 41.45 21.4769
 41.475 21.6071
 41.5 21.744
 41.525 21.8879
 41.55 22.0391
 41.575 22.1978
 41.6 22.3644
 41.625 22.5391
 41.65 22.7223
 41.675 22.9145
 41.7 23.1158
 41.725 23.3268
 41.75 23.5478
 41.775 23.7793
 41.8 24.0217
 41.825 24.2756
 41.85 24.5413
 41.875 24.8194
 41.9 25.1105
 41.925 25.4149
 41.95 25.7332
 41.975 26.0658
 42 26.4133
 42.025 26.7761
 42.05 27.1544
 42.075 27.5486
 42.1 27.9589
 42.125 28.3852
 42.15 28.8274
 42.175 29.2853
 42.2 29.7582
 42.225 30.2452
 42.25 30.7453
 42.275 31.2567
 42.3 31.7775
 42.325 32.3053
 42.35 32.837
 42.375 33.3694
 42.4 33.8986
 42.425 34.4202
 42.45 34.9298
 42.475 35.4224
 42.5 35.8932
 42.525 36.3374
 42.55 36.7502
 42.575 37.1274
 42.6 37.4651
 42.625 37.7603
 42.65 38.0105
 42.675 38.2139
 42.7 38.3696
 42.725 38.4773
 42.75 38.5376
 42.775 38.5515
 42.8 38.5206
 42.825 38.447
 42.85 38.3331
 42.875 38.1816
 42.9 37.9953
 42.925 37.7773
 42.95 37.5304
 42.975 37.2578
 43 36.9623
 43.025 36.6468
 43.05 36.314
 43.075 35.9664
 43.1 35.6064
 43.125 35.2362
 43.15 34.8579
 43.175 34.4733
 43.2 34.084
 43.225 33.6917
 43.25 33.2977
 43.275 32.9031
 43.3 32.5091
 43.325 32.1165
 43.35 31.7262
 43.375 31.3388
 43.4 30.955
 43.425 30.5754
 43.45 30.2003
 43.475 29.8301
 43.5 29.4651
 43.525 29.1056
 43.55 28.7517
 43.575 28.4038
 43.6 28.0618
 43.625 27.7259
 43.65 27.3961
 43.675 27.0726
 43.7 26.7553
 43.725 26.4442
 43.75 26.1394
 43.775 25.8408
 43.8 25.5485
 43.825 25.2623
 43.85 24.9822
 43.875 24.7083
 43.9 24.4405
 43.925 24.1786
 43.95 23.9227
 43.975 23.6727
 44 23.4286
 44.025 23.1902
 44.05 22.9576
 44.075 22.7307
 44.1 22.5094
 44.125 22.2936
 44.15 22.0833
 44.175 21.8785
 44.2 21.679
 44.225 21.4849
 44.25 21.2961
 44.275 21.1124
 44.3 20.9339
 44.325 20.7605
 44.35 20.5921
 44.375 20.4287
 44.4 20.2703
 44.425 20.1167
 44.45 19.9679
 44.475 19.8239
 44.5 19.6846
 44.525 19.5499
 44.55 19.4199
 44.575 19.2944
 44.6 19.1734
 44.625 19.0569
 44.65 18.9448
 44.675 18.837
 44.7 18.7335
 44.725 18.6343
 44.75 18.5393
 44.775 18.4485
 44.8 18.3618
 44.825 18.2792
 44.85 18.2006
 44.875 18.126
 44.9 18.0554
 44.925 17.9888
 44.95 17.926
 44.975 17.867
 45 17.8119
 45.025 17.7606
 45.05 17.7131
 45.075 17.6692
 45.1 17.6292
 45.125 17.5928
 45.15 17.56
 45.175 17.531
 45.2 17.5055
 45.225 17.4838
 45.25 17.4656
 45.275 17.451
 45.3 17.4401
 45.325 17.4328
 45.35 17.4291
 45.375 17.429
 45.4 17.4325
 45.425 17.4397
 45.45 17.4506
 45.475 17.4652
 45.5 17.4835
 45.525 17.5055
 45.55 17.5313
 45.575 17.561
 45.6 17.5945
 45.625 17.632
 45.65 17.6735
 45.675 17.719
 45.7 17.7687
 45.725 17.8226
 45.75 17.8808
 45.775 17.9435
 45.8 18.0106
 45.825 18.0824
 45.85 18.159
 45.875 18.2405
 45.9 18.3271
 45.925 18.4189
 45.95 18.5162
 45.975 18.619
 46 18.7277
 46.025 18.8425
 46.05 18.9636
 46.075 19.0913
 46.1 19.2259
 46.125 19.3677
 46.15 19.517
 46.175 19.6743
 46.2 19.84
 46.225 20.0145
 46.25 20.1982
 46.275 20.3918
 46.3 20.5958
 46.325 20.8108
 46.35 21.0375
 46.375 21.2765
 46.4 21.5288
 46.425 21.7952
 46.45 22.0766
 46.475 22.374
 46.5 22.6886
 46.525 23.0214
 46.55 23.3737
 46.575 23.747
 46.6 24.1427
 46.625 24.5622
 46.65 25.0072
 46.675 25.4794
 46.7 25.9805
 46.725 26.5122
 46.75 27.0761
 46.775 27.6739
 46.8 28.3069
 46.825 28.9761
 46.85 29.6823
 46.875 30.4253
 46.9 31.2043
 46.925 32.0173
 46.95 32.8609
 46.975 33.7303
 47 34.6186
 47.025 35.5173
 47.05 36.4158
 47.075 37.3021
 47.1 38.1629
 47.125 38.9846
 47.15 39.7538
 47.175 40.4582
 47.2 41.0871
 47.225 41.6322
 47.25 42.0875
 47.275 42.4498
 47.3 42.718
 47.325 42.8932
 47.35 42.9782
 47.375 42.9771
 47.4 42.8954
 47.425 42.7389
 47.45 42.5142
 47.475 42.2279
 47.5 41.8867
 47.525 41.4974
 47.55 41.0663
 47.575 40.5997
 47.6 40.1033
 47.625 39.5825
 47.65 39.0424
 47.675 38.4875
 47.7 37.9218
 47.725 37.349
 47.75 36.7724
 47.775 36.1946
 47.8 35.6182
 47.825 35.0453
 47.85 34.4774
 47.875 33.9161
 47.9 33.3626
 47.925 32.8177
 47.95 32.2822
 47.975 31.7567
 48 31.2416
 48.025 30.7371
 48.05 30.2435
 48.075 29.7608
 48.1 29.289
 48.125 28.8281
 48.15 28.3781
 48.175 27.9387
 48.2 27.5098
 48.225 27.0913
 48.25 26.683
 48.275 26.2846
 48.3 25.8959
 48.325 25.5168
 48.35 25.1469
 48.375 24.7862
 48.4 24.4344
 48.425 24.0913
 48.45 23.7566
 48.475 23.4303
 48.5 23.1121
 48.525 22.8018
 48.55 22.4992
 48.575 22.2043
 48.6 21.9168
 48.625 21.6366
 48.65 21.3635
 48.675 21.0973
 48.7 20.8381
 48.725 20.5855
 48.75 20.3396
 48.775 20.1001
 48.8 19.867
 48.825 19.6401
 48.85 19.4193
 48.875 19.2046
 48.9 18.9957
 48.925 18.7927
 48.95 18.5954
 48.975 18.4037
 49 18.2175
 49.025 18.0367
 49.05 17.8612
 49.075 17.691
 49.1 17.5259
 49.125 17.3659
 49.15 17.2108
 49.175 17.0606
 49.2 16.9153
 49.225 16.7746
 49.25 16.6386
 49.275 16.5071
 49.3 16.3801
 49.325 16.2575
 49.35 16.1392
 49.375 16.0251
 49.4 15.9152
 49.425 15.8094
 49.45 15.7076
 49.475 15.6097
 49.5 15.5157
 49.525 15.4256
 49.55 15.3391
 49.575 15.2563
 49.6 15.1772
 49.625 15.1015
 49.65 15.0294
 49.675 14.9607
 49.7 14.8953
 49.725 14.8332
 49.75 14.7744
 49.775 14.7188
 49.8 14.6663
 49.825 14.6169
 49.85 14.5706
 49.875 14.5272
 49.9 14.4868
 49.925 14.4494
 49.95 14.4147
 49.975 14.383
 50 14.354
 50.025 14.3277
 50.05 14.3042
 50.075 14.2834
 50.1 14.2652
 50.125 14.2497
 50.15 14.2368
 50.175 14.2265
 50.2 14.2187
 50.225 14.2135
 50.25 14.2108
 50.275 14.2106
 50.3 14.213
 50.325 14.2178
 50.35 14.2251
 50.375 14.2349
 50.4 14.2471
 50.425 14.2618
 50.45 14.2791
 50.475 14.2988
 50.5 14.3209
 50.525 14.3456
 50.55 14.3728
 50.575 14.4026
 50.6 14.4349
 50.625 14.4697
 50.65 14.5072
 50.675 14.5473
 50.7 14.5901
 50.725 14.6356
 50.75 14.6838
 50.775 14.7348
 50.8 14.7887
 50.825 14.8455
 50.85 14.9053
 50.875 14.9681
 50.9 15.034
 50.925 15.1031
 50.95 15.1756
 50.975 15.2514
 51 15.3307
 51.025 15.4136
 51.05 15.5002
 51.075 15.5908
 51.1 15.6853
 51.125 15.784
 51.15 15.8871
 51.175 15.9947
 51.2 16.107
 51.225 16.2243
 51.25 16.3467
 51.275 16.4746
 51.3 16.6083
 51.325 16.748
 51.35 16.894
 51.375 17.0468
 51.4 17.2068
 51.425 17.3743
 51.45 17.5498
 51.475 17.7339
 51.5 17.9272
 51.525 18.1302
 51.55 18.3437
 51.575 18.5684
 51.6 18.8052
 51.625 19.055
 51.65 19.3188
 51.675 19.5978
 51.7 19.8932
 51.725 20.2064
 51.75 20.5391
 51.775 20.8928
 51.8 21.2696
 51.825 21.6716
 51.85 22.1011
 51.875 22.5609
 51.9 23.0538
 51.925 23.583
 51.95 24.1521
 51.975 24.7649
 52 25.4257
 52.025 26.1387
 52.05 26.9086
 52.075 27.7401
 52.1 28.6375
 52.125 29.6046
 52.15 30.6443
 52.175 31.7577
 52.2 32.9432
 52.225 34.1956
 52.25 35.5052
 52.275 36.8567
 52.3 38.229
 52.325 39.5961
 52.35 40.9284
 52.375 42.1955
 52.4 43.3689
 52.425 44.4247
 52.45 45.3445
 52.475 46.1166
 52.5 46.7352
 52.525 47.1997
 52.55 47.5139
 52.575 47.6845
 52.6 47.7204
 52.625 47.6319
 52.65 47.4302
 52.675 47.1267
 52.7 46.7326
 52.725 46.2594
 52.75 45.7176
 52.775 45.1176
 52.8 44.4692
 52.825 43.7815
 52.85 43.0627
 52.875 42.3207
 52.9 41.5624
 52.925 40.794
 52.95 40.0212
 52.975 39.2486
 53 38.4805
 53.025 37.7203
 53.05 36.9708
 53.075 36.2344
 53.1 35.5129
 53.125 34.8076
 53.15 34.1195
 53.175 33.4492
 53.2 32.7972
 53.225 32.1636
 53.25 31.5483
 53.275 30.9512
 53.3 30.3719
 53.325 29.8101
 53.35 29.2652
 53.375 28.7369
 53.4 28.2244
 53.425 27.7274
 53.45 27.2451
 53.475 26.7772
 53.5 26.3229
 53.525 25.8818
 53.55 25.4534
 53.575 25.0371
 53.6 24.6325
 53.625 24.239
 53.65 23.8563
 53.675 23.4839
 53.7 23.1215
 53.725 22.7686
 53.75 22.4249
 53.775 22.09
 53.8 21.7637
 53.825 21.4456
 53.85 21.1354
 53.875 20.833
 53.9 20.538
 53.925 20.2501
 53.95 19.9692
 53.975 19.6951
 54 19.4275
 54.025 19.1663
 54.05 18.9113
 54.075 18.6623
 54.1 18.4191
 54.125 18.1815
 54.15 17.9495
 54.175 17.7229
 54.2 17.5016
 54.225 17.2853
 54.25 17.0741
 54.275 16.8677
 54.3 16.666
 54.325 16.4689
 54.35 16.2764
 54.375 16.0883
 54.4 15.9045
 54.425 15.7248
 54.45 15.5493
 54.475 15.3777
 54.5 15.2101
 54.525 15.0462
 54.55 14.8861
 54.575 14.7296
 54.6 14.5766
 54.625 14.4271
 54.65 14.2809
 54.675 14.138
 54.7 13.9984
 54.725 13.8618
 54.75 13.7283
 54.775 13.5978
 54.8 13.4702
 54.825 13.3455
 54.85 13.2234
 54.875 13.1041
 54.9 12.9875
 54.925 12.8733
 54.95 12.7617
 54.975 12.6526
 55 12.5458
 55.025 12.4413
 55.05 12.3391
 55.075 12.2391
 55.1 12.1413
 55.125 12.0456
 55.15 11.9519
 55.175 11.8602
 55.2 11.7705
 55.225 11.6828
 55.25 11.5968
 55.275 11.5127
 55.3 11.4304
 55.325 11.3498
 55.35 11.271
 55.375 11.1938
 55.4 11.1182
 55.425 11.0442
 55.45 10.9718
 55.475 10.9008
 55.5 10.8314
 55.525 10.7635
 55.55 10.6969
 55.575 10.6318
 55.6 10.5681
 55.625 10.5056
 55.65 10.4446
 55.675 10.3848
 55.7 10.3262
 55.725 10.2689
 55.75 10.2129
 55.775 10.158
 55.8 10.1043
 55.825 10.0518
 55.85 10.0004
 55.875 9.95016
 55.9 9.901
 55.925 9.85291
 55.95 9.80589
 55.975 9.75992
 56 9.71498
 56.025 9.67106
 56.05 9.62814
 56.075 9.5862
 56.1 9.54524
 56.125 9.50523
 56.15 9.46617
 56.175 9.42804
 56.2 9.39083
 56.225 9.35452
 56.25 9.31911
 56.275 9.28459
 56.3 9.25093
 56.325 9.21814
 56.35 9.18619
 56.375 9.15509
 56.4 9.12482
 56.425 9.09536
 56.45 9.06672
 56.475 9.03889
 56.5 9.01184
 56.525 8.98558
 56.55 8.96009
 56.575 8.93537
 56.6 8.91142
 56.625 8.88821
 56.65 8.86575
 56.675 8.84403
 56.7 8.82304
 56.725 8.80277
 56.75 8.78321
 56.775 8.76437
 56.8 8.74622
 56.825 8.72878
 56.85 8.71202
 56.875 8.69595
 56.9 8.68056
 56.925 8.66584
 56.95 8.65179
 56.975 8.6384
 57 8.62567
 57.025 8.61358
 57.05 8.60215
 57.075 8.59135
 57.1 8.58118
 57.125 8.57165
 57.15 8.56275
 57.175 8.55447
 57.2 8.54681
 57.225 8.53976
 57.25 8.53333
 57.275 8.5275
 57.3 8.52227
 57.325 8.51765
 57.35 8.51362
 57.375 8.51018
 57.4 8.50733
 57.425 8.50507
 57.45 8.50339
 57.475 8.50229
 57.5 8.50176
 57.525 8.50181
 57.55 8.50243
 57.575 8.50362
 57.6 8.50538
 57.625 8.5077
 57.65 8.51058
 57.675 8.51402
 57.7 8.51802
 57.725 8.52258
 57.75 8.52769
 57.775 8.53335
 57.8 8.53957
 57.825 8.54634
 57.85 8.55365
 57.875 8.56152
 57.9 8.56993
 57.925 8.57889
 57.95 8.58839
 57.975 8.59844
 58 8.60904
 58.025 8.62018
 58.05 8.63186
 58.075 8.6441
 58.1 8.65688
 58.125 8.67022
 58.15 8.6841
 58.175 8.69854
 58.2 8.71352
 58.225 8.72906
 58.25 8.74515
 58.275 8.7618
 58.3 8.77901
 58.325 8.79677
 58.35 8.8151
 58.375 8.83399
 58.4 8.85344
 58.425 8.87347
 58.45 8.89408
 58.475 8.91526
 58.5 8.93703
 58.525 8.95939
 58.55 8.98233
 58.575 9.00587
 58.6 9.03001
 58.625 9.05475
 58.65 9.08011
 58.675 9.10609
 58.7 9.13269
 58.725 9.15992
 58.75 9.1878
 58.775 9.21631
 58.8 9.24548
 58.825 9.27532
 58.85 9.30582
 58.875 9.33701
 58.9 9.36889
 58.925 9.40148
 58.95 9.43477
 58.975 9.46879
 59 9.50354
 59.025 9.53905
 59.05 9.57532
 59.075 9.61237
 59.1 9.65021
 59.125 9.68886
 59.15 9.72834
 59.175 9.76866
 59.2 9.80984
 59.225 9.85189
 59.25 9.89485
 59.275 9.93874
 59.3 9.98357
 59.325 10.0294
 59.35 10.0762
 59.375 10.124
 59.4 10.1728
 59.425 10.2228
 59.45 10.2738
 59.475 10.326
 59.5 10.3794
 59.525 10.4339
 59.55 10.4898
 59.575 10.5469
 59.6 10.6053
 59.625 10.6652
 59.65 10.7264
 59.675 10.7892
 59.7 10.8534
 59.725 10.9193
 59.75 10.9868
 59.775 11.0561
 59.8 11.1271
 59.825 11.2
 59.85 11.2748
 59.875 11.3516
 59.9 11.4306
 59.925 11.5118
 59.95 11.5953
 59.975 11.6812
 60 11.7696
 60.025 11.8608
 60.05 11.9547
 60.075 12.0516
 60.1 12.1515
 60.125 12.2548
 60.15 12.3616
 60.175 12.472
 60.2 12.5862
 60.225 12.7046
 60.25 12.8274
 60.275 12.9549
 60.3 13.0873
 60.325 13.225
 60.35 13.3684
 60.375 13.5178
 60.4 13.6738
 60.425 13.8368
 60.45 14.0073
 60.475 14.186
 60.5 14.3736
 60.525 14.5707
 60.55 14.7782
 60.575 14.9972
 60.6 15.2286
 60.625 15.4736
 60.65 15.7336
 60.675 16.0102
 60.7 16.3052
 60.725 16.6205
 60.75 16.9585
 60.775 17.322
 60.8 17.7141
 60.825 18.1385
 60.85 18.5994
 60.875 19.1019
 60.9 19.6521
 60.925 20.257
 60.95 20.925
 60.975 21.6662
 61 22.4925
 61.025 23.4183
 61.05 24.4603
 61.075 25.6385
 61.1 26.9756
 61.125 28.4968
 61.15 30.2284
 61.175 32.1945
 61.2 34.4108
 61.225 36.8748
 61.25 39.5539
 61.275 42.3769
 61.3 45.2388
 61.325 48.0203
 61.35 50.6121
 61.375 52.932
 61.4 54.9317
 61.425 56.5927
 61.45 57.9191
 61.475 58.9289
 61.5 59.6476
 61.525 60.1025
 61.55 60.3205
 61.575 60.3262
 61.6 60.1422
 61.625 59.7889
 61.65 59.2851
 61.675 58.6486
 61.7 57.8957
 61.725 57.0417
 61.75 56.1012
 61.775 55.0873
 61.8 54.0127
 61.825 52.8888
 61.85 51.7265
 61.875 50.5359
 61.9 49.3264
 61.925 48.1075
 61.95 46.8882
 61.975 45.6766
 62 44.4797
 62.025 43.3035
 62.05 42.1532
 62.075 41.0331
 62.1 39.9465
 62.125 38.8961
 62.15 37.8837
 62.175 36.9104
 62.2 35.977
 62.225 35.0837
 62.25 34.2303
 62.275 33.4162
 62.3 32.6408
 62.325 31.9032
 62.35 31.2024
 62.375 30.537
 62.4 29.9059
 62.425 29.3076
 62.45 28.7407
 62.475 28.2035
 62.5 27.6944
 62.525 27.2117
 62.55 26.7536
 62.575 26.3185
 62.6 25.9047
 62.625 25.5104
 62.65 25.134
 62.675 24.7739
 62.7 24.4287
 62.725 24.0969
 62.75 23.7773
 62.775 23.4687
 62.8 23.1698
 62.825 22.8797
 62.85 22.5975
 62.875 22.3224
 62.9 22.0535
 62.925 21.7903
 62.95 21.5322
 62.975 21.2786
 63 21.0291
 63.025 20.7832
 63.05 20.5407
 63.075 20.3012
 63.1 20.0645
 63.125 19.8303
 63.15 19.5985
 63.175 19.3688
 63.2 19.1412
 63.225 18.9155
 63.25 18.6916
 63.275 18.4694
 63.3 18.2488
 63.325 18.0298
 63.35 17.8124
 63.375 17.5964
 63.4 17.3818
 63.425 17.1686
 63.45 16.9568
 63.475 16.7464
 63.5 16.5373
 63.525 16.3295
 63.55 16.1231
 63.575 15.918
 63.6 15.7142
 63.625 15.5117
 63.65 15.3105
 63.675 15.1106
 63.7 14.9121
 63.725 14.7149
 63.75 14.519
 63.775 14.3245
 63.8 14.1313
 63.825 13.9395
 63.85 13.749
 63.875 13.56
 63.9 13.3723
 63.925 13.186
 63.95 13.0012
 63.975 12.8177
 64 12.6357
 64.025 12.4552
 64.05 12.2761
 64.075 12.0985
 64.1 11.9224
 64.125 11.7478
 64.15 11.5747
 64.175 11.4031
 64.2 11.233
 64.225 11.0644
 64.25 10.8974
 64.275 10.732
 64.3 10.5681
 64.325 10.4058
 64.35 10.245
 64.375 10.0858
 64.4 9.9282
 64.425 9.77217
 64.45 9.61773
 64.475 9.46487
 64.5 9.31361
 64.525 9.16393
 64.55 9.01585
 64.575 8.86935
 64.6 8.72444
 64.625 8.58112
 64.65 8.43939
 64.675 8.29924
 64.7 8.16066
 64.725 8.02366
 64.75 7.88823
 64.775 7.75436
 64.8 7.62205
 64.825 7.49129
 64.85 7.36207
 64.875 7.23439
 64.9 7.10823
 64.925 6.98359
 64.95 6.86047
 64.975 6.73884
 65 6.61871
 65.025 6.50006
 65.05 6.38288
 65.075 6.26715
 65.1 6.15288
 65.125 6.04005
 65.15 5.92864
 65.175 5.81865
 65.2 5.71007
 65.225 5.60287
 65.25 5.49705
 65.275 5.39261
 65.3 5.28951
 65.325 5.18776
 65.35 5.08734
 65.375 4.98824
 65.4 4.89044
 65.425 4.79394
 65.45 4.69871
 65.475 4.60475
 65.5 4.51205
 65.525 4.42059
 65.55 4.33035
 65.575 4.24133
 65.6 4.15351
 65.625 4.06689
 65.65 3.98144
 65.675 3.89715
 65.7 3.81402
 65.725 3.73202
 65.75 3.65116
 65.775 3.5714
 65.8 3.49275
 65.825 3.41518
 65.85 3.33869
 65.875 3.26327
 65.9 3.1889
 65.925 3.11556
 65.95 3.04326
 65.975 2.97196
 66 2.90168
 66.025 2.83238
 66.05 2.76406
 66.075 2.69671
 66.1 2.63031
 66.125 2.56486
 66.15 2.50034
 66.175 2.43674
 66.2 2.37405
 66.225 2.31226
 66.25 2.25136
 66.275 2.19133
 66.3 2.13216
 66.325 2.07385
 66.35 2.01638
 66.375 1.95974
 66.4 1.90392
 66.425 1.84891
 66.45 1.79471
 66.475 1.74129
 66.5 1.68865
 66.525 1.63677
 66.55 1.58566
 66.575 1.53529
 66.6 1.48566
 66.625 1.43676
 66.65 1.38857
 66.675 1.3411
 66.7 1.29432
 66.725 1.24823
 66.75 1.20282
 66.775 1.15807
 66.8 1.11399
 66.825 1.07056
 66.85 1.02778
 66.875 0.98562
 66.9 0.944088
 66.925 0.903171
 66.95 0.862861
 66.975 0.823148
 67 0.784023
 67.025 0.745479
 67.05 0.707507
 67.075 0.670098
 67.1 0.633244
 67.125 0.596938
 67.15 0.56117
 67.175 0.525933
 67.2 0.49122
 67.225 0.457022
 67.25 0.423332
 67.275 0.390141
 67.3 0.357443
 67.325 0.325229
 67.35 0.293494
 67.375 0.262229
 67.4 0.231427
 67.425 0.201081
 67.45 0.171184
 67.475 0.141729
 67.5 0.11271
 67.525 0.084119
 67.55 0.0559501
 67.575 0.0281964
 67.6 0.000851436
 67.625 -0.0260915
 67.65 -0.0526384
 67.675 -0.0787956
 67.7 -0.104569
 67.725 -0.129965
 67.75 -0.154989
 67.775 -0.179649
 67.8 -0.203948
 67.825 -0.227894
 67.85 -0.251492
 67.875 -0.274748
 67.9 -0.297666
 67.925 -0.320253
 67.95 -0.342514
 67.975 -0.364454
 68 -0.386079
 68.025 -0.407394
 68.05 -0.428404
 68.075 -0.449114
 68.1 -0.469529
 68.125 -0.489654
 68.15 -0.509493
 68.175 -0.529052
 68.2 -0.548335
 68.225 -0.567347
 68.25 -0.586092
 68.275 -0.604576
 68.3 -0.622802
 68.325 -0.640775
 68.35 -0.658499
 68.375 -0.675978
 68.4 -0.693217
 68.425 -0.710219
 68.45 -0.726989
 68.475 -0.743531
 68.5 -0.759849
 68.525 -0.775947
 68.55 -0.791828
 68.575 -0.807497
 68.6 -0.822957
 68.625 -0.838212
 68.65 -0.853265
 68.675 -0.868119
 68.7 -0.882779
 68.725 -0.897248
 68.75 -0.91153
 68.775 -0.925627
 68.8 -0.939542
 68.825 -0.953281
 68.85 -0.966844
 68.875 -0.980237
 68.9 -0.993461
 68.925 -1.00652
 68.95 -1.01942
 68.975 -1.03216
 69 -1.04474
 69.025 -1.05716
 69.05 -1.06944
 69.075 -1.08157
 69.1 -1.09356
 69.125 -1.1054
 69.15 -1.1171
 69.175 -1.12867
 69.2 -1.1401
 69.225 -1.1514
 69.25 -1.16257
 69.275 -1.17361
 69.3 -1.18453
 69.325 -1.19533
 69.35 -1.206
 69.375 -1.21656
 69.4 -1.22701
 69.425 -1.23734
 69.45 -1.24756
 69.475 -1.25767
 69.5 -1.26768
 69.525 -1.27758
 69.55 -1.28738
 69.575 -1.29708
 69.6 -1.30668
 69.625 -1.31618
 69.65 -1.32559
 69.675 -1.33491
 69.7 -1.34413
 69.725 -1.35327
 69.75 -1.36232
 69.775 -1.37129
 69.8 -1.38017
 69.825 -1.38897
 69.85 -1.39769
 69.875 -1.40634
 69.9 -1.4149
 69.925 -1.42339
 69.95 -1.43181
 69.975 -1.44016
 70 -1.44843
 70.025 -1.45664
 70.05 -1.46478
 70.075 -1.47285
 70.1 -1.48086
 70.125 -1.48881
 70.15 -1.49669
 70.175 -1.50451
 70.2 -1.51228
 70.225 -1.51998
 70.25 -1.52763
 70.275 -1.53523
 70.3 -1.54277
 70.325 -1.55026
 70.35 -1.55769
 70.375 -1.56508
 70.4 -1.57242
 70.425 -1.57971
 70.45 -1.58695
 70.475 -1.59415
 70.5 -1.6013
 70.525 -1.60841
 70.55 -1.61547
 70.575 -1.6225
 70.6 -1.62948
 70.625 -1.63642
 70.65 -1.64333
 70.675 -1.6502
 70.7 -1.65703
 70.725 -1.66382
 70.75 -1.67058
 70.775 -1.67731
 70.8 -1.684
 70.825 -1.69066
 70.85 -1.69729
 70.875 -1.70389
 70.9 -1.71046
 70.925 -1.717
 70.95 -1.72351
 70.975 -1.72999
 71 -1.73645
 71.025 -1.74288
 71.05 -1.74929
 71.075 -1.75567
 71.1 -1.76202
 71.125 -1.76836
 71.15 -1.77467
 71.175 -1.78096
 71.2 -1.78723
 71.225 -1.79347
 71.25 -1.7997
 71.275 -1.80591
 71.3 -1.8121
 71.325 -1.81827
 71.35 -1.82442
 71.375 -1.83056
 71.4 -1.83668
 71.425 -1.84278
 71.45 -1.84887
 71.475 -1.85494
 71.5 -1.861
 71.525 -1.86704
 71.55 -1.87307
 71.575 -1.87909
 71.6 -1.88509
 71.625 -1.89109
 71.65 -1.89707
 71.675 -1.90303
 71.7 -1.90899
 71.725 -1.91494
 71.75 -1.92087
 71.775 -1.9268
 71.8 -1.93271
 71.825 -1.93862
 71.85 -1.94452
 71.875 -1.95041
 71.9 -1.95629
 71.925 -1.96216
 71.95 -1.96803
 71.975 -1.97388
 72 -1.97973
 72.025 -1.98558
 72.05 -1.99141
 72.075 -1.99725
 72.1 -2.00307
 72.125 -2.00889
 72.15 -2.0147
 72.175 -2.02051
 72.2 -2.02632
 72.225 -2.03211
 72.25 -2.03791
 72.275 -2.0437
 72.3 -2.04948
 72.325 -2.05527
 72.35 -2.06104
 72.375 -2.06682
 72.4 -2.07259
 72.425 -2.07836
 72.45 -2.08412
 72.475 -2.08989
 72.5 -2.09565
 72.525 -2.10141
 72.55 -2.10716
 72.575 -2.11292
 72.6 -2.11867
 72.625 -2.12442
 72.65 -2.13017
 72.675 -2.13592
 72.7 -2.14167
 72.725 -2.14741
 72.75 -2.15316
 72.775 -2.1589
 72.8 -2.16465
 72.825 -2.17039
 72.85 -2.17613
 72.875 -2.18188
 72.9 -2.18762
 72.925 -2.19336
 72.95 -2.19911
 72.975 -2.20485
 73 -2.2106
 73.025 -2.21634
 73.05 -2.22209
 73.075 -2.22783
 73.1 -2.23358
 73.125 -2.23933
 73.15 -2.24507
 73.175 -2.25082
 73.2 -2.25657
 73.225 -2.26233
 73.25 -2.26808
 73.275 -2.27383
 73.3 -2.27959
 73.325 -2.28534
 73.35 -2.2911
 73.375 -2.29686
 73.4 -2.30262
 73.425 -2.30838
 73.45 -2.31414
 73.475 -2.31991
 73.5 -2.32568
 73.525 -2.33144
 73.55 -2.33721
 73.575 -2.34299
 73.6 -2.34876
 73.625 -2.35453
 73.65 -2.36031
 73.675 -2.36609
 73.7 -2.37187
 73.725 -2.37765
 73.75 -2.38344
 73.775 -2.38922
 73.8 -2.39501
 73.825 -2.4008
 73.85 -2.40659
 73.875 -2.41239
 73.9 -2.41818
 73.925 -2.42398
 73.95 -2.42978
 73.975 -2.43558
 74 -2.44138
 74.025 -2.44718
 74.05 -2.45299
 74.075 -2.45879
 74.1 -2.4646
 74.125 -2.47041
 74.15 -2.47622
 74.175 -2.48203
 74.2 -2.48785
 74.225 -2.49366
 74.25 -2.49948
 74.275 -2.5053
 74.3 -2.51112
 74.325 -2.51694
 74.35 -2.52276
 74.375 -2.52858
 74.4 -2.53441
 74.425 -2.54023
 74.45 -2.54606
 74.475 -2.55189
 74.5 -2.55772
 74.525 -2.56355
 74.55 -2.56938
 74.575 -2.57521
 74.6 -2.58104
 74.625 -2.58687
 74.65 -2.59271
 74.675 -2.59854
 74.7 -2.60438
 74.725 -2.61021
 74.75 -2.61605
 74.775 -2.62189
 74.8 -2.62772
 74.825 -2.63356
 74.85 -2.6394
 74.875 -2.64524
 74.9 -2.65107
 74.925 -2.65691
 74.95 -2.66275
 74.975 -2.66859
 75 -2.67443
 75.025 -2.68027
 75.05 -2.6861
 75.075 -2.69194
 75.1 -2.69778
 75.125 -2.70362
 75.15 -2.70946
 75.175 -2.71529
 75.2 -2.72113
 75.225 -2.72697
 75.25 -2.7328
 75.275 -2.73864
 75.3 -2.74448
 75.325 -2.75031
 75.35 -2.75614
 75.375 -2.76198
 75.4 -2.76781
 75.425 -2.77364
 75.45 -2.77948
 75.475 -2.78531
 75.5 -2.79114
 75.525 -2.79697
 75.55 -2.80279
 75.575 -2.80862
 75.6 -2.81445
 75.625 -2.82027
 75.65 -2.8261
 75.675 -2.83192
 75.7 -2.83774
 75.725 -2.84356
 75.75 -2.84938
 75.775 -2.8552
 75.8 -2.86101
 75.825 -2.86683
 75.85 -2.87264
 75.875 -2.87845
 75.9 -2.88426
 75.925 -2.89007
 75.95 -2.89587
 75.975 -2.90168
 76 -2.90748
 76.025 -2.91328
 76.05 -2.91908
 76.075 -2.92487
 76.1 -2.93067
 76.125 -2.93646
 76.15 -2.94225
 76.175 -2.94804
 76.2 -2.95383
 76.225 -2.95961
 76.25 -2.96539
 76.275 -2.97117
 76.3 -2.97695
 76.325 -2.98272
 76.35 -2.9885
 76.375 -2.99427
 76.4 -3.00003
 76.425 -3.0058
 76.45 -3.01156
 76.475 -3.01732
 76.5 -3.02308
 76.525 -3.02883
 76.55 -3.03458
 76.575 -3.04033
 76.6 -3.04607
 76.625 -3.05181
 76.65 -3.05755
 76.675 -3.06329
 76.7 -3.06902
 76.725 -3.07475
 76.75 -3.08048
 76.775 -3.0862
 76.8 -3.09192
 76.825 -3.09764
 76.85 -3.10335
 76.875 -3.10906
 76.9 -3.11477
 76.925 -3.12047
 76.95 -3.12617
 76.975 -3.13186
 77 -3.13756
 77.025 -3.14324
 77.05 -3.14893
 77.075 -3.15461
 77.1 -3.16029
 77.125 -3.16596
 77.15 -3.17163
 77.175 -3.1773
 77.2 -3.18296
 77.225 -3.18862
 77.25 -3.19427
 77.275 -3.19992
 77.3 -3.20557
 77.325 -3.21121
 77.35 -3.21684
 77.375 -3.22248
 77.4 -3.22811
 77.425 -3.23373
 77.45 -3.23935
 77.475 -3.24497
 77.5 -3.25058
 77.525 -3.25618
 77.55 -3.26178
 77.575 -3.26738
 77.6 -3.27297
 77.625 -3.27856
 77.65 -3.28415
 77.675 -3.28972
 77.7 -3.2953
 77.725 -3.30087
 77.75 -3.30643
 77.775 -3.31199
 77.8 -3.31755
 77.825 -3.3231
 77.85 -3.32864
 77.875 -3.33418
 77.9 -3.33971
 77.925 -3.34524
 77.95 -3.35077
 77.975 -3.35629
 78 -3.3618
 78.025 -3.36731
 78.05 -3.37281
 78.075 -3.37831
 78.1 -3.3838
 78.125 -3.38929
 78.15 -3.39477
 78.175 -3.40024
 78.2 -3.40571
 78.225 -3.41118
 78.25 -3.41664
 78.275 -3.42209
 78.3 -3.42754
 78.325 -3.43298
 78.35 -3.43842
 78.375 -3.44384
 78.4 -3.44927
 78.425 -3.45469
 78.45 -3.4601
 78.475 -3.4655
 78.5 -3.4709
 78.525 -3.4763
 78.55 -3.48169
 78.575 -3.48707
 78.6 -3.49244
 78.625 -3.49781
 78.65 -3.50318
 78.675 -3.50853
 78.7 -3.51388
 78.725 -3.51923
 78.75 -3.52457
 78.775 -3.5299
 78.8 -3.53522
 78.825 -3.54054
 78.85 -3.54586
 78.875 -3.55116
 78.9 -3.55646
 78.925 -3.56176
 78.95 -3.56704
 78.975 -3.57232
 79 -3.5776
 79.025 -3.58286
 79.05 -3.58812
 79.075 -3.59338
 79.1 -3.59863
 79.125 -3.60387
 79.15 -3.6091
 79.175 -3.61433
 79.2 -3.61955
 79.225 -3.62476
 79.25 -3.62997
 79.275 -3.63517
 79.3 -3.64036
 79.325 -3.64555
 79.35 -3.65073
 79.375 -3.6559
 79.4 -3.66106
 79.425 -3.66622
 79.45 -3.67137
 79.475 -3.67652
 79.5 -3.68166
 79.525 -3.68679
 79.55 -3.69191
 79.575 -3.69703
 79.6 -3.70213
 79.625 -3.70724
 79.65 -3.71233
 79.675 -3.71742
 79.7 -3.7225
 79.725 -3.72757
 79.75 -3.73264
 79.775 -3.7377
 79.8 -3.74275
 79.825 -3.7478
 79.85 -3.75283
 79.875 -3.75786
 79.9 -3.76289
 79.925 -3.7679
 79.95 -3.77291
 79.975 -3.77791
 80 -3.78291
 80.025 -3.78789
 80.05 -3.79287
 80.075 -3.79784
 80.1 -3.80281
 80.125 -3.80777
 80.15 -3.81272
 80.175 -3.81766
 80.2 -3.82259
 80.225 -3.82752
 80.25 -3.83244
 80.275 -3.83735
 80.3 -3.84226
 80.325 -3.84716
 80.35 -3.85205
 80.375 -3.85693
 80.4 -3.86181
 80.425 -3.86667
 80.45 -3.87153
 80.475 -3.87639
 80.5 -3.88123
 80.525 -3.88607
 80.55 -3.8909
 80.575 -3.89572
 80.6 -3.90054
 80.625 -3.90534
 80.65 -3.91014
 80.675 -3.91494
 80.7 -3.91972
 80.725 -3.9245
 80.75 -3.92927
 80.775 -3.93403
 80.8 -3.93878
 80.825 -3.94353
 80.85 -3.94827
 80.875 -3.953
 80.9 -3.95772
 80.925 -3.96244
 80.95 -3.96715
 80.975 -3.97185
 81 -3.97654
 81.025 -3.98123
 81.05 -3.98591
 81.075 -3.99058
 81.1 -3.99524
 81.125 -3.99989
 81.15 -4.00454
 81.175 -4.00918
 81.2 -4.01381
 81.225 -4.01844
 81.25 -4.02305
 81.275 -4.02766
 81.3 -4.03226
 81.325 -4.03685
 81.35 -4.04144
 81.375 -4.04602
 81.4 -4.05059
 81.425 -4.05515
 81.45 -4.0597
 81.475 -4.06425
 81.5 -4.06879
 81.525 -4.07332
 81.55 -4.07785
 81.575 -4.08236
 81.6 -4.08687
 81.625 -4.09137
 81.65 -4.09586
 81.675 -4.10035
 81.7 -4.10482
 81.725 -4.10929
 81.75 -4.11376
 81.775 -4.11821
 81.8 -4.12266
 81.825 -4.12709
 81.85 -4.13153
 81.875 -4.13595
 81.9 -4.14036
 81.925 -4.14477
 81.95 -4.14917
 81.975 -4.15356
 82 -4.15795
 82.025 -4.16233
 82.05 -4.16669
 82.075 -4.17106
 82.1 -4.17541
 82.125 -4.17976
 82.15 -4.18409
 82.175 -4.18842
 82.2 -4.19275
 82.225 -4.19706
 82.25 -4.20137
 82.275 -4.20567
 82.3 -4.20996
 82.325 -4.21425
 82.35 -4.21852
 82.375 -4.22279
 82.4 -4.22705
 82.425 -4.23131
 82.45 -4.23555
 82.475 -4.23979
 82.5 -4.24402
 82.525 -4.24824
 82.55 -4.25246
 82.575 -4.25667
 82.6 -4.26087
 82.625 -4.26506
 82.65 -4.26924
 82.675 -4.27342
 82.7 -4.27759
 82.725 -4.28175
 82.75 -4.2859
 82.775 -4.29005
 82.8 -4.29419
 82.825 -4.29832
 82.85 -4.30244
 82.875 -4.30656
 82.9 -4.31066
 82.925 -4.31477
 82.95 -4.31886
 82.975 -4.32294
 83 -4.32702
 83.025 -4.33109
 83.05 -4.33515
 83.075 -4.33921
 83.1 -4.34325
 83.125 -4.34729
 83.15 -4.35133
 83.175 -4.35535
 83.2 -4.35937
 83.225 -4.36338
 83.25 -4.36738
 83.275 -4.37137
 83.3 -4.37536
 83.325 -4.37934
 83.35 -4.38331
 83.375 -4.38728
 83.4 -4.39123
 83.425 -4.39518
 83.45 -4.39913
 83.475 -4.40306
 83.5 -4.40699
 83.525 -4.41091
 83.55 -4.41482
 83.575 -4.41872
 83.6 -4.42262
 83.625 -4.42651
 83.65 -4.43039
 83.675 -4.43427
 83.7 -4.43814
 83.725 -4.442
 83.75 -4.44585
 83.775 -4.44969
 83.8 -4.45353
 83.825 -4.45736
 83.85 -4.46119
 83.875 -4.465
 83.9 -4.46881
 83.925 -4.47261
 83.95 -4.4764
 83.975 -4.48019
 84 -4.48397
 84.025 -4.48774
 84.05 -4.49151
 84.075 -4.49526
 84.1 -4.49901
 84.125 -4.50275
 84.15 -4.50649
 84.175 -4.51022
 84.2 -4.51394
 84.225 -4.51765
 84.25 -4.52136
 84.275 -4.52506
 84.3 -4.52875
 84.325 -4.53243
 84.35 -4.53611
 84.375 -4.53978
 84.4 -4.54344
 84.425 -4.5471
 84.45 -4.55075
 84.475 -4.55439
 84.5 -4.55802
 84.525 -4.56165
 84.55 -4.56527
 84.575 -4.56888
 84.6 -4.57249
 84.625 -4.57609
 84.65 -4.57968
 84.675 -4.58326
 84.7 -4.58684
 84.725 -4.59041
 84.75 -4.59397
 84.775 -4.59753
 84.8 -4.60108
 84.825 -4.60462
 84.85 -4.60816
 84.875 -4.61169
 84.9 -4.61521
 84.925 -4.61872
 84.95 -4.62223
 84.975 -4.62573
 85 -4.62922
 85.025 -4.63271
 85.05 -4.63619
 85.075 -4.63966
 85.1 -4.64312
 85.125 -4.64658
 85.15 -4.65003
 85.175 -4.65348
 85.2 -4.65692
 85.225 -4.66035
 85.25 -4.66377
 85.275 -4.66719
 85.3 -4.6706
 85.325 -4.674
 85.35 -4.6774
 85.375 -4.68079
 85.4 -4.68417
 85.425 -4.68755
 85.45 -4.69091
 85.475 -4.69428
 85.5 -4.69763
 85.525 -4.70098
 85.55 -4.70432
 85.575 -4.70766
 85.6 -4.71099
 85.625 -4.71431
 85.65 -4.71763
 85.675 -4.72093
 85.7 -4.72424
 85.725 -4.72753
 85.75 -4.73082
 85.775 -4.7341
 85.8 -4.73738
 85.825 -4.74064
 85.85 -4.74391
 85.875 -4.74716
 85.9 -4.75041
 85.925 -4.75365
 85.95 -4.75689
 85.975 -4.76012
 86 -4.76334
 86.025 -4.76656
 86.05 -4.76976
 86.075 -4.77297
 86.1 -4.77616
 86.125 -4.77935
 86.15 -4.78254
 86.175 -4.78571
 86.2 -4.78888
 86.225 -4.79205
 86.25 -4.7952
 86.275 -4.79836
 86.3 -4.8015
 86.325 -4.80464
 86.35 -4.80777
 86.375 -4.8109
 86.4 -4.81401
 86.425 -4.81713
 86.45 -4.82023
 86.475 -4.82333
 86.5 -4.82643
 86.525 -4.82951
 86.55 -4.83259
 86.575 -4.83567
 86.6 -4.83873
 86.625 -4.8418
 86.65 -4.84485
 86.675 -4.8479
 86.7 -4.85094
 86.725 -4.85398
 86.75 -4.85701
 86.775 -4.86003
 86.8 -4.86305
 86.825 -4.86606
 86.85 -4.86907
 86.875 -4.87207
 86.9 -4.87506
 86.925 -4.87805
 86.95 -4.88103
 86.975 -4.884
 87 -4.88697
 87.025 -4.88993
 87.05 -4.89289
 87.075 -4.89584
 87.1 -4.89878
 87.125 -4.90172
 87.15 -4.90465
 87.175 -4.90758
 87.2 -4.9105
 87.225 -4.91341
 87.25 -4.91632
 87.275 -4.91922
 87.3 -4.92211
 87.325 -4.925
 87.35 -4.92789
 87.375 -4.93076
 87.4 -4.93364
 87.425 -4.9365
 87.45 -4.93936
 87.475 -4.94221
 87.5 -4.94506
 87.525 -4.9479
 87.55 -4.95074
 87.575 -4.95357
 87.6 -4.95639
 87.625 -4.95921
 87.65 -4.96202
 87.675 -4.96483
 87.7 -4.96763
 87.725 -4.97043
 87.75 -4.97322
 87.775 -4.976
 87.8 -4.97878
 87.825 -4.98155
 87.85 -4.98431
 87.875 -4.98707
 87.9 -4.98983
 87.925 -4.99258
 87.95 -4.99532
 87.975 -4.99806
 88 -5.00079
 88.025 -5.00351
 88.05 -5.00623
 88.075 -5.00895
 88.1 -5.01166
 88.125 -5.01436
 88.15 -5.01706
 88.175 -5.01975
 88.2 -5.02243
 88.225 -5.02511
 88.25 -5.02779
 88.275 -5.03046
 88.3 -5.03312
 88.325 -5.03578
 88.35 -5.03843
 88.375 -5.04108
 88.4 -5.04372
 88.425 -5.04636
 88.45 -5.04899
 88.475 -5.05161
 88.5 -5.05423
 88.525 -5.05684
 88.55 -5.05945
 88.575 -5.06206
 88.6 -5.06465
 88.625 -5.06724
 88.65 -5.06983
 88.675 -5.07241
 88.7 -5.07499
 88.725 -5.07756
 88.75 -5.08012
 88.775 -5.08268
 88.8 -5.08524
 88.825 -5.08778
 88.85 -5.09033
 88.875 -5.09286
 88.9 -5.0954
 88.925 -5.09792
 88.95 -5.10045
 88.975 -5.10296
 89 -5.10547
 89.025 -5.10798
 89.05 -5.11048
 89.075 -5.11298
 89.1 -5.11547
 89.125 -5.11795
 89.15 -5.12043
 89.175 -5.12291
 89.2 -5.12537
 89.225 -5.12784
 89.25 -5.1303
 89.275 -5.13275
 89.3 -5.1352
 89.325 -5.13764
 89.35 -5.14008
 89.375 -5.14251
 89.4 -5.14494
 89.425 -5.14736
 89.45 -5.14978
 89.475 -5.1522
 89.5 -5.1546
 89.525 -5.15701
 89.55 -5.1594
 89.575 -5.16179
 89.6 -5.16418
 89.625 -5.16656
 89.65 -5.16894
 89.675 -5.17131
 89.7 -5.17368
 89.725 -5.17604
 89.75 -5.1784
 89.775 -5.18075
 89.8 -5.1831
 89.825 -5.18544
 89.85 -5.18778
 89.875 -5.19011
 89.9 -5.19244
 89.925 -5.19476
 89.95 -5.19708
 89.975 -5.19939
 90 -5.2017
 90.025 -5.204
 90.05 -5.2063
 90.075 -5.20859
 90.1 -5.21088
 90.125 -5.21316
 90.15 -5.21544
 90.175 -5.21772
 90.2 -5.21999
 90.225 -5.22225
 90.25 -5.22451
 90.275 -5.22676
 90.3 -5.22901
 90.325 -5.23126
 90.35 -5.2335
 90.375 -5.23573
 90.4 -5.23796
 90.425 -5.24019
 90.45 -5.24241
 90.475 -5.24463
 90.5 -5.24684
 90.525 -5.24905
 90.55 -5.25125
 90.575 -5.25345
 90.6 -5.25564
 90.625 -5.25783
 90.65 -5.26001
 90.675 -5.26219
 90.7 -5.26436
 90.725 -5.26653
 90.75 -5.2687
 90.775 -5.27086
 90.8 -5.27302
 90.825 -5.27517
 90.85 -5.27731
 90.875 -5.27946
 90.9 -5.28159
 90.925 -5.28373
 90.95 -5.28586
 90.975 -5.28798
 91 -5.2901
 91.025 -5.29222
 91.05 -5.29433
 91.075 -5.29643
 91.1 -5.29853
 91.125 -5.30063
 91.15 -5.30272
 91.175 -5.30481
 91.2 -5.3069
 91.225 -5.30897
 91.25 -5.31105
 91.275 -5.31312
 91.3 -5.31519
 91.325 -5.31725
 91.35 -5.31931
 91.375 -5.32136
 91.4 -5.32341
 91.425 -5.32545
 91.45 -5.32749
 91.475 -5.32953
 91.5 -5.33156
 91.525 -5.33358
 91.55 -5.33561
 91.575 -5.33763
 91.6 -5.33964
 91.625 -5.34165
 91.65 -5.34365
 91.675 -5.34566
 91.7 -5.34765
 91.725 -5.34964
 91.75 -5.35163
 91.775 -5.35362
 91.8 -5.3556
 91.825 -5.35757
 91.85 -5.35954
 91.875 -5.36151
 91.9 -5.36347
 91.925 -5.36543
 91.95 -5.36739
 91.975 -5.36934
 92 -5.37128
 92.025 -5.37323
 92.05 -5.37516
 92.075 -5.3771
 92.1 -5.37903
 92.125 -5.38095
 92.15 -5.38288
 92.175 -5.38479
 92.2 -5.38671
 92.225 -5.38862
 92.25 -5.39052
 92.275 -5.39242
 92.3 -5.39432
 92.325 -5.39621
 92.35 -5.3981
 92.375 -5.39999
 92.4 -5.40187
 92.425 -5.40374
 92.45 -5.40562
 92.475 -5.40749
 92.5 -5.40935
 92.525 -5.41121
 92.55 -5.41307
 92.575 -5.41492
 92.6 -5.41677
 92.625 -5.41862
 92.65 -5.42046
 92.675 -5.4223
 92.7 -5.42413
 92.725 -5.42596
 92.75 -5.42778
 92.775 -5.4296
 92.8 -5.43142
 92.825 -5.43324
 92.85 -5.43505
 92.875 -5.43685
 92.9 -5.43865
 92.925 -5.44045
 92.95 -5.44225
 92.975 -5.44404
 93 -5.44582
 93.025 -5.44761
 93.05 -5.44939
 93.075 -5.45116
 93.1 -5.45293
 93.125 -5.4547
 93.15 -5.45646
 93.175 -5.45822
 93.2 -5.45998
 93.225 -5.46173
 93.25 -5.46348
 93.275 -5.46523
 93.3 -5.46697
 93.325 -5.46871
 93.35 -5.47044
 93.375 -5.47217
 93.4 -5.4739
 93.425 -5.47562
 93.45 -5.47734
 93.475 -5.47905
 93.5 -5.48077
 93.525 -5.48247
 93.55 -5.48418
 93.575 -5.48588
 93.6 -5.48758
 93.625 -5.48927
 93.65 -5.49096
 93.675 -5.49265
 93.7 -5.49433
 93.725 -5.49601
 93.75 -5.49768
 93.775 -5.49935
 93.8 -5.50102
 93.825 -5.50269
 93.85 -5.50435
 93.875 -5.50601
 93.9 -5.50766
 93.925 -5.50931
 93.95 -5.51096
 93.975 -5.5126
 94 -5.51424
 94.025 -5.51588
 94.05 -5.51751
 94.075 -5.51914
 94.1 -5.52076
 94.125 -5.52239
 94.15 -5.52401
 94.175 -5.52562
 94.2 -5.52723
 94.225 -5.52884
 94.25 -5.53045
 94.275 -5.53205
 94.3 -5.53365
 94.325 -5.53524
 94.35 -5.53683
 94.375 -5.53842
 94.4 -5.54
 94.425 -5.54159
 94.45 -5.54316
 94.475 -5.54474
 94.5 -5.54631
 94.525 -5.54788
 94.55 -5.54944
 94.575 -5.551
 94.6 -5.55256
 94.625 -5.55411
 94.65 -5.55566
 94.675 -5.55721
 94.7 -5.55876
 94.725 -5.5603
 94.75 -5.56183
 94.775 -5.56337
 94.8 -5.5649
 94.825 -5.56643
 94.85 -5.56795
 94.875 -5.56947
 94.9 -5.57099
 94.925 -5.5725
 94.95 -5.57402
 94.975 -5.57552
 95 -5.57703
 95.025 -5.57853
 95.05 -5.58003
 95.075 -5.58152
 95.1 -5.58302
 95.125 -5.5845
 95.15 -5.58599
 95.175 -5.58747
 95.2 -5.58895
 95.225 -5.59043
 95.25 -5.5919
 95.275 -5.59337
 95.3 -5.59484
 95.325 -5.5963
 95.35 -5.59776
 95.375 -5.59922
 95.4 -5.60067
 95.425 -5.60212
 95.45 -5.60357
 95.475 -5.60501
 95.5 -5.60646
 95.525 -5.60789
 95.55 -5.60933
 95.575 -5.61076
 95.6 -5.61219
 95.625 -5.61362
 95.65 -5.61504
 95.675 -5.61646
 95.7 -5.61788
 95.725 -5.61929
 95.75 -5.6207
 95.775 -5.62211
 95.8 -5.62351
 95.825 -5.62492
 95.85 -5.62631
 95.875 -5.62771
 95.9 -5.6291
 95.925 -5.63049
 95.95 -5.63188
 95.975 -5.63326
 96 -5.63464
 96.025 -5.63602
 96.05 -5.63739
 96.075 -5.63877
 96.1 -5.64013
 96.125 -5.6415
 96.15 -5.64286
 96.175 -5.64422
 96.2 -5.64558
 96.225 -5.64693
 96.25 -5.64829
 96.275 -5.64963
 96.3 -5.65098
 96.325 -5.65232
 96.35 -5.65366
 96.375 -5.655
 96.4 -5.65633
 96.425 -5.65766
 96.45 -5.65899
 96.475 -5.66032
 96.5 -5.66164
 96.525 -5.66296
 96.55 -5.66427
 96.575 -5.66559
 96.6 -5.6669
 96.625 -5.66821
 96.65 -5.66951
 96.675 -5.67081
 96.7 -5.67211
 96.725 -5.67341
 96.75 -5.6747
 96.775 -5.676
 96.8 -5.67728
 96.825 -5.67857
 96.85 -5.67985
 96.875 -5.68113
 96.9 -5.68241
 96.925 -5.68368
 96.95 -5.68496
 96.975 -5.68623
 97 -5.68749
 97.025 -5.68876
 97.05 -5.69002
 97.075 -5.69127
 97.1 -5.69253
 97.125 -5.69378
 97.15 -5.69503
 97.175 -5.69628
 97.2 -5.69752
 97.225 -5.69877
 97.25 -5.70001
 97.275 -5.70124
 97.3 -5.70248
 97.325 -5.70371
 97.35 -5.70494
 97.375 -5.70616
 97.4 -5.70738
 97.425 -5.70861
 97.45 -5.70982
 97.475 -5.71104
 97.5 -5.71225
 97.525 -5.71346
 97.55 -5.71467
 97.575 -5.71587
 97.6 -5.71708
 97.625 -5.71828
 97.65 -5.71947
 97.675 -5.72067
 97.7 -5.72186
 97.725 -5.72305
 97.75 -5.72424
 97.775 -5.72542
 97.8 -5.7266
 97.825 -5.72778
 97.85 -5.72896
 97.875 -5.73013
 97.9 -5.7313
 97.925 -5.73247
 97.95 -5.73364
 97.975 -5.7348
 98 -5.73596
 98.025 -5.73712
 98.05 -5.73828
 98.075 -5.73943
 98.1 -5.74058
 98.125 -5.74173
 98.15 -5.74288
 98.175 -5.74402
 98.2 -5.74516
 98.225 -5.7463
 98.25 -5.74744
 98.275 -5.74857
 98.3 -5.7497
 98.325 -5.75083
 98.35 -5.75196
 98.375 -5.75308
 98.4 -5.75421
 98.425 -5.75533
 98.45 -5.75644
 98.475 -5.75756
 98.5 -5.75867
 98.525 -5.75978
 98.55 -5.76089
 98.575 -5.76199
 98.6 -5.76309
 98.625 -5.76419
 98.65 -5.76529
 98.675 -5.76639
 98.7 -5.76748
 98.725 -5.76857
 98.75 -5.76966
 98.775 -5.77074
 98.8 -5.77183
 98.825 -5.77291
 98.85 -5.77399
 98.875 -5.77506
 98.9 -5.77614
 98.925 -5.77721
 98.95 -5.77828
 98.975 -5.77934
 99 -5.78041
 99.025 -5.78147
 99.05 -5.78253
 99.075 -5.78359
 99.1 -5.78465
 99.125 -5.7857
 99.15 -5.78675
 99.175 -5.7878
 99.2 -5.78885
 99.225 -5.78989
 99.25 -5.79093
 99.275 -5.79197
 99.3 -5.79301
 99.325 -5.79404
 99.35 -5.79508
 99.375 -5.79611
 99.4 -5.79713
 99.425 -5.79816
 99.45 -5.79918
 99.475 -5.80021
 99.5 -5.80123
 99.525 -5.80224
 99.55 -5.80326
 99.575 -5.80427
 99.6 -5.80528
 99.625 -5.80629
 99.65 -5.8073
 99.675 -5.8083
 99.7 -5.8093
 99.725 -5.8103
 99.75 -5.8113
 99.775 -5.81229
 99.8 -5.81329
 99.825 -5.81428
 99.85 -5.81527
 99.875 -5.81625
 99.9 -5.81724
 99.925 -5.81822
 99.95 -5.8192
 99.975 -5.82018
 100 -5.82115
