4001 2
 0 0
 0.025 0.0700147
 0.05 0.133434
 0.075 0.191481
 0.1 0.245116
 0.125 0.295095
 0.15 0.342018
 0.175 0.386362
 0.2 0.42851
 0.225 0.468771
 0.25 0.507397
 0.275 0.544593
 0.3 0.580529
 0.325 0.615345
 0.35 0.64916
 0.375 0.682072
 0.4 0.714166
 0.425 0.745515
 0.45 0.77618
 0.475 0.806215
 0.5 0.835667
 0.525 0.864578
 0.55 0.892985
 0.575 0.92092
 0.6 0.948412
 0.625 0.975487
 0.65 1.00217
 0.675 1.02848
 0.7 1.05444
 0.725 1.08006
 0.75 1.10536
 0.775 1.13037
 0.8 1.15508
 0.825 1.17952
 0.85 1.20369
 0.875 1.2276
 0.9 1.25128
 0.925 1.27472
 0.95 1.29794
 0.975 1.32094
 1 1.34373
 1.025 1.36632
 1.05 1.38872
 1.075 1.41093
 1.1 1.43296
 1.125 1.45482
 1.15 1.4765
 1.175 1.49803
 1.2 1.51939
 1.225 1.54061
 1.25 1.56167
 1.275 1.58259
 1.3 1.60336
 1.325 1.62401
 1.35 1.64451
 1.375 1.6649
 1.4 1.68515
 1.425 1.70528
 1.45 1.7253
 1.475 1.7452
 1.5 1.76499
 1.525 1.78467
 1.55 1.80424
 1.575 1.82371
 1.6 1.84308
 1.625 1.86235
 1.65 1.88152
 1.675 1.9006
 1.7 1.91959
 1.725 1.93848
 1.75 1.95729
 1.775 1.97602
 1.8 1.99466
 1.825 2.01322
 1.85 2.0317
 1.875 2.05011
 1.9 2.06843
 1.925 2.08669
 1.95 2.10487
 1.975 2.12298
 2 2.14102
 2.025 2.159
 2.05 2.17691
 2.075 2.19475
 2.1 2.21253
 2.125 2.23025
 2.15 2.2479
 2.175 2.2655
 2.2 2.28304
 2.225 2.30053
 2.25 2.31795
 2.275 2.33533
 2.3 2.35265
 2.325 2.36992
 2.35 2.38714
 2.375 2.40431
 2.4 2.42143
 2.425 2.4385
 2.45 2.45553
 2.475 2.47251
 2.5 2.48945
 2.525 2.50634
 2.55 2.52319
 2.575 2.54
 2.6 2.55677
 2.625 2.5735
 2.65 2.59019
 2.675 2.60684
 2.7 2.62346
 2.725 2.64004
 2.75 2.65658
 2.775 2.67309
 2.8 2.68957
 2.825 2.70601
 2.85 2.72242
 2.875 2.7388
 2.9 2.75515
 2.925 2.77147
 2.95 2.78776
 2.975 2.80402
 3 2.82026
 3.025 2.83646
 3.05 2.85264
 3.075 2.8688
 3.1 2.88493
 3.125 2.90104
 3.15 2.91712
 3.175 2.93318
 3.2 2.94922
 3.225 2.96524
 3.25 2.98123
 3.275 2.99721
 3.3 3.01316
 3.325 3.0291
 3.35 3.04502
 3.375 3.06092
 3.4 3.0768
 3.425 3.09267
 3.45 3.10852
 3.475 3.12436
 3.5 3.14018
 3.525 3.15599
 3.55 3.17178
 3.575 3.18756
 3.6 3.20333
 3.625 3.21908
 3.65 3.23482
 3.675 3.25056
 3.7 3.26628
 3.725 3.28199
 3.75 3.2977
 3.775 3.31339
 3.8 3.32908
 3.825 3.34476
 3.85 3.36044
 3.875 3.3761
 3.9 3.39176
 3.925 3.40742
 3.95 3.42306
 3.975 3.43871
 4 3.45435
 4.025 3.46999
 4.05 3.48562
 4.075 3.50125
 4.1 3.51689
 4.125 3.53252
 4.15 3.54815
 4.175 3.56377
 4.2 3.5794
 4.225 3.59503
 4.25 3.61066
 4.275 3.62629
 4.3 3.64192
 4.325 3.65756
 4.35 3.6732
 4.375 3.68884
 4.4 3.70449
 4.425 3.72014
 4.45 3.7358
 4.475 3.75146
 4.5 3.76713
 4.525 3.7828
 4.55 3.79849
 4.575 3.81417
 4.6 3.82987
 4.625 3.84558
 4.65 3.86129
 4.675 3.87701
 4.7 3.89275
 4.725 3.9085
 4.75 3.92426
 4.775 3.94003
 4.8 3.95581
 4.825 3.9716
 4.85 3.98741
 4.875 4.00323
 4.9 4.01906
 4.925 4.0349
 4.95 4.05077
 4.975 4.06665
 5 4.08254
 5.025 4.09845
 5.05 4.11439
 5.075 4.13033
 5.1 4.1463
 5.125 4.16229
 5.15 4.17829
 5.175 4.19431
 5.2 4.21036
 5.225 4.22642
 5.25 4.24251
 5.275 4.25861
 5.3 4.27474
 5.325 4.2909
 5.35 4.30708
 5.375 4.32328
 5.4 4.33951
 5.425 4.35576
 5.45 4.37204
 5.475 4.38835
 5.5 4.40468
 5.525 4.42104
 5.55 4.43742
 5.575 4.45384
 5.6 4.47028
 5.625 4.48676
 5.65 4.50327
 5.675 4.51981
 5.7 4.53638
 5.725 4.55298
 5.75 4.56962
 5.775 4.58629
 5.8 4.60299
 5.825 4.61973
 5.85 4.6365
 5.875 4.65331
 5.9 4.67016
 5.925 4.68704
 5.95 4.70397
 5.975 4.72093
 6 4.73794
 6.025 4.75498
 6.05 4.77207
 6.075 4.78919
 6.1 4.80636
 6.125 4.82357
 6.15 4.84082
 6.175 4.85812
 6.2 4.87547
 6.225 4.89286
 6.25 4.9103
 6.275 4.92779
 6.3 4.94532
 6.325 4.96291
 6.35 4.98055
 6.375 4.99823
 6.4 5.01597
 6.425 5.03376
 6.45 5.0516
 6.475 5.0695
 6.5 5.08745
 6.525 5.10546
 6.55 5.12353
 6.575 5.14165
 6.6 5.15984
 6.625 5.17808
 6.65 5.19639
 6.675 5.21475
 6.7 5.23318
 6.725 5.25167
 6.75 5.27022
 6.775 5.28884
 6.8 5.30753
 6.825 5.32629
 6.85 5.34512
 6.875 5.36401
 6.9 5.38298
 6.925 5.40201
 6.95 5.42112
 6.975 5.44031
 7 5.45956
 7.025 5.4789
 7.05 5.49832
 7.075 5.51781
 7.1 5.53739
 7.125 5.55704
 7.15 5.57678
 7.175 5.59661
 7.2 5.61651
 7.225 5.6365
 7.25 5.65658
 7.275 5.67676
 7.3 5.69702
 7.325 5.71738
 7.35 5.73783
 7.375 5.75837
 7.4 5.77902
 7.425 5.79976
 7.45 5.8206
 7.475 5.84154
 7.5 5.86258
 7.525 5.88373
 7.55 5.90499
 7.575 5.92635
 7.6 5.94783
 7.625 5.96942
 7.65 5.99112
 7.675 6.01294
 7.7 6.03487
 7.725 6.05692
 7.75 6.0791
 7.775 6.1014
 7.8 6.12382
 7.825 6.14638
 7.85 6.16906
 7.875 6.19188
 7.9 6.21483
 7.925 6.23791
 7.95 6.26114
 7.975 6.2845
 8 6.30802
 8.025 6.33168
 8.05 6.35548
 8.075 6.37945
 8.1 6.40356
 8.125 6.42783
 8.15 6.45226
 8.175 6.47685
 8.2 6.50161
 8.225 6.52654
 8.25 6.55165
 8.275 6.57693
 8.3 6.60238
 8.325 6.62802
 8.35 6.65384
 8.375 6.67985
 8.4 6.70605
 8.425 6.73246
 8.45 6.75906
 8.475 6.78587
 8.5 6.81288
 8.525 6.8401
 8.55 6.86754
 8.575 6.89521
 8.6 6.92309
 8.625 6.95121
 8.65 6.97957
 8.675 7.00816
 8.7 7.03699
 8.725 7.06607
 8.75 7.09541
 8.775 7.12501
 8.8 7.15488
 8.825 7.18502
 8.85 7.21543
 8.875 7.24613
 8.9 7.27711
 8.925 7.30839
 8.95 7.33998
 8.975 7.37188
 9 7.40409
 9.025 7.43663
 9.05 7.46949
 9.075 7.5027
 9.1 7.53626
 9.125 7.57017
 9.15 7.60445
 9.175 7.63909
 9.2 7.67412
 9.225 7.70955
 9.25 7.74538
 9.275 7.78162
 9.3 7.81828
 9.325 7.85537
 9.35 7.89292
 9.375 7.93092
 9.4 7.96939
 9.425 8.00834
 9.45 8.04779
 9.475 8.08774
 9.5 8.12822
 9.525 8.16924
 9.55 8.21082
 9.575 8.25296
 9.6 8.29569
 9.625 8.33902
 9.65 8.38298
 9.675 8.42758
 9.7 8.47284
 9.725 8.51878
 9.75 8.56543
 9.775 8.6128
 9.8 8.66092
 9.825 8.70982
 9.85 8.75952
 9.875 8.81005
 9.9 8.86143
 9.925 8.91369
 9.95 8.96688
 9.975 9.02102
 10 9.07613
 10.025 9.13228
 10.05 9.18948
 10.075 9.24778
 10.1 9.30722
 10.125 9.36785
 10.15 9.42972
 10.175 9.49287
 10.2 9.55736
 10.225 9.62325
 10.25 9.69058
 10.275 9.75944
 10.3 9.82988
 10.325 9.90198
 10.35 9.97581
 10.375 10.0515
 10.4 10.129
 10.425 10.2085
 10.45 10.2902
 10.475 10.374
 10.5 10.4601
 10.525 10.5487
 10.55 10.6398
 10.575 10.7336
 10.6 10.8303
 10.625 10.93
 10.65 11.0329
 10.675 11.1392
 10.7 11.2492
 10.725 11.3629
 10.75 11.4807
 10.775 11.6029
 10.8 11.7297
 10.825 11.8614
 10.85 11.9985
 10.875 12.1413
 10.9 12.2903
 10.925 12.446
 10.95 12.6088
 10.975 12.7793
 11 12.9584
 11.025 13.1466
 11.05 13.3449
 11.075 13.5541
 11.1 13.7755
 11.125 14.0101
 11.15 14.2595
 11.175 14.5252
 11.2 14.809
 11.225 15.1132
 11.25 15.4403
 11.275 15.7932
 11.3 16.1753
 11.325 16.5908
 11.35 17.0446
 11.375 17.5426
 11.4 18.0919
 11.425 18.7011
 11.45 19.3809
 11.475 20.1442
 11.5 21.0073
 11.525 21.9902
 11.55 23.118
 11.575 24.4217
 11.6 25.9394
 11.625 27.7169
 11.65 29.8067
 11.675 32.2632
 11.7 35.1306
 11.725 38.4197
 11.75 42.0752
 11.775 45.959
 11.8 49.8763
 11.825 53.6294
 11.85 57.0619
 11.875 60.0763
 11.9 62.6325
 11.925 64.7327
 11.95 66.4035
 11.975 67.6823
 12 68.6086
 12.025 69.22
 12.05 69.5511
 12.075 69.6335
 12.1 69.4962
 12.125 69.1658
 12.15 68.6674
 12.175 68.0242
 12.2 67.2576
 12.225 66.3877
 12.25 65.433
 12.275 64.4105
 12.3 63.3358
 12.325 62.2232
 12.35 61.0854
 12.375 59.9342
 12.4 58.7801
 12.425 57.6326
 12.45 56.4997
 12.475 55.3888
 12.5 54.3056
 12.525 53.2548
 12.55 52.24
 12.575 51.2636
 12.6 50.3267
 12.625 49.4299
 12.65 48.5727
 12.675 47.7542
 12.7 46.9729
 12.725 46.2269
 12.75 45.5141
 12.775 44.8319
 12.8 44.1779
 12.825 43.5495
 12.85 42.9444
 12.875 42.36
 12.9 41.7943
 12.925 41.2452
 12.95 40.711
 12.975 40.19
 13 39.6809
 13.025 39.1824
 13.05 38.6935
 13.075 38.2132
 13.1 37.7409
 13.125 37.276
 13.15 36.8178
 13.175 36.366
 13.2 35.9204
 13.225 35.4805
 13.25 35.0463
 13.275 34.6177
 13.3 34.1944
 13.325 33.7765
 13.35 33.3639
 13.375 32.9566
 13.4 32.5546
 13.425 32.1578
 13.45 31.7664
 13.475 31.3802
 13.5 30.9994
 13.525 30.6239
 13.55 30.2536
 13.575 29.8887
 13.6 29.5291
 13.625 29.1748
 13.65 28.8257
 13.675 28.4818
 13.7 28.1432
 13.725 27.8097
 13.75 27.4814
 13.775 27.1581
 13.8 26.8399
 13.825 26.5267
 13.85 26.2184
 13.875 25.9151
 13.9 25.6165
 13.925 25.3227
 13.95 25.0337
 13.975 24.7493
 14 24.4695
 14.025 24.1943
 14.05 23.9235
 14.075 23.6572
 14.1 23.3953
 14.125 23.1377
 14.15 22.8843
 14.175 22.6352
 14.2 22.3903
 14.225 22.1495
 14.25 21.9128
 14.275 21.6801
 14.3 21.4514
 14.325 21.2267
 14.35 21.0058
 14.375 20.7888
 14.4 20.5757
 14.425 20.3663
 14.45 20.1606
 14.475 19.9587
 14.5 19.7604
 14.525 19.5658
 14.55 19.3747
 14.575 19.1872
 14.6 19.0033
 14.625 18.8228
 14.65 18.6458
 14.675 18.4722
 14.7 18.3019
 14.725 18.1351
 14.75 17.9715
 14.775 17.8113
 14.8 17.6542
 14.825 17.5004
 14.85 17.3498
 14.875 17.2023
 14.9 17.0579
 14.925 16.9166
 14.95 16.7784
 14.975 16.6431
 15 16.5108
 15.025 16.3814
 15.05 16.255
 15.075 16.1313
 15.1 16.0105
 15.125 15.8925
 15.15 15.7773
 15.175 15.6647
 15.2 15.5549
 15.225 15.4477
 15.25 15.3431
 15.275 15.241
 15.3 15.1416
 15.325 15.0446
 15.35 14.9501
 15.375 14.858
 15.4 14.7683
 15.425 14.681
 15.45 14.5961
 15.475 14.5135
 15.5 14.4331
 15.525 14.355
 15.55 14.2791
 15.575 14.2054
 15.6 14.1339
 15.625 14.0645
 15.65 13.9972
 15.675 13.932
 15.7 13.8689
 15.725 13.8078
 15.75 13.7488
 15.775 13.6917
 15.8 13.6366
 15.825 13.5835
 15.85 13.5323
 15.875 13.483
 15.9 13.4356
 15.925 13.3902
 15.95 13.3466
 15.975 13.3048
 16 13.265
 16.025 13.2269
 16.05 13.1907
 16.075 13.1564
 16.1 13.1238
 16.125 13.0931
 16.15 13.0641
 16.175 13.037
 16.2 13.0117
 16.225 12.9882
 16.25 12.9665
 16.275 12.9466
 16.3 12.9285
 16.325 12.9122
 16.35 12.8977
 16.375 12.8851
 16.4 12.8743
 16.425 12.8653
 16.45 12.8582
 16.475 12.853
 16.5 12.8497
 16.525 12.8482
 16.55 12.8487
 16.575 12.8511
 16.6 12.8555
 16.625 12.8619
 16.65 12.8703
 16.675 12.8807
 16.7 12.8932
 16.725 12.9078
 16.75 12.9245
 16.775 12.9434
 16.8 12.9645
 16.825 12.9879
 16.85 13.0135
 16.875 13.0415
 16.9 13.0718
 16.925 13.1046
 16.95 13.1399
 16.975 13.1777
 17 13.2181
 17.025 13.2612
 17.05 13.3071
 17.075 13.3558
 17.1 13.4074
 17.125 13.4619
 17.15 13.5195
 17.175 13.5803
 17.2 13.6444
 17.225 13.7118
 17.25 13.7827
 17.275 13.8572
 17.3 13.9354
 17.325 14.0175
 17.35 14.1036
 17.375 14.1938
 17.4 14.2884
 17.425 14.3875
 17.45 14.4913
 17.475 14.6001
 17.5 14.7139
 17.525 14.8332
 17.55 14.958
 17.575 15.0888
 17.6 15.2258
 17.625 15.3694
 17.65 15.5199
 17.675 15.6777
 17.7 15.8432
 17.725 16.0169
 17.75 16.1994
 17.775 16.3911
 17.8 16.5928
 17.825 16.805
 17.85 17.0286
 17.875 17.2643
 17.9 17.5132
 17.925 17.7762
 17.95 18.0546
 17.975 18.3495
 18 18.6624
 18.025 18.9949
 18.05 19.3488
 18.075 19.7262
 18.1 20.1293
 18.125 20.5607
 18.15 21.0232
 18.175 21.5201
 18.2 22.0551
 18.225 22.6323
 18.25 23.2564
 18.275 23.9324
 18.3 24.6661
 18.325 25.4636
 18.35 26.3317
 18.375 27.2773
 18.4 28.3073
 18.425 29.4282
 18.45 30.6451
 18.475 31.9608
 18.5 33.3741
 18.525 34.8779
 18.55 36.4576
 18.575 38.089
 18.6 39.7391
 18.625 41.3672
 18.65 42.9294
 18.675 44.3837
 18.7 45.6941
 18.725 46.8339
 18.75 47.7863
 18.775 48.5438
 18.8 49.1069
 18.825 49.4823
 18.85 49.6806
 18.875 49.7152
 18.9 49.6008
 18.925 49.3531
 18.95 48.9874
 18.975 48.5188
 19 47.9616
 19.025 47.3296
 19.05 46.6354
 19.075 45.891
 19.1 45.1071
 19.125 44.2938
 19.15 43.46
 19.175 42.6138
 19.2 41.7623
 19.225 40.9115
 19.25 40.0669
 19.275 39.2329
 19.3 38.4132
 19.325 37.6106
 19.35 36.8275
 19.375 36.0655
 19.4 35.326
 19.425 34.6096
 19.45 33.9167
 19.475 33.2475
 19.5 32.602
 19.525 31.9796
 19.55 31.3801
 19.575 30.8029
 19.6 30.2474
 19.625 29.7129
 19.65 29.1987
 19.675 28.7041
 19.7 28.2285
 19.725 27.771
 19.75 27.331
 19.775 26.9079
 19.8 26.501
 19.825 26.1097
 19.85 25.7334
 19.875 25.3715
 19.9 25.0235
 19.925 24.6889
 19.95 24.3673
 19.975 24.058
 20 23.7609
 20.025 23.4753
 20.05 23.201
 20.075 22.9375
 20.1 22.6846
 20.125 22.442
 20.15 22.2092
 20.175 21.9861
 20.2 21.7724
 20.225 21.5678
 20.25 21.3721
 20.275 21.1851
 20.3 21.0067
 20.325 20.8365
 20.35 20.6744
 20.375 20.5202
 20.4 20.3738
 20.425 20.235
 20.45 20.1036
 20.475 19.9795
 20.5 19.8626
 20.525 19.7526
 20.55 19.6496
 20.575 19.5533
 20.6 19.4636
 20.625 19.3805
 20.65 19.3037
 20.675 19.2333
 20.7 19.1691
 20.725 19.111
 20.75 19.059
 20.775 19.0129
 20.8 18.9727
 20.825 18.9383
 20.85 18.9098
 20.875 18.8869
 20.9 18.8697
 20.925 18.8581
 20.95 18.8522
 20.975 18.8518
 21 18.8569
 21.025 18.8676
 21.05 18.8838
 21.075 18.9056
 21.1 18.9328
 21.125 18.9657
 21.15 19.0041
 21.175 19.0481
 21.2 19.0978
 21.225 19.1532
 21.25 19.2143
 21.275 19.2812
 21.3 19.354
 21.325 19.4329
 21.35 19.5177
 21.375 19.6088
 21.4 19.7061
 21.425 19.8099
 21.45 19.9203
 21.475 20.0374
 21.5 20.1614
 21.525 20.2924
 21.55 20.4308
 21.575 20.5766
 21.6 20.7302
 21.625 20.8918
 21.65 21.0616
 21.675 21.24
 21.7 21.4272
 21.725 21.6236
 21.75 21.8295
 21.775 22.0453
 21.8 22.2714
 21.825 22.5083
 21.85 22.7563
 21.875 23.016
 21.9 23.2877
 21.925 23.5721
 21.95 23.8697
 21.975 24.1809
 22 24.5064
 22.025 24.8467
 22.05 25.2023
 22.075 25.5738
 22.1 25.9617
 22.125 26.3664
 22.15 26.7884
 22.175 27.2279
 22.2 27.6851
 22.225 28.1601
 22.25 28.6527
 22.275 29.1624
 22.3 29.6886
 22.325 30.2302
 22.35 30.7858
 22.375 31.3535
 22.4 31.9308
 22.425 32.5147
 22.45 33.1018
 22.475 33.6879
 22.5 34.2684
 22.525 34.8382
 22.55 35.3918
 22.575 35.9237
 22.6 36.4282
 22.625 36.8998
 22.65 37.3333
 22.675 37.7244
 22.7 38.0691
 22.725 38.3644
 22.75 38.6082
 22.775 38.7993
 22.8 38.9374
 22.825 39.023
 22.85 39.0574
 22.875 39.0426
 22.9 38.9809
 22.925 38.8753
 22.95 38.7288
 22.975 38.5449
 23 38.327
 23.025 38.0787
 23.05 37.8032
 23.075 37.5042
 23.1 37.1846
 23.125 36.8477
 23.15 36.4963
 23.175 36.1331
 23.2 35.7605
 23.225 35.3808
 23.25 34.9959
 23.275 34.6078
 23.3 34.2181
 23.325 33.8282
 23.35 33.4394
 23.375 33.0529
 23.4 32.6695
 23.425 32.2902
 23.45 31.9157
 23.475 31.5466
 23.5 31.1833
 23.525 30.8264
 23.55 30.4762
 23.575 30.133
 23.6 29.797
 23.625 29.4684
 23.65 29.1473
 23.675 28.8339
 23.7 28.5282
 23.725 28.2302
 23.75 27.94
 23.775 27.6575
 23.8 27.3828
 23.825 27.1157
 23.85 26.8563
 23.875 26.6044
 23.9 26.36
 23.925 26.123
 23.95 25.8933
 23.975 25.6709
 24 25.4556
 24.025 25.2473
 24.05 25.046
 24.075 24.8515
 24.1 24.6637
 24.125 24.4826
 24.15 24.308
 24.175 24.1399
 24.2 23.978
 24.225 23.8224
 24.25 23.6729
 24.275 23.5294
 24.3 23.3919
 24.325 23.2602
 24.35 23.1342
 24.375 23.0139
 24.4 22.8991
 24.425 22.7898
 24.45 22.686
 24.475 22.5874
 24.5 22.494
 24.525 22.4058
 24.55 22.3227
 24.575 22.2446
 24.6 22.1715
 24.625 22.1033
 24.65 22.0399
 24.675 21.9813
 24.7 21.9274
 24.725 21.8783
 24.75 21.8338
 24.775 21.7939
 24.8 21.7586
 24.825 21.728
 24.85 21.7018
 24.875 21.6802
 24.9 21.6631
 24.925 21.6505
 24.95 21.6423
 24.975 21.6387
 25 21.6395
 25.025 21.6448
 25.05 21.6546
 25.075 21.6689
 25.1 21.6877
 25.125 21.711
 25.15 21.7389
 25.175 21.7713
 25.2 21.8084
 25.225 21.8501
 25.25 21.8965
 25.275 21.9477
 25.3 22.0037
 25.325 22.0645
 25.35 22.1303
 25.375 22.2011
 25.4 22.277
 25.425 22.3581
 25.45 22.4445
 25.475 22.5362
 25.5 22.6335
 25.525 22.7364
 25.55 22.845
 25.575 22.9595
 25.6 23.08
 25.625 23.2067
 25.65 23.3397
 25.675 23.4792
 25.7 23.6253
 25.725 23.7784
 25.75 23.9384
 25.775 24.1056
 25.8 24.2803
 25.825 24.4626
 25.85 24.6527
 25.875 24.8509
 25.9 25.0573
 25.925 25.2722
 25.95 25.4957
 25.975 25.728
 26 25.9694
 26.025 26.2199
 26.05 26.4798
 26.075 26.7491
 26.1 27.0279
 26.125 27.3162
 26.15 27.614
 26.175 27.9212
 26.2 28.2376
 26.225 28.5631
 26.25 28.8972
 26.275 29.2395
 26.3 29.5894
 26.325 29.9461
 26.35 30.3087
 26.375 30.6763
 26.4 31.0475
 26.425 31.4209
 26.45 31.795
 26.475 32.1679
 26.5 32.5377
 26.525 32.9023
 26.55 33.2594
 26.575 33.6067
 26.6 33.9418
 26.625 34.2622
 26.65 34.5656
 26.675 34.8498
 26.7 35.1124
 26.725 35.3517
 26.75 35.5657
 26.775 35.7531
 26.8 35.9127
 26.825 36.0437
 26.85 36.1454
 26.875 36.2176
 26.9 36.2605
 26.925 36.2745
 26.95 36.2601
 26.975 36.2182
 27 36.15
 27.025 36.0566
 27.05 35.9395
 27.075 35.8001
 27.1 35.6401
 27.125 35.4609
 27.15 35.2643
 27.175 35.0518
 27.2 34.825
 27.225 34.5854
 27.25 34.3346
 27.275 34.074
 27.3 33.805
 27.325 33.5287
 27.35 33.2464
 27.375 32.9592
 27.4 32.6682
 27.425 32.3743
 27.45 32.0783
 27.475 31.7812
 27.5 31.4835
 27.525 31.1859
 27.55 30.8891
 27.575 30.5936
 27.6 30.2998
 27.625 30.0082
 27.65 29.7191
 27.675 29.4329
 27.7 29.15
 27.725 28.8704
 27.75 28.5946
 27.775 28.3226
 27.8 28.0547
 27.825 27.791
 27.85 27.5316
 27.875 27.2767
 27.9 27.0262
 27.925 26.7804
 27.95 26.5393
 27.975 26.3028
 28 26.0712
 28.025 25.8443
 28.05 25.6222
 28.075 25.405
 28.1 25.1926
 28.125 24.9851
 28.15 24.7824
 28.175 24.5845
 28.2 24.3915
 28.225 24.2032
 28.25 24.0198
 28.275 23.8411
 28.3 23.6672
 28.325 23.498
 28.35 23.3336
 28.375 23.1738
 28.4 23.0186
 28.425 22.8681
 28.45 22.7221
 28.475 22.5808
 28.5 22.444
 28.525 22.3116
 28.55 22.1838
 28.575 22.0604
 28.6 21.9414
 28.625 21.8267
 28.65 21.7165
 28.675 21.6105
 28.7 21.5089
 28.725 21.4115
 28.75 21.3183
 28.775 21.2294
 28.8 21.1447
 28.825 21.0641
 28.85 20.9877
 28.875 20.9155
 28.9 20.8473
 28.925 20.7833
 28.95 20.7233
 28.975 20.6674
 29 20.6156
 29.025 20.5679
 29.05 20.5242
 29.075 20.4846
 29.1 20.449
 29.125 20.4175
 29.15 20.39
 29.175 20.3666
 29.2 20.3473
 29.225 20.3322
 29.25 20.3211
 29.275 20.3142
 29.3 20.3115
 29.325 20.3129
 29.35 20.3187
 29.375 20.3287
 29.4 20.343
 29.425 20.3617
 29.45 20.3849
 29.475 20.4126
 29.5 20.4448
 29.525 20.4817
 29.55 20.5233
 29.575 20.5697
 29.6 20.621
 29.625 20.6774
 29.65 20.7389
 29.675 20.8056
 29.7 20.8777
 29.725 20.9554
 29.75 21.0388
 29.775 21.128
 29.8 21.2232
 29.825 21.3247
 29.85 21.4326
 29.875 21.5471
 29.9 21.6686
 29.925 21.7972
 29.95 21.9332
 29.975 22.0769
 30 22.2286
 30.025 22.3887
 30.05 22.5574
 30.075 22.7352
 30.1 22.9225
 30.125 23.1197
 30.15 23.3272
 30.175 23.5455
 30.2 23.775
 30.225 24.0164
 30.25 24.2701
 30.275 24.5367
 30.3 24.8168
 30.325 25.1109
 30.35 25.4197
 30.375 25.7437
 30.4 26.0836
 30.425 26.4398
 30.45 26.813
 30.475 27.2036
 30.5 27.6119
 30.525 28.0383
 30.55 28.4829
 30.575 28.9457
 30.6 29.4263
 30.625 29.9243
 30.65 30.4388
 30.675 30.9685
 30.7 31.5117
 30.725 32.0662
 30.75 32.6292
 30.775 33.1976
 30.8 33.7673
 30.825 34.3341
 30.85 34.8929
 30.875 35.4386
 30.9 35.9655
 30.925 36.4682
 30.95 36.941
 30.975 37.3788
 31 37.7769
 31.025 38.131
 31.05 38.4379
 31.075 38.6951
 31.1 38.9009
 31.125 39.0546
 31.15 39.1562
 31.175 39.2066
 31.2 39.2071
 31.225 39.16
 31.25 39.0676
 31.275 38.9327
 31.3 38.7584
 31.325 38.548
 31.35 38.3048
 31.375 38.0321
 31.4 37.733
 31.425 37.411
 31.45 37.0689
 31.475 36.7096
 31.5 36.336
 31.525 35.9505
 31.55 35.5554
 31.575 35.1529
 31.6 34.7448
 31.625 34.333
 31.65 33.919
 31.675 33.5041
 31.7 33.0897
 31.725 32.6767
 31.75 32.266
 31.775 31.8585
 31.8 31.4549
 31.825 31.0557
 31.85 30.6615
 31.875 30.2725
 31.9 29.8893
 31.925 29.512
 31.95 29.1408
 31.975 28.776
 32 28.4177
 32.025 28.066
 32.05 27.7208
 32.075 27.3824
 32.1 27.0506
 32.125 26.7255
 32.15 26.4071
 32.175 26.0953
 32.2 25.7901
 32.225 25.4915
 32.25 25.1994
 32.275 24.9137
 32.3 24.6345
 32.325 24.3615
 32.35 24.0948
 32.375 23.8343
 32.4 23.5798
 32.425 23.3314
 32.45 23.089
 32.475 22.8525
 32.5 22.6218
 32.525 22.3968
 32.55 22.1775
 32.575 21.9639
 32.6 21.7558
 32.625 21.5531
 32.65 21.3559
 32.675 21.164
 32.7 20.9774
 32.725 20.796
 32.75 20.6198
 32.775 20.4486
 32.8 20.2825
 32.825 20.1214
 32.85 19.9651
 32.875 19.8138
 32.9 19.6672
 32.925 19.5253
 32.95 19.3881
 32.975 19.2556
 33 19.1276
 33.025 19.0041
 33.05 18.8851
 33.075 18.7704
 33.1 18.6602
 33.125 18.5542
 33.15 18.4525
 33.175 18.3549
 33.2 18.2616
 33.225 18.1723
 33.25 18.0871
 33.275 18.0059
 33.3 17.9286
 33.325 17.8553
 33.35 17.7859
 33.375 17.7203
 33.4 17.6585
 33.425 17.6005
 33.45 17.5462
 33.475 17.4956
 33.5 17.4487
 33.525 17.4054
 33.55 17.3658
 33.575 17.3297
 33.6 17.2972
 33.625 17.2682
 33.65 17.2428
 33.675 17.2209
 33.7 17.2025
 33.725 17.1875
 33.75 17.1761
 33.775 17.1681
 33.8 17.1636
 33.825 17.1626
 33.85 17.165
 33.875 17.171
 33.9 17.1805
 33.925 17.1935
 33.95 17.21
 33.975 17.2301
 34 17.2539
 34.025 17.2813
 34.05 17.3124
 34.075 17.3472
 34.1 17.3859
 34.125 17.4284
 34.15 17.4748
 34.175 17.5252
 34.2 17.5797
 34.225 17.6384
 34.25 17.7013
 34.275 17.7687
 34.3 17.8405
 34.325 17.917
 34.35 17.9982
 34.375 18.0844
 34.4 18.1756
 34.425 18.2721
 34.45 18.3741
 34.475 18.4818
 34.5 18.5953
 34.525 18.715
 34.55 18.8412
 34.575 18.9741
 34.6 19.114
 34.625 19.2613
 34.65 19.4164
 34.675 19.5797
 34.7 19.7515
 34.725 19.9325
 34.75 20.1231
 34.775 20.3239
 34.8 20.5355
 34.825 20.7586
 34.85 20.9939
 34.875 21.2422
 34.9 21.5044
 34.925 21.7814
 34.95 22.0743
 34.975 22.3841
 35 22.7121
 35.025 23.0596
 35.05 23.4279
 35.075 23.8186
 35.1 24.2332
 35.125 24.6735
 35.15 25.1412
 35.175 25.6383
 35.2 26.1666
 35.225 26.728
 35.25 27.3243
 35.275 27.9573
 35.3 28.6285
 35.325 29.3389
 35.35 30.089
 35.375 30.8786
 35.4 31.7063
 35.425 32.5694
 35.45 33.4636
 35.475 34.3828
 35.5 35.3185
 35.525 36.2605
 35.55 37.1964
 35.575 38.1123
 35.6 38.9935
 35.625 39.8254
 35.65 40.5942
 35.675 41.2877
 35.7 41.8962
 35.725 42.4125
 35.75 42.8322
 35.775 43.1535
 35.8 43.3769
 35.825 43.5049
 35.85 43.5416
 35.875 43.4922
 35.9 43.3629
 35.925 43.1601
 35.95 42.8909
 35.975 42.5623
 36 42.1813
 36.025 41.7547
 36.05 41.289
 36.075 40.7904
 36.1 40.2647
 36.125 39.7173
 36.15 39.1531
 36.175 38.5765
 36.2 37.9916
 36.225 37.4019
 36.25 36.8104
 36.275 36.2199
 36.3 35.6326
 36.325 35.0505
 36.35 34.4752
 36.375 33.9079
 36.4 33.3498
 36.425 32.8016
 36.45 32.2641
 36.475 31.7375
 36.5 31.2223
 36.525 30.7186
 36.55 30.2266
 36.575 29.7462
 36.6 29.2773
 36.625 28.8199
 36.65 28.3738
 36.675 27.9388
 36.7 27.5146
 36.725 27.1012
 36.75 26.6981
 36.775 26.3052
 36.8 25.9221
 36.825 25.5488
 36.85 25.1848
 36.875 24.8299
 36.9 24.4839
 36.925 24.1466
 36.95 23.8177
 36.975 23.497
 37 23.1843
 37.025 22.8793
 37.05 22.582
 37.075 22.292
 37.1 22.0092
 37.125 21.7335
 37.15 21.4646
 37.175 21.2024
 37.2 20.9467
 37.225 20.6975
 37.25 20.4545
 37.275 20.2176
 37.3 19.9867
 37.325 19.7617
 37.35 19.5424
 37.375 19.3287
 37.4 19.1205
 37.425 18.9177
 37.45 18.7202
 37.475 18.5279
 37.5 18.3406
 37.525 18.1583
 37.55 17.9809
 37.575 17.8083
 37.6 17.6404
 37.625 17.477
 37.65 17.3182
 37.675 17.1638
 37.7 17.0137
 37.725 16.8678
 37.75 16.7261
 37.775 16.5885
 37.8 16.4548
 37.825 16.3251
 37.85 16.1992
 37.875 16.0771
 37.9 15.9586
 37.925 15.8437
 37.95 15.7324
 37.975 15.6245
 38 15.5199
 38.025 15.4187
 38.05 15.3208
 38.075 15.226
 38.1 15.1342
 38.125 15.0456
 38.15 14.9599
 38.175 14.8771
 38.2 14.7971
 38.225 14.7199
 38.25 14.6454
 38.275 14.5736
 38.3 14.5044
 38.325 14.4378
 38.35 14.3736
 38.375 14.3119
 38.4 14.2525
 38.425 14.1955
 38.45 14.1408
 38.475 14.0883
 38.5 14.038
 38.525 13.9899
 38.55 13.9438
 38.575 13.8998
 38.6 13.8579
 38.625 13.8179
 38.65 13.7798
 38.675 13.7436
 38.7 13.7093
 38.725 13.6769
 38.75 13.6462
 38.775 13.6173
 38.8 13.5901
 38.825 13.5646
 38.85 13.5408
 38.875 13.5187
 38.9 13.4982
 38.925 13.4792
 38.95 13.4619
 38.975 13.4461
 39 13.4318
 39.025 13.4191
 39.05 13.4078
 39.075 13.398
 39.1 13.3897
 39.125 13.3828
 39.15 13.3773
 39.175 13.3733
 39.2 13.3707
 39.225 13.3694
 39.25 13.3696
 39.275 13.3712
 39.3 13.3741
 39.325 13.3784
 39.35 13.3841
 39.375 13.3911
 39.4 13.3995
 39.425 13.4092
 39.45 13.4204
 39.475 13.4329
 39.5 13.4467
 39.525 13.462
 39.55 13.4786
 39.575 13.4966
 39.6 13.5161
 39.625 13.5369
 39.65 13.5592
 39.675 13.5829
 39.7 13.6081
 39.725 13.6348
 39.75 13.6629
 39.775 13.6926
 39.8 13.7239
 39.825 13.7567
 39.85 13.7911
 39.875 13.8271
 39.9 13.8648
 39.925 13.9042
 39.95 13.9454
 39.975 13.9883
 40 14.0331
 40.025 14.0798
 40.05 14.1283
 40.075 14.1789
 40.1 14.2315
 40.125 14.2862
 40.15 14.3431
 40.175 14.4023
 40.2 14.4637
 40.225 14.5276
 40.25 14.594
 40.275 14.663
 40.3 14.7347
 40.325 14.8092
 40.35 14.8866
 40.375 14.9671
 40.4 15.0508
 40.425 15.1378
 40.45 15.2283
 40.475 15.3225
 40.5 15.4206
 40.525 15.5227
 40.55 15.6291
 40.575 15.74
 40.6 15.8556
 40.625 15.9763
 40.65 16.1023
 40.675 16.234
 40.7 16.3717
 40.725 16.5158
 40.75 16.6667
 40.775 16.8249
 40.8 16.9908
 40.825 17.1651
 40.85 17.3484
 40.875 17.5413
 40.9 17.7446
 40.925 17.9591
 40.95 18.1858
 40.975 18.4255
 41 18.6796
 41.025 18.9492
 41.05 19.2358
 41.075 19.541
 41.1 19.8664
 41.125 20.2143
 41.15 20.5867
 41.175 20.9862
 41.2 21.4158
 41.225 21.8786
 41.25 22.3782
 41.275 22.9189
 41.3 23.5051
 41.325 24.142
 41.35 24.8353
 41.375 25.5914
 41.4 26.4169
 41.425 27.3189
 41.45 28.3049
 41.475 29.3815
 41.5 30.5548
 41.525 31.8284
 41.55 33.2027
 41.575 34.6725
 41.6 36.2254
 41.625 37.8399
 41.65 39.4854
 41.675 41.1232
 41.7 42.7105
 41.725 44.2054
 41.75 45.5713
 41.775 46.7801
 41.8 47.8138
 41.825 48.6636
 41.85 49.3283
 41.875 49.813
 41.9 50.1264
 41.925 50.28
 41.95 50.2864
 41.975 50.1586
 42 49.9092
 42.025 49.5505
 42.05 49.0949
 42.075 48.5541
 42.1 47.9393
 42.125 47.2612
 42.15 46.5301
 42.175 45.7555
 42.2 44.9465
 42.225 44.1115
 42.25 43.2583
 42.275 42.3938
 42.3 41.5245
 42.325 40.656
 42.35 39.7931
 42.375 38.9401
 42.4 38.1005
 42.425 37.2771
 42.45 36.4723
 42.475 35.6878
 42.5 34.9249
 42.525 34.1844
 42.55 33.467
 42.575 32.7729
 42.6 32.1022
 42.625 31.4546
 42.65 30.83
 42.675 30.2279
 42.7 29.6479
 42.725 29.0895
 42.75 28.5522
 42.775 28.0353
 42.8 27.5384
 42.825 27.0608
 42.85 26.602
 42.875 26.1615
 42.9 25.7386
 42.925 25.3329
 42.95 24.9438
 42.975 24.5708
 43 24.2134
 43.025 23.871
 43.05 23.543
 43.075 23.2291
 43.1 22.9286
 43.125 22.641
 43.15 22.3658
 43.175 22.1025
 43.2 21.8504
 43.225 21.6091
 43.25 21.3781
 43.275 21.1567
 43.3 20.9445
 43.325 20.741
 43.35 20.5457
 43.375 20.3581
 43.4 20.1777
 43.425 20.0041
 43.45 19.8368
 43.475 19.6754
 43.5 19.5196
 43.525 19.369
 43.55 19.2232
 43.575 19.0819
 43.6 18.9447
 43.625 18.8115
 43.65 18.6818
 43.675 18.5555
 43.7 18.4323
 43.725 18.312
 43.75 18.1945
 43.775 18.0794
 43.8 17.9666
 43.825 17.856
 43.85 17.7474
 43.875 17.6407
 43.9 17.5357
 43.925 17.4323
 43.95 17.3304
 43.975 17.2299
 44 17.1307
 44.025 17.0327
 44.05 16.9358
 44.075 16.8399
 44.1 16.7451
 44.125 16.6511
 44.15 16.558
 44.175 16.4656
 44.2 16.374
 44.225 16.2831
 44.25 16.1928
 44.275 16.1031
 44.3 16.0139
 44.325 15.9252
 44.35 15.837
 44.375 15.7493
 44.4 15.6619
 44.425 15.575
 44.45 15.4884
 44.475 15.4021
 44.5 15.3162
 44.525 15.2306
 44.55 15.1452
 44.575 15.0601
 44.6 14.9753
 44.625 14.8907
 44.65 14.8063
 44.675 14.7222
 44.7 14.6383
 44.725 14.5546
 44.75 14.4712
 44.775 14.3879
 44.8 14.3048
 44.825 14.222
 44.85 14.1394
 44.875 14.057
 44.9 13.9748
 44.925 13.8928
 44.95 13.8111
 44.975 13.7296
 45 13.6484
 45.025 13.5675
 45.05 13.4868
 45.075 13.4063
 45.1 13.3262
 45.125 13.2464
 45.15 13.1669
 45.175 13.0877
 45.2 13.0088
 45.225 12.9303
 45.25 12.8522
 45.275 12.7744
 45.3 12.697
 45.325 12.6201
 45.35 12.5435
 45.375 12.4674
 45.4 12.3917
 45.425 12.3164
 45.45 12.2417
 45.475 12.1674
 45.5 12.0936
 45.525 12.0203
 45.55 11.9475
 45.575 11.8752
 45.6 11.8035
 45.625 11.7323
 45.65 11.6616
 45.675 11.5916
 45.7 11.5221
 45.725 11.4531
 45.75 11.3848
 45.775 11.3171
 45.8 11.2499
 45.825 11.1834
 45.85 11.1175
 45.875 11.0522
 45.9 10.9876
 45.925 10.9235
 45.95 10.8601
 45.975 10.7974
 46 10.7353
 46.025 10.6738
 46.05 10.613
 46.075 10.5528
 46.1 10.4933
 46.125 10.4344
 46.15 10.3762
 46.175 10.3186
 46.2 10.2617
 46.225 10.2055
 46.25 10.1499
 46.275 10.0949
 46.3 10.0406
 46.325 9.98696
 46.35 9.93395
 46.375 9.88158
 46.4 9.82985
 46.425 9.77876
 46.45 9.7283
 46.475 9.67847
 46.5 9.62927
 46.525 9.58068
 46.55 9.53272
 46.575 9.48537
 46.6 9.43863
 46.625 9.39249
 46.65 9.34694
 46.675 9.30199
 46.7 9.25763
 46.725 9.21385
 46.75 9.17064
 46.775 9.128
 46.8 9.08593
 46.825 9.04441
 46.85 9.00345
 46.875 8.96303
 46.9 8.92314
 46.925 8.88379
 46.95 8.84497
 46.975 8.80666
 47 8.76886
 47.025 8.73157
 47.05 8.69477
 47.075 8.65847
 47.1 8.62265
 47.125 8.5873
 47.15 8.55243
 47.175 8.51801
 47.2 8.48406
 47.225 8.45055
 47.25 8.41748
 47.275 8.38485
 47.3 8.35264
 47.325 8.32085
 47.35 8.28947
 47.375 8.2585
 47.4 8.22793
 47.425 8.19775
 47.45 8.16796
 47.475 8.13854
 47.5 8.10949
 47.525 8.08081
 47.55 8.05249
 47.575 8.02451
 47.6 7.99688
 47.625 7.96959
 47.65 7.94262
 47.675 7.91598
 47.7 7.88966
 47.725 7.86365
 47.75 7.83795
 47.775 7.81254
 47.8 7.78743
 47.825 7.76259
 47.85 7.73805
 47.875 7.71377
 47.9 7.68977
 47.925 7.66602
 47.95 7.64254
 47.975 7.61931
 48 7.59632
 48.025 7.57357
 48.05 7.55105
 48.075 7.52877
 48.1 7.50671
 48.125 7.48487
 48.15 7.46324
 48.175 7.44183
 48.2 7.42062
 48.225 7.3996
 48.25 7.37878
 48.275 7.35815
 48.3 7.33771
 48.325 7.31745
 48.35 7.29737
 48.375 7.27746
 48.4 7.25772
 48.425 7.23815
 48.45 7.21873
 48.475 7.19947
 48.5 7.18037
 48.525 7.16141
 48.55 7.1426
 48.575 7.12393
 48.6 7.1054
 48.625 7.08701
 48.65 7.06875
 48.675 7.05062
 48.7 7.03261
 48.725 7.01473
 48.75 6.99697
 48.775 6.97932
 48.8 6.96179
 48.825 6.94436
 48.85 6.92705
 48.875 6.90985
 48.9 6.89275
 48.925 6.87575
 48.95 6.85885
 48.975 6.84205
 49 6.82534
 49.025 6.80872
 49.05 6.79219
 49.075 6.77575
 49.1 6.75939
 49.125 6.74312
 49.15 6.72693
 49.175 6.71083
 49.2 6.6948
 49.225 6.67885
 49.25 6.66298
 49.275 6.64718
 49.3 6.63145
 49.325 6.61579
 49.35 6.6002
 49.375 6.58467
 49.4 6.56921
 49.425 6.55382
 49.45 6.53849
 49.475 6.52323
 49.5 6.50802
 49.525 6.49288
 49.55 6.4778
 49.575 6.46278
 49.6 6.44781
 49.625 6.4329
 49.65 6.41804
 49.675 6.40323
 49.7 6.38848
 49.725 6.37378
 49.75 6.35913
 49.775 6.34453
 49.8 6.32998
 49.825 6.31548
 49.85 6.30103
 49.875 6.28663
 49.9 6.27227
 49.925 6.25796
 49.95 6.2437
 49.975 6.22947
 50 6.2153
 50.025 6.20116
 50.05 6.18707
 50.075 6.17301
 50.1 6.159
 50.125 6.14503
 50.15 6.1311
 50.175 6.11721
 50.2 6.10337
 50.225 6.08956
 50.25 6.07579
 50.275 6.06205
 50.3 6.04836
 50.325 6.0347
 50.35 6.02108
 50.375 6.00749
 50.4 5.99394
 50.425 5.98042
 50.45 5.96693
 50.475 5.95348
 50.5 5.94007
 50.525 5.92669
 50.55 5.91334
 50.575 5.90003
 50.6 5.88675
 50.625 5.8735
 50.65 5.86028
 50.675 5.8471
 50.7 5.83395
 50.725 5.82082
 50.75 5.80773
 50.775 5.79466
 50.8 5.78163
 50.825 5.76862
 50.85 5.75564
 50.875 5.74269
 50.9 5.72977
 50.925 5.71688
 50.95 5.70402
 50.975 5.69119
 51 5.67839
 51.025 5.66561
 51.05 5.65286
 51.075 5.64013
 51.1 5.62743
 51.125 5.61476
 51.15 5.60211
 51.175 5.58949
 51.2 5.57689
 51.225 5.56432
 51.25 5.55177
 51.275 5.53924
 51.3 5.52675
 51.325 5.51428
 51.35 5.50183
 51.375 5.4894
 51.4 5.47701
 51.425 5.46463
 51.45 5.45228
 51.475 5.43995
 51.5 5.42764
 51.525 5.41536
 51.55 5.40309
 51.575 5.39085
 51.6 5.37863
 51.625 5.36643
 51.65 5.35425
 51.675 5.3421
 51.7 5.32997
 51.725 5.31786
 51.75 5.30577
 51.775 5.2937
 51.8 5.28166
 51.825 5.26963
 51.85 5.25763
 51.875 5.24564
 51.9 5.23368
 51.925 5.22173
 51.95 5.2098
 51.975 5.19789
 52 5.186
 52.025 5.17413
 52.05 5.16228
 52.075 5.15045
 52.1 5.13863
 52.125 5.12684
 52.15 5.11506
 52.175 5.1033
 52.2 5.09156
 52.225 5.07984
 52.25 5.06814
 52.275 5.05645
 52.3 5.04478
 52.325 5.03313
 52.35 5.02149
 52.375 5.00987
 52.4 4.99827
 52.425 4.98668
 52.45 4.9751
 52.475 4.96354
 52.5 4.952
 52.525 4.94048
 52.55 4.92897
 52.575 4.91748
 52.6 4.906
 52.625 4.89454
 52.65 4.88309
 52.675 4.87166
 52.7 4.86024
 52.725 4.84884
 52.75 4.83745
 52.775 4.82607
 52.8 4.81471
 52.825 4.80336
 52.85 4.79202
 52.875 4.78069
 52.9 4.76938
 52.925 4.75808
 52.95 4.7468
 52.975 4.73553
 53 4.72427
 53.025 4.71303
 53.05 4.70179
 53.075 4.69057
 53.1 4.67937
 53.125 4.66817
 53.15 4.65699
 53.175 4.64582
 53.2 4.63466
 53.225 4.62351
 53.25 4.61237
 53.275 4.60124
 53.3 4.59012
 53.325 4.57901
 53.35 4.56791
 53.375 4.55682
 53.4 4.54575
 53.425 4.53468
 53.45 4.52363
 53.475 4.51259
 53.5 4.50155
 53.525 4.49053
 53.55 4.47952
 53.575 4.46851
 53.6 4.45752
 53.625 4.44654
 53.65 4.43556
 53.675 4.4246
 53.7 4.41364
 53.725 4.40269
 53.75 4.39175
 53.775 4.38081
 53.8 4.36989
 53.825 4.35897
 53.85 4.34807
 53.875 4.33717
 53.9 4.32628
 53.925 4.3154
 53.95 4.30453
 53.975 4.29367
 54 4.28282
 54.025 4.27197
 54.05 4.26113
 54.075 4.2503
 54.1 4.23948
 54.125 4.22867
 54.15 4.21786
 54.175 4.20706
 54.2 4.19626
 54.225 4.18547
 54.25 4.17469
 54.275 4.16392
 54.3 4.15316
 54.325 4.1424
 54.35 4.13165
 54.375 4.12091
 54.4 4.11017
 54.425 4.09944
 54.45 4.08872
 54.475 4.07801
 54.5 4.06731
 54.525 4.05661
 54.55 4.04591
 54.575 4.03523
 54.6 4.02455
 54.625 4.01387
 54.65 4.00321
 54.675 3.99254
 54.7 3.98189
 54.725 3.97124
 54.75 3.9606
 54.775 3.94996
 54.8 3.93933
 54.825 3.92871
 54.85 3.9181
 54.875 3.90749
 54.9 3.89689
 54.925 3.88629
 54.95 3.8757
 54.975 3.86512
 55 3.85455
 55.025 3.84398
 55.05 3.83341
 55.075 3.82285
 55.1 3.8123
 55.125 3.80175
 55.15 3.79121
 55.175 3.78068
 55.2 3.77015
 55.225 3.75963
 55.25 3.74911
 55.275 3.7386
 55.3 3.7281
 55.325 3.71761
 55.35 3.70712
 55.375 3.69663
 55.4 3.68616
 55.425 3.67569
 55.45 3.66522
 55.475 3.65477
 55.5 3.64432
 55.525 3.63387
 55.55 3.62343
 55.575 3.613
 55.6 3.60257
 55.625 3.59215
 55.65 3.58173
 55.675 3.57132
 55.7 3.56092
 55.725 3.55052
 55.75 3.54013
 55.775 3.52975
 55.8 3.51937
 55.825 3.509
 55.85 3.49864
 55.875 3.48829
 55.9 3.47794
 55.925 3.4676
 55.95 3.45726
 55.975 3.44693
 56 3.43661
 56.025 3.42629
 56.05 3.41598
 56.075 3.40567
 56.1 3.39538
 56.125 3.38508
 56.15 3.3748
 56.175 3.36452
 56.2 3.35425
 56.225 3.34399
 56.25 3.33373
 56.275 3.32348
 56.3 3.31324
 56.325 3.30301
 56.35 3.29278
 56.375 3.28256
 56.4 3.27235
 56.425 3.26214
 56.45 3.25194
 56.475 3.24175
 56.5 3.23156
 56.525 3.22139
 56.55 3.21122
 56.575 3.20105
 56.6 3.19089
 56.625 3.18074
 56.65 3.1706
 56.675 3.16047
 56.7 3.15034
 56.725 3.14022
 56.75 3.13011
 56.775 3.12001
 56.8 3.10992
 56.825 3.09983
 56.85 3.08975
 56.875 3.07968
 56.9 3.06962
 56.925 3.05956
 56.95 3.04952
 56.975 3.03948
 57 3.02945
 57.025 3.01942
 57.05 3.00941
 57.075 2.9994
 57.1 2.9894
 57.125 2.97941
 57.15 2.96943
 57.175 2.95946
 57.2 2.94949
 57.225 2.93954
 57.25 2.9296
 57.275 2.91966
 57.3 2.90974
 57.325 2.89982
 57.35 2.88992
 57.375 2.88002
 57.4 2.87013
 57.425 2.86025
 57.45 2.85039
 57.475 2.84053
 57.5 2.83068
 57.525 2.82084
 57.55 2.81101
 57.575 2.80119
 57.6 2.79138
 57.625 2.78158
 57.65 2.77179
 57.675 2.76202
 57.7 2.75225
 57.725 2.74249
 57.75 2.73275
 57.775 2.72301
 57.8 2.71329
 57.825 2.70357
 57.85 2.69387
 57.875 2.68418
 57.9 2.6745
 57.925 2.66483
 57.95 2.65518
 57.975 2.64553
 58 2.63589
 58.025 2.62627
 58.05 2.61666
 58.075 2.60705
 58.1 2.59746
 58.125 2.58788
 58.15 2.57831
 58.175 2.56875
 58.2 2.55921
 58.225 2.54967
 58.25 2.54015
 58.275 2.53064
 58.3 2.52114
 58.325 2.51166
 58.35 2.50218
 58.375 2.49272
 58.4 2.48327
 58.425 2.47384
 58.45 2.46441
 58.475 2.455
 58.5 2.44559
 58.525 2.4362
 58.55 2.42683
 58.575 2.41746
 58.6 2.40811
 58.625 2.39876
 58.65 2.38943
 58.675 2.38012
 58.7 2.37081
 58.725 2.36152
 58.75 2.35224
 58.775 2.34297
 58.8 2.33372
 58.825 2.32447
 58.85 2.31525
 58.875 2.30603
 58.9 2.29683
 58.925 2.28764
 58.95 2.27846
 58.975 2.2693
 59 2.26015
 59.025 2.25101
 59.05 2.24189
 59.075 2.23278
 59.1 2.22368
 59.125 2.21459
 59.15 2.20552
 59.175 2.19646
 59.2 2.18741
 59.225 2.17838
 59.25 2.16936
 59.275 2.16035
 59.3 2.15136
 59.325 2.14238
 59.35 2.13342
 59.375 2.12447
 59.4 2.11553
 59.425 2.10661
 59.45 2.0977
 59.475 2.0888
 59.5 2.07992
 59.525 2.07106
 59.55 2.0622
 59.575 2.05336
 59.6 2.04454
 59.625 2.03573
 59.65 2.02693
 59.675 2.01814
 59.7 2.00937
 59.725 2.00062
 59.75 1.99188
 59.775 1.98315
 59.8 1.97443
 59.825 1.96574
 59.85 1.95705
 59.875 1.94838
 59.9 1.93973
 59.925 1.93109
 59.95 1.92247
 59.975 1.91386
 60 1.90526
 60.025 1.89668
 60.05 1.88812
 60.075 1.87957
 60.1 1.87104
 60.125 1.86252
 60.15 1.85401
 60.175 1.84553
 60.2 1.83705
 60.225 1.82859
 60.25 1.82015
 60.275 1.81172
 60.3 1.8033
 60.325 1.7949
 60.35 1.78652
 60.375 1.77815
 60.4 1.7698
 60.425 1.76146
 60.45 1.75314
 60.475 1.74483
 60.5 1.73654
 60.525 1.72826
 60.55 1.72
 60.575 1.71176
 60.6 1.70353
 60.625 1.69532
 60.65 1.68712
 60.675 1.67894
 60.7 1.67077
 60.725 1.66262
 60.75 1.65448
 60.775 1.64636
 60.8 1.63826
 60.825 1.63017
 60.85 1.62209
 60.875 1.61404
 60.9 1.60599
 60.925 1.59796
 60.95 1.58995
 60.975 1.58195
 61 1.57397
 61.025 1.566
 61.05 1.55805
 61.075 1.55012
 61.1 1.5422
 61.125 1.5343
 61.15 1.52641
 61.175 1.51854
 61.2 1.51068
 61.225 1.50284
 61.25 1.49501
 61.275 1.4872
 61.3 1.47941
 61.325 1.47163
 61.35 1.46387
 61.375 1.45612
 61.4 1.44839
 61.425 1.44067
 61.45 1.43297
 61.475 1.42528
 61.5 1.41761
 61.525 1.40996
 61.55 1.40231
 61.575 1.39469
 61.6 1.38708
 61.625 1.37948
 61.65 1.3719
 61.675 1.36434
 61.7 1.35679
 61.725 1.34926
 61.75 1.34174
 61.775 1.33424
 61.8 1.32675
 61.825 1.31928
 61.85 1.31183
 61.875 1.30439
 61.9 1.29696
 61.925 1.28955
 61.95 1.28216
 61.975 1.27478
 62 1.26741
 62.025 1.26007
 62.05 1.25273
 62.075 1.24541
 62.1 1.23811
 62.125 1.23082
 62.15 1.22355
 62.175 1.21629
 62.2 1.20904
 62.225 1.20181
 62.25 1.1946
 62.275 1.1874
 62.3 1.18022
 62.325 1.17305
 62.35 1.16589
 62.375 1.15875
 62.4 1.15163
 62.425 1.14452
 62.45 1.13743
 62.475 1.13035
 62.5 1.12328
 62.525 1.11624
 62.55 1.1092
 62.575 1.10218
 62.6 1.09518
 62.625 1.08819
 62.65 1.08121
 62.675 1.07425
 62.7 1.06731
 62.725 1.06038
 62.75 1.05346
 62.775 1.04656
 62.8 1.03967
 62.825 1.0328
 62.85 1.02594
 62.875 1.0191
 62.9 1.01227
 62.925 1.00546
 62.95 0.998656
 62.975 0.99187
 63 0.985098
 63.025 0.978341
 63.05 0.971599
 63.075 0.964871
 63.1 0.958158
 63.125 0.951459
 63.15 0.944775
 63.175 0.938106
 63.2 0.931451
 63.225 0.92481
 63.25 0.918184
 63.275 0.911572
 63.3 0.904974
 63.325 0.898391
 63.35 0.891822
 63.375 0.885267
 63.4 0.878727
 63.425 0.8722
 63.45 0.865688
 63.475 0.85919
 63.5 0.852705
 63.525 0.846235
 63.55 0.839779
 63.575 0.833337
 63.6 0.826909
 63.625 0.820495
 63.65 0.814095
 63.675 0.807709
 63.7 0.801337
 63.725 0.794979
 63.75 0.788635
 63.775 0.782305
 63.8 0.775989
 63.825 0.769687
 63.85 0.7634
 63.875 0.757127
 63.9 0.750868
 63.925 0.744623
 63.95 0.738392
 63.975 0.732175
 64 0.725972
 64.025 0.719783
 64.05 0.713609
 64.075 0.707448
 64.1 0.701301
 64.125 0.695168
 64.15 0.689048
 64.175 0.682943
 64.2 0.676851
 64.225 0.670773
 64.25 0.664709
 64.275 0.658658
 64.3 0.652622
 64.325 0.646598
 64.35 0.640589
 64.375 0.634593
 64.4 0.62861
 64.425 0.622641
 64.45 0.616686
 64.475 0.610744
 64.5 0.604816
 64.525 0.598901
 64.55 0.593
 64.575 0.587112
 64.6 0.581237
 64.625 0.575377
 64.65 0.56953
 64.675 0.563696
 64.7 0.557877
 64.725 0.552071
 64.75 0.546278
 64.775 0.540499
 64.8 0.534733
 64.825 0.528981
 64.85 0.523242
 64.875 0.517516
 64.9 0.511804
 64.925 0.506105
 64.95 0.50042
 64.975 0.494747
 65 0.489088
 65.025 0.483441
 65.05 0.477808
 65.075 0.472188
 65.1 0.466581
 65.125 0.460987
 65.15 0.455406
 65.175 0.449837
 65.2 0.444282
 65.225 0.43874
 65.25 0.43321
 65.275 0.427693
 65.3 0.42219
 65.325 0.416699
 65.35 0.41122
 65.375 0.405755
 65.4 0.400302
 65.425 0.394862
 65.45 0.389434
 65.475 0.384019
 65.5 0.378618
 65.525 0.373229
 65.55 0.367852
 65.575 0.362489
 65.6 0.357138
 65.625 0.3518
 65.65 0.346475
 65.675 0.341163
 65.7 0.335863
 65.725 0.330575
 65.75 0.3253
 65.775 0.320038
 65.8 0.314788
 65.825 0.30955
 65.85 0.304325
 65.875 0.299112
 65.9 0.293911
 65.925 0.288723
 65.95 0.283547
 65.975 0.278383
 66 0.273231
 66.025 0.268091
 66.05 0.262964
 66.075 0.257848
 66.1 0.252745
 66.125 0.247654
 66.15 0.242574
 66.175 0.237507
 66.2 0.232451
 66.225 0.227408
 66.25 0.222376
 66.275 0.217357
 66.3 0.212349
 66.325 0.207353
 66.35 0.202368
 66.375 0.197396
 66.4 0.192435
 66.425 0.187486
 66.45 0.182549
 66.475 0.177624
 66.5 0.17271
 66.525 0.167809
 66.55 0.162919
 66.575 0.158041
 66.6 0.153175
 66.625 0.14832
 66.65 0.143477
 66.675 0.138646
 66.7 0.133826
 66.725 0.129018
 66.75 0.124221
 66.775 0.119436
 66.8 0.114663
 66.825 0.1099
 66.85 0.105149
 66.875 0.10041
 66.9 0.0956812
 66.925 0.0909642
 66.95 0.0862583
 66.975 0.0815637
 67 0.0768802
 67.025 0.0722078
 67.05 0.0675466
 67.075 0.0628965
 67.1 0.0582574
 67.125 0.0536294
 67.15 0.0490124
 67.175 0.0444065
 67.2 0.0398114
 67.225 0.0352274
 67.25 0.0306542
 67.275 0.026092
 67.3 0.0215406
 67.325 0.017
 67.35 0.0124703
 67.375 0.00795135
 67.4 0.00344317
 67.425 -0.00105429
 67.45 -0.00554103
 67.475 -0.010017
 67.5 -0.0144821
 67.525 -0.0189365
 67.55 -0.02338
 67.575 -0.0278128
 67.6 -0.0322348
 67.625 -0.036646
 67.65 -0.0410466
 67.675 -0.0454365
 67.7 -0.0498158
 67.725 -0.0541845
 67.75 -0.0585427
 67.775 -0.0628903
 67.8 -0.0672274
 67.825 -0.0715541
 67.85 -0.0758703
 67.875 -0.0801762
 67.9 -0.0844717
 67.925 -0.0887569
 67.95 -0.0930318
 67.975 -0.0972964
 68 -0.101551
 68.025 -0.105795
 68.05 -0.110029
 68.075 -0.114253
 68.1 -0.118467
 68.125 -0.12267
 68.15 -0.126864
 68.175 -0.131047
 68.2 -0.135221
 68.225 -0.139384
 68.25 -0.143538
 68.275 -0.147681
 68.3 -0.151815
 68.325 -0.155939
 68.35 -0.160053
 68.375 -0.164157
 68.4 -0.168251
 68.425 -0.172335
 68.45 -0.17641
 68.475 -0.180474
 68.5 -0.184529
 68.525 -0.188575
 68.55 -0.19261
 68.575 -0.196636
 68.6 -0.200653
 68.625 -0.20466
 68.65 -0.208657
 68.675 -0.212644
 68.7 -0.216622
 68.725 -0.22059
 68.75 -0.224548
 68.775 -0.228497
 68.8 -0.232436
 68.825 -0.236365
 68.85 -0.240285
 68.875 -0.244195
 68.9 -0.248096
 68.925 -0.251988
 68.95 -0.25587
 68.975 -0.259742
 69 -0.263605
 69.025 -0.267459
 69.05 -0.271304
 69.075 -0.275139
 69.1 -0.278965
 69.125 -0.282781
 69.15 -0.286589
 69.175 -0.290387
 69.2 -0.294176
 69.225 -0.297956
 69.25 -0.301727
 69.275 -0.305489
 69.3 -0.309242
 69.325 -0.312986
 69.35 -0.316721
 69.375 -0.320446
 69.4 -0.324163
 69.425 -0.327871
 69.45 -0.33157
 69.475 -0.33526
 69.5 -0.338941
 69.525 -0.342614
 69.55 -0.346277
 69.575 -0.349932
 69.6 -0.353578
 69.625 -0.357215
 69.65 -0.360843
 69.675 -0.364463
 69.7 -0.368074
 69.725 -0.371676
 69.75 -0.37527
 69.775 -0.378855
 69.8 -0.382431
 69.825 -0.385999
 69.85 -0.389559
 69.875 -0.393109
 69.9 -0.396651
 69.925 -0.400185
 69.95 -0.40371
 69.975 -0.407227
 70 -0.410735
 70.025 -0.414235
 70.05 -0.417726
 70.075 -0.421208
 70.1 -0.424682
 70.125 -0.428148
 70.15 -0.431605
 70.175 -0.435054
 70.2 -0.438494
 70.225 -0.441926
 70.25 -0.445349
 70.275 -0.448765
 70.3 -0.452172
 70.325 -0.45557
 70.35 -0.458961
 70.375 -0.462343
 70.4 -0.465717
 70.425 -0.469083
 70.45 -0.47244
 70.475 -0.47579
 70.5 -0.479132
 70.525 -0.482465
 70.55 -0.48579
 70.575 -0.489108
 70.6 -0.492417
 70.625 -0.495718
 70.65 -0.499012
 70.675 -0.502297
 70.7 -0.505575
 70.725 -0.508844
 70.75 -0.512106
 70.775 -0.51536
 70.8 -0.518606
 70.825 -0.521844
 70.85 -0.525075
 70.875 -0.528297
 70.9 -0.531512
 70.925 -0.53472
 70.95 -0.537919
 70.975 -0.541111
 71 -0.544295
 71.025 -0.547471
 71.05 -0.55064
 71.075 -0.553801
 71.1 -0.556955
 71.125 -0.560101
 71.15 -0.563239
 71.175 -0.56637
 71.2 -0.569493
 71.225 -0.572609
 71.25 -0.575717
 71.275 -0.578818
 71.3 -0.581912
 71.325 -0.584997
 71.35 -0.588076
 71.375 -0.591147
 71.4 -0.594211
 71.425 -0.597267
 71.45 -0.600316
 71.475 -0.603358
 71.5 -0.606392
 71.525 -0.609419
 71.55 -0.612439
 71.575 -0.615451
 71.6 -0.618456
 71.625 -0.621454
 71.65 -0.624444
 71.675 -0.627427
 71.7 -0.630403
 71.725 -0.633371
 71.75 -0.636332
 71.775 -0.639287
 71.8 -0.642233
 71.825 -0.645173
 71.85 -0.648106
 71.875 -0.651031
 71.9 -0.65395
 71.925 -0.656861
 71.95 -0.659765
 71.975 -0.662662
 72 -0.665553
 72.025 -0.668436
 72.05 -0.671312
 72.075 -0.674181
 72.1 -0.677044
 72.125 -0.679899
 72.15 -0.682748
 72.175 -0.68559
 72.2 -0.688424
 72.225 -0.691252
 72.25 -0.694074
 72.275 -0.696888
 72.3 -0.699696
 72.325 -0.702497
 72.35 -0.705291
 72.375 -0.708078
 72.4 -0.710859
 72.425 -0.713633
 72.45 -0.7164
 72.475 -0.719161
 72.5 -0.721915
 72.525 -0.724662
 72.55 -0.727403
 72.575 -0.730137
 72.6 -0.732864
 72.625 -0.735585
 72.65 -0.7383
 72.675 -0.741008
 72.7 -0.743709
 72.725 -0.746404
 72.75 -0.749092
 72.775 -0.751774
 72.8 -0.75445
 72.825 -0.757119
 72.85 -0.759782
 72.875 -0.762438
 72.9 -0.765088
 72.925 -0.767731
 72.95 -0.770369
 72.975 -0.772999
 73 -0.775624
 73.025 -0.778242
 73.05 -0.780854
 73.075 -0.78346
 73.1 -0.786059
 73.125 -0.788652
 73.15 -0.791239
 73.175 -0.79382
 73.2 -0.796394
 73.225 -0.798963
 73.25 -0.801525
 73.275 -0.804081
 73.3 -0.806631
 73.325 -0.809174
 73.35 -0.811712
 73.375 -0.814243
 73.4 -0.816768
 73.425 -0.819287
 73.45 -0.8218
 73.475 -0.824306
 73.5 -0.826807
 73.525 -0.829301
 73.55 -0.83179
 73.575 -0.834272
 73.6 -0.836749
 73.625 -0.839219
 73.65 -0.841683
 73.675 -0.844142
 73.7 -0.846594
 73.725 -0.849041
 73.75 -0.851481
 73.775 -0.853916
 73.8 -0.856345
 73.825 -0.858768
 73.85 -0.861185
 73.875 -0.863596
 73.9 -0.866002
 73.925 -0.868401
 73.95 -0.870795
 73.975 -0.873183
 74 -0.875566
 74.025 -0.877942
 74.05 -0.880313
 74.075 -0.882678
 74.1 -0.885038
 74.125 -0.887391
 74.15 -0.889739
 74.175 -0.892082
 74.2 -0.894419
 74.225 -0.89675
 74.25 -0.899075
 74.275 -0.901395
 74.3 -0.90371
 74.325 -0.906018
 74.35 -0.908322
 74.375 -0.910619
 74.4 -0.912912
 74.425 -0.915198
 74.45 -0.917479
 74.475 -0.919755
 74.5 -0.922025
 74.525 -0.92429
 74.55 -0.926549
 74.575 -0.928803
 74.6 -0.931051
 74.625 -0.933294
 74.65 -0.935532
 74.675 -0.937764
 74.7 -0.939991
 74.725 -0.942213
 74.75 -0.944429
 74.775 -0.94664
 74.8 -0.948845
 74.825 -0.951045
 74.85 -0.95324
 74.875 -0.95543
 74.9 -0.957615
 74.925 -0.959794
 74.95 -0.961968
 74.975 -0.964136
 75 -0.9663
 75.025 -0.968458
 75.05 -0.970611
 75.075 -0.972759
 75.1 -0.974902
 75.125 -0.97704
 75.15 -0.979172
 75.175 -0.9813
 75.2 -0.983422
 75.225 -0.985539
 75.25 -0.987652
 75.275 -0.989759
 75.3 -0.991861
 75.325 -0.993958
 75.35 -0.99605
 75.375 -0.998136
 75.4 -1.00022
 75.425 -1.0023
 75.45 -1.00437
 75.475 -1.00643
 75.5 -1.0085
 75.525 -1.01055
 75.55 -1.0126
 75.575 -1.01465
 75.6 -1.01669
 75.625 -1.01873
 75.65 -1.02076
 75.675 -1.02279
 75.7 -1.02481
 75.725 -1.02683
 75.75 -1.02884
 75.775 -1.03085
 75.8 -1.03285
 75.825 -1.03485
 75.85 -1.03684
 75.875 -1.03883
 75.9 -1.04081
 75.925 -1.04279
 75.95 -1.04476
 75.975 -1.04673
 76 -1.0487
 76.025 -1.05066
 76.05 -1.05261
 76.075 -1.05456
 76.1 -1.05651
 76.125 -1.05845
 76.15 -1.06038
 76.175 -1.06231
 76.2 -1.06424
 76.225 -1.06616
 76.25 -1.06808
 76.275 -1.06999
 76.3 -1.0719
 76.325 -1.0738
 76.35 -1.0757
 76.375 -1.07759
 76.4 -1.07948
 76.425 -1.08137
 76.45 -1.08325
 76.475 -1.08513
 76.5 -1.087
 76.525 -1.08886
 76.55 -1.09073
 76.575 -1.09258
 76.6 -1.09444
 76.625 -1.09629
 76.65 -1.09813
 76.675 -1.09997
 76.7 -1.10181
 76.725 -1.10364
 76.75 -1.10547
 76.775 -1.10729
 76.8 -1.10911
 76.825 -1.11092
 76.85 -1.11273
 76.875 -1.11453
 76.9 -1.11634
 76.925 -1.11813
 76.95 -1.11992
 76.975 -1.12171
 77 -1.12349
 77.025 -1.12527
 77.05 -1.12705
 77.075 -1.12882
 77.1 -1.13058
 77.125 -1.13235
 77.15 -1.1341
 77.175 -1.13586
 77.2 -1.13761
 77.225 -1.13935
 77.25 -1.14109
 77.275 -1.14283
 77.3 -1.14456
 77.325 -1.14629
 77.35 -1.14801
 77.375 -1.14973
 77.4 -1.15145
 77.425 -1.15316
 77.45 -1.15487
 77.475 -1.15657
 77.5 -1.15827
 77.525 -1.15997
 77.55 -1.16166
 77.575 -1.16335
 77.6 -1.16503
 77.625 -1.16671
 77.65 -1.16838
 77.675 -1.17005
 77.7 -1.17172
 77.725 -1.17338
 77.75 -1.17504
 77.775 -1.1767
 77.8 -1.17835
 77.825 -1.18
 77.85 -1.18164
 77.875 -1.18328
 77.9 -1.18491
 77.925 -1.18654
 77.95 -1.18817
 77.975 -1.1898
 78 -1.19141
 78.025 -1.19303
 78.05 -1.19464
 78.075 -1.19625
 78.1 -1.19785
 78.125 -1.19945
 78.15 -1.20105
 78.175 -1.20264
 78.2 -1.20423
 78.225 -1.20582
 78.25 -1.2074
 78.275 -1.20897
 78.3 -1.21055
 78.325 -1.21211
 78.35 -1.21368
 78.375 -1.21524
 78.4 -1.2168
 78.425 -1.21835
 78.45 -1.2199
 78.475 -1.22145
 78.5 -1.22299
 78.525 -1.22453
 78.55 -1.22607
 78.575 -1.2276
 78.6 -1.22913
 78.625 -1.23065
 78.65 -1.23217
 78.675 -1.23369
 78.7 -1.2352
 78.725 -1.23671
 78.75 -1.23821
 78.775 -1.23972
 78.8 -1.24121
 78.825 -1.24271
 78.85 -1.2442
 78.875 -1.24569
 78.9 -1.24717
 78.925 -1.24865
 78.95 -1.25013
 78.975 -1.2516
 79 -1.25307
 79.025 -1.25453
 79.05 -1.256
 79.075 -1.25746
 79.1 -1.25891
 79.125 -1.26036
 79.15 -1.26181
 79.175 -1.26325
 79.2 -1.2647
 79.225 -1.26613
 79.25 -1.26757
 79.275 -1.269
 79.3 -1.27043
 79.325 -1.27185
 79.35 -1.27327
 79.375 -1.27469
 79.4 -1.2761
 79.425 -1.27751
 79.45 -1.27892
 79.475 -1.28032
 79.5 -1.28172
 79.525 -1.28311
 79.55 -1.28451
 79.575 -1.2859
 79.6 -1.28728
 79.625 -1.28867
 79.65 -1.29005
 79.675 -1.29142
 79.7 -1.29279
 79.725 -1.29416
 79.75 -1.29553
 79.775 -1.29689
 79.8 -1.29825
 79.825 -1.29961
 79.85 -1.30096
 79.875 -1.30231
 79.9 -1.30366
 79.925 -1.305
 79.95 -1.30634
 79.975 -1.30768
 80 -1.30901
 80.025 -1.31034
 80.05 -1.31167
 80.075 -1.31299
 80.1 -1.31431
 80.125 -1.31563
 80.15 -1.31694
 80.175 -1.31825
 80.2 -1.31956
 80.225 -1.32087
 80.25 -1.32217
 80.275 -1.32347
 80.3 -1.32476
 80.325 -1.32605
 80.35 -1.32734
 80.375 -1.32863
 80.4 -1.32991
 80.425 -1.33119
 80.45 -1.33247
 80.475 -1.33374
 80.5 -1.33501
 80.525 -1.33628
 80.55 -1.33754
 80.575 -1.3388
 80.6 -1.34006
 80.625 -1.34131
 80.65 -1.34256
 80.675 -1.34381
 80.7 -1.34506
 80.725 -1.3463
 80.75 -1.34754
 80.775 -1.34878
 80.8 -1.35001
 80.825 -1.35124
 80.85 -1.35247
 80.875 -1.35369
 80.9 -1.35491
 80.925 -1.35613
 80.95 -1.35735
 80.975 -1.35856
 81 -1.35977
 81.025 -1.36098
 81.05 -1.36218
 81.075 -1.36338
 81.1 -1.36458
 81.125 -1.36577
 81.15 -1.36697
 81.175 -1.36816
 81.2 -1.36934
 81.225 -1.37053
 81.25 -1.37171
 81.275 -1.37288
 81.3 -1.37406
 81.325 -1.37523
 81.35 -1.3764
 81.375 -1.37757
 81.4 -1.37873
 81.425 -1.37989
 81.45 -1.38105
 81.475 -1.3822
 81.5 -1.38335
 81.525 -1.3845
 81.55 -1.38565
 81.575 -1.38679
 81.6 -1.38793
 81.625 -1.38907
 81.65 -1.39021
 81.675 -1.39134
 81.7 -1.39247
 81.725 -1.3936
 81.75 -1.39472
 81.775 -1.39584
 81.8 -1.39696
 81.825 -1.39808
 81.85 -1.39919
 81.875 -1.4003
 81.9 -1.40141
 81.925 -1.40251
 81.95 -1.40362
 81.975 -1.40472
 82 -1.40581
 82.025 -1.40691
 82.05 -1.408
 82.075 -1.40909
 82.1 -1.41017
 82.125 -1.41126
 82.15 -1.41234
 82.175 -1.41342
 82.2 -1.41449
 82.225 -1.41556
 82.25 -1.41663
 82.275 -1.4177
 82.3 -1.41877
 82.325 -1.41983
 82.35 -1.42089
 82.375 -1.42194
 82.4 -1.423
 82.425 -1.42405
 82.45 -1.4251
 82.475 -1.42615
 82.5 -1.42719
 82.525 -1.42823
 82.55 -1.42927
 82.575 -1.43031
 82.6 -1.43134
 82.625 -1.43237
 82.65 -1.4334
 82.675 -1.43442
 82.7 -1.43545
 82.725 -1.43647
 82.75 -1.43749
 82.775 -1.4385
 82.8 -1.43952
 82.825 -1.44053
 82.85 -1.44154
 82.875 -1.44254
 82.9 -1.44355
 82.925 -1.44455
 82.95 -1.44554
 82.975 -1.44654
 83 -1.44753
 83.025 -1.44852
 83.05 -1.44951
 83.075 -1.4505
 83.1 -1.45148
 83.125 -1.45246
 83.15 -1.45344
 83.175 -1.45442
 83.2 -1.45539
 83.225 -1.45636
 83.25 -1.45733
 83.275 -1.4583
 83.3 -1.45927
 83.325 -1.46023
 83.35 -1.46119
 83.375 -1.46214
 83.4 -1.4631
 83.425 -1.46405
 83.45 -1.465
 83.475 -1.46595
 83.5 -1.46689
 83.525 -1.46784
 83.55 -1.46878
 83.575 -1.46972
 83.6 -1.47065
 83.625 -1.47159
 83.65 -1.47252
 83.675 -1.47345
 83.7 -1.47437
 83.725 -1.4753
 83.75 -1.47622
 83.775 -1.47714
 83.8 -1.47806
 83.825 -1.47897
 83.85 -1.47989
 83.875 -1.4808
 83.9 -1.48171
 83.925 -1.48261
 83.95 -1.48352
 83.975 -1.48442
 84 -1.48532
 84.025 -1.48621
 84.05 -1.48711
 84.075 -1.488
 84.1 -1.48889
 84.125 -1.48978
 84.15 -1.49067
 84.175 -1.49155
 84.2 -1.49243
 84.225 -1.49331
 84.25 -1.49419
 84.275 -1.49507
 84.3 -1.49594
 84.325 -1.49681
 84.35 -1.49768
 84.375 -1.49854
 84.4 -1.49941
 84.425 -1.50027
 84.45 -1.50113
 84.475 -1.50199
 84.5 -1.50284
 84.525 -1.5037
 84.55 -1.50455
 84.575 -1.5054
 84.6 -1.50625
 84.625 -1.50709
 84.65 -1.50793
 84.675 -1.50877
 84.7 -1.50961
 84.725 -1.51045
 84.75 -1.51128
 84.775 -1.51212
 84.8 -1.51295
 84.825 -1.51378
 84.85 -1.5146
 84.875 -1.51543
 84.9 -1.51625
 84.925 -1.51707
 84.95 -1.51789
 84.975 -1.5187
 85 -1.51952
 85.025 -1.52033
 85.05 -1.52114
 85.075 -1.52194
 85.1 -1.52275
 85.125 -1.52355
 85.15 -1.52436
 85.175 -1.52516
 85.2 -1.52595
 85.225 -1.52675
 85.25 -1.52754
 85.275 -1.52833
 85.3 -1.52912
 85.325 -1.52991
 85.35 -1.5307
 85.375 -1.53148
 85.4 -1.53226
 85.425 -1.53304
 85.45 -1.53382
 85.475 -1.5346
 85.5 -1.53537
 85.525 -1.53614
 85.55 -1.53691
 85.575 -1.53768
 85.6 -1.53844
 85.625 -1.53921
 85.65 -1.53997
 85.675 -1.54073
 85.7 -1.54149
 85.725 -1.54225
 85.75 -1.543
 85.775 -1.54375
 85.8 -1.5445
 85.825 -1.54525
 85.85 -1.546
 85.875 -1.54674
 85.9 -1.54749
 85.925 -1.54823
 85.95 -1.54897
 85.975 -1.54971
 86 -1.55044
 86.025 -1.55118
 86.05 -1.55191
 86.075 -1.55264
 86.1 -1.55337
 86.125 -1.55409
 86.15 -1.55482
 86.175 -1.55554
 86.2 -1.55626
 86.225 -1.55698
 86.25 -1.5577
 86.275 -1.55841
 86.3 -1.55912
 86.325 -1.55984
 86.35 -1.56055
 86.375 -1.56125
 86.4 -1.56196
 86.425 -1.56267
 86.45 -1.56337
 86.475 -1.56407
 86.5 -1.56477
 86.525 -1.56547
 86.55 -1.56616
 86.575 -1.56685
 86.6 -1.56755
 86.625 -1.56824
 86.65 -1.56892
 86.675 -1.56961
 86.7 -1.5703
 86.725 -1.57098
 86.75 -1.57166
 86.775 -1.57234
 86.8 -1.57302
 86.825 -1.5737
 86.85 -1.57437
 86.875 -1.57504
 86.9 -1.57571
 86.925 -1.57638
 86.95 -1.57705
 86.975 -1.57772
 87 -1.57838
 87.025 -1.57904
 87.05 -1.5797
 87.075 -1.58036
 87.1 -1.58102
 87.125 -1.58168
 87.15 -1.58233
 87.175 -1.58298
 87.2 -1.58363
 87.225 -1.58428
 87.25 -1.58493
 87.275 -1.58557
 87.3 -1.58622
 87.325 -1.58686
 87.35 -1.5875
 87.375 -1.58814
 87.4 -1.58878
 87.425 -1.58941
 87.45 -1.59005
 87.475 -1.59068
 87.5 -1.59131
 87.525 -1.59194
 87.55 -1.59257
 87.575 -1.59319
 87.6 -1.59382
 87.625 -1.59444
 87.65 -1.59506
 87.675 -1.59568
 87.7 -1.5963
 87.725 -1.59692
 87.75 -1.59753
 87.775 -1.59814
 87.8 -1.59875
 87.825 -1.59936
 87.85 -1.59997
 87.875 -1.60058
 87.9 -1.60118
 87.925 -1.60179
 87.95 -1.60239
 87.975 -1.60299
 88 -1.60359
 88.025 -1.60419
 88.05 -1.60478
 88.075 -1.60538
 88.1 -1.60597
 88.125 -1.60656
 88.15 -1.60715
 88.175 -1.60774
 88.2 -1.60832
 88.225 -1.60891
 88.25 -1.60949
 88.275 -1.61007
 88.3 -1.61065
 88.325 -1.61123
 88.35 -1.61181
 88.375 -1.61238
 88.4 -1.61296
 88.425 -1.61353
 88.45 -1.6141
 88.475 -1.61467
 88.5 -1.61524
 88.525 -1.61581
 88.55 -1.61637
 88.575 -1.61693
 88.6 -1.6175
 88.625 -1.61806
 88.65 -1.61862
 88.675 -1.61917
 88.7 -1.61973
 88.725 -1.62028
 88.75 -1.62084
 88.775 -1.62139
 88.8 -1.62194
 88.825 -1.62249
 88.85 -1.62304
 88.875 -1.62358
 88.9 -1.62413
 88.925 -1.62467
 88.95 -1.62521
 88.975 -1.62575
 89 -1.62629
 89.025 -1.62683
 89.05 -1.62736
 89.075 -1.6279
 89.1 -1.62843
 89.125 -1.62896
 89.15 -1.62949
 89.175 -1.63002
 89.2 -1.63055
 89.225 -1.63107
 89.25 -1.6316
 89.275 -1.63212
 89.3 -1.63264
 89.325 -1.63316
 89.35 -1.63368
 89.375 -1.6342
 89.4 -1.63472
 89.425 -1.63523
 89.45 -1.63574
 89.475 -1.63626
 89.5 -1.63677
 89.525 -1.63728
 89.55 -1.63778
 89.575 -1.63829
 89.6 -1.6388
 89.625 -1.6393
 89.65 -1.6398
 89.675 -1.6403
 89.7 -1.6408
 89.725 -1.6413
 89.75 -1.6418
 89.775 -1.6423
 89.8 -1.64279
 89.825 -1.64328
 89.85 -1.64377
 89.875 -1.64427
 89.9 -1.64475
 89.925 -1.64524
 89.95 -1.64573
 89.975 -1.64621
 90 -1.6467
 90.025 -1.64718
 90.05 -1.64766
 90.075 -1.64814
 90.1 -1.64862
 90.125 -1.6491
 90.15 -1.64957
 90.175 -1.65005
 90.2 -1.65052
 90.225 -1.65099
 90.25 -1.65147
 90.275 -1.65194
 90.3 -1.6524
 90.325 -1.65287
 90.35 -1.65334
 90.375 -1.6538
 90.4 -1.65426
 90.425 -1.65473
 90.45 -1.65519
 90.475 -1.65565
 90.5 -1.65611
 90.525 -1.65656
 90.55 -1.65702
 90.575 -1.65747
 90.6 -1.65793
 90.625 -1.65838
 90.65 -1.65883
 90.675 -1.65928
 90.7 -1.65973
 90.725 -1.66017
 90.75 -1.66062
 90.775 -1.66107
 90.8 -1.66151
 90.825 -1.66195
 90.85 -1.66239
 90.875 -1.66283
 90.9 -1.66327
 90.925 -1.66371
 90.95 -1.66414
 90.975 -1.66458
 91 -1.66501
 91.025 -1.66545
 91.05 -1.66588
 91.075 -1.66631
 91.1 -1.66674
 91.125 -1.66716
 91.15 -1.66759
 91.175 -1.66802
 91.2 -1.66844
 91.225 -1.66886
 91.25 -1.66929
 91.275 -1.66971
 91.3 -1.67013
 91.325 -1.67055
 91.35 -1.67096
 91.375 -1.67138
 91.4 -1.67179
 91.425 -1.67221
 91.45 -1.67262
 91.475 -1.67303
 91.5 -1.67344
 91.525 -1.67385
 91.55 -1.67426
 91.575 -1.67467
 91.6 -1.67507
 91.625 -1.67548
 91.65 -1.67588
 91.675 -1.67628
 91.7 -1.67669
 91.725 -1.67709
 91.75 -1.67748
 91.775 -1.67788
 91.8 -1.67828
 91.825 -1.67868
 91.85 -1.67907
 91.875 -1.67946
 91.9 -1.67986
 91.925 -1.68025
 91.95 -1.68064
 91.975 -1.68103
 92 -1.68142
 92.025 -1.6818
 92.05 -1.68219
 92.075 -1.68257
 92.1 -1.68296
 92.125 -1.68334
 92.15 -1.68372
 92.175 -1.6841
 92.2 -1.68448
 92.225 -1.68486
 92.25 -1.68524
 92.275 -1.68561
 92.3 -1.68599
 92.325 -1.68636
 92.35 -1.68673
 92.375 -1.68711
 92.4 -1.68748
 92.425 -1.68785
 92.45 -1.68822
 92.475 -1.68858
 92.5 -1.68895
 92.525 -1.68932
 92.55 -1.68968
 92.575 -1.69004
 92.6 -1.69041
 92.625 -1.69077
 92.65 -1.69113
 92.675 -1.69149
 92.7 -1.69185
 92.725 -1.6922
 92.75 -1.69256
 92.775 -1.69291
 92.8 -1.69327
 92.825 -1.69362
 92.85 -1.69397
 92.875 -1.69433
 92.9 -1.69468
 92.925 -1.69502
 92.95 -1.69537
 92.975 -1.69572
 93 -1.69607
 93.025 -1.69641
 93.05 -1.69676
 93.075 -1.6971
 93.1 -1.69744
 93.125 -1.69778
 93.15 -1.69812
 93.175 -1.69846
 93.2 -1.6988
 93.225 -1.69914
 93.25 -1.69947
 93.275 -1.69981
 93.3 -1.70014
 93.325 -1.70048
 93.35 -1.70081
 93.375 -1.70114
 93.4 -1.70147
 93.425 -1.7018
 93.45 -1.70213
 93.475 -1.70246
 93.5 -1.70278
 93.525 -1.70311
 93.55 -1.70343
 93.575 -1.70376
 93.6 -1.70408
 93.625 -1.7044
 93.65 -1.70472
 93.675 -1.70504
 93.7 -1.70536
 93.725 -1.70568
 93.75 -1.706
 93.775 -1.70631
 93.8 -1.70663
 93.825 -1.70694
 93.85 -1.70725
 93.875 -1.70757
 93.9 -1.70788
 93.925 -1.70819
 93.95 -1.7085
 93.975 -1.70881
 94 -1.70911
 94.025 -1.70942
 94.05 -1.70973
 94.075 -1.71003
 94.1 -1.71034
 94.125 -1.71064
 94.15 -1.71094
 94.175 -1.71124
 94.2 -1.71154
 94.225 -1.71184
 94.25 -1.71214
 94.275 -1.71244
 94.3 -1.71274
 94.325 -1.71303
 94.35 -1.71333
 94.375 -1.71362
 94.4 -1.71392
 94.425 -1.71421
 94.45 -1.7145
 94.475 -1.71479
 94.5 -1.71508
 94.525 -1.71537
 94.55 -1.71566
 94.575 -1.71594
 94.6 -1.71623
 94.625 -1.71652
 94.65 -1.7168
 94.675 -1.71708
 94.7 -1.71737
 94.725 -1.71765
 94.75 -1.71793
 94.775 -1.71821
 94.8 -1.71849
 94.825 -1.71877
 94.85 -1.71905
 94.875 -1.71932
 94.9 -1.7196
 94.925 -1.71987
 94.95 -1.72015
 94.975 -1.72042
 95 -1.72069
 95.025 -1.72097
 95.05 -1.72124
 95.075 -1.72151
 95.1 -1.72178
 95.125 -1.72204
 95.15 -1.72231
 95.175 -1.72258
 95.2 -1.72284
 95.225 -1.72311
 95.25 -1.72337
 95.275 -1.72364
 95.3 -1.7239
 95.325 -1.72416
 95.35 -1.72442
 95.375 -1.72468
 95.4 -1.72494
 95.425 -1.7252
 95.45 -1.72546
 95.475 -1.72572
 95.5 -1.72597
 95.525 -1.72623
 95.55 -1.72648
 95.575 -1.72674
 95.6 -1.72699
 95.625 -1.72724
 95.65 -1.72749
 95.675 -1.72774
 95.7 -1.72799
 95.725 -1.72824
 95.75 -1.72849
 95.775 -1.72874
 95.8 -1.72898
 95.825 -1.72923
 95.85 -1.72948
 95.875 -1.72972
 95.9 -1.72996
 95.925 -1.73021
 95.95 -1.73045
 95.975 -1.73069
 96 -1.73093
 96.025 -1.73117
 96.05 -1.73141
 96.075 -1.73165
 96.1 -1.73188
 96.125 -1.73212
 96.15 -1.73236
 96.175 -1.73259
 96.2 -1.73282
 96.225 -1.73306
 96.25 -1.73329
 96.275 -1.73352
 96.3 -1.73375
 96.325 -1.73399
 96.35 -1.73422
 96.375 -1.73444
 96.4 -1.73467
 96.425 -1.7349
 96.45 -1.73513
 96.475 -1.73535
 96.5 -1.73558
 96.525 -1.7358
 96.55 -1.73603
 96.575 -1.73625
 96.6 -1.73647
 96.625 -1.73669
 96.65 -1.73692
 96.675 -1.73714
 96.7 -1.73735
 96.725 -1.73757
 96.75 -1.73779
 96.775 -1.73801
 96.8 -1.73823
 96.825 -1.73844
 96.85 -1.73866
 96.875 -1.73887
 96.9 -1.73908
 96.925 -1.7393
 96.95 -1.73951
 96.975 -1.73972
 97 -1.73993
 97.025 -1.74014
 97.05 -1.74035
 97.075 -1.74056
 97.1 -1.74077
 97.125 -1.74098
 97.15 -1.74118
 97.175 -1.74139
 97.2 -1.7416
 97.225 -1.7418
 97.25 -1.742
 97.275 -1.74221
 97.3 -1.74241
 97.325 -1.74261
 97.35 -1.74281
 97.375 -1.74301
 97.4 -1.74321
 97.425 -1.74341
 97.45 -1.74361
 97.475 -1.74381
 97.5 -1.74401
 97.525 -1.7442
 97.55 -1.7444
 97.575 -1.74459
 97.6 -1.74479
 97.625 -1.74498
 97.65 -1.74517
 97.675 -1.74537
 97.7 -1.74556
 97.725 -1.74575
 97.75 -1.74594
 97.775 -1.74613
 97.8 -1.74632
 97.825 -1.74651
 97.85 -1.7467
 97.875 -1.74688
 97.9 -1.74707
 97.925 -1.74725
 97.95 -1.74744
 97.975 -1.74762
 98 -1.74781
 98.025 -1.74799
 98.05 -1.74817
 98.075 -1.74836
 98.1 -1.74854
 98.125 -1.74872
 98.15 -1.7489
 98.175 -1.74908
 98.2 -1.74926
 98.225 -1.74943
 98.25 -1.74961
 98.275 -1.74979
 98.3 -1.74997
 98.325 -1.75014
 98.35 -1.75032
 98.375 -1.75049
 98.4 -1.75066
 98.425 -1.75084
 98.45 -1.75101
 98.475 -1.75118
 98.5 -1.75135
 98.525 -1.75152
 98.55 -1.75169
 98.575 -1.75186
 98.6 -1.75203
 98.625 -1.7522
 98.65 -1.75237
 98.675 -1.75253
 98.7 -1.7527
 98.725 -1.75287
 98.75 -1.75303
 98.775 -1.7532
 98.8 -1.75336
 98.825 -1.75352
 98.85 -1.75369
 98.875 -1.75385
 98.9 -1.75401
 98.925 -1.75417
 98.95 -1.75433
 98.975 -1.75449
 99 -1.75465
 99.025 -1.75481
 99.05 -1.75497
 99.075 -1.75512
 99.1 -1.75528
 99.125 -1.75544
 99.15 -1.75559
 99.175 -1.75575
 99.2 -1.7559
 99.225 -1.75606
 99.25 -1.75621
 99.275 -1.75636
 99.3 -1.75651
 99.325 -1.75667
 99.35 -1.75682
 99.375 -1.75697
 99.4 -1.75712
 99.425 -1.75727
 99.45 -1.75742
 99.475 -1.75756
 99.5 -1.75771
 99.525 -1.75786
 99.55 -1.758
 99.575 -1.75815
 99.6 -1.7583
 99.625 -1.75844
 99.65 -1.75858
 99.675 -1.75873
 99.7 -1.75887
 99.725 -1.75901
 99.75 -1.75916
 99.775 -1.7593
 99.8 -1.75944
 99.825 -1.75958
 99.85 -1.75972
 99.875 -1.75986
 99.9 -1.76
 99.925 -1.76013
 99.95 -1.76027
 99.975 -1.76041
 100 -1.76055
