4001 2
 0 0
 0.025 0.0829201
 0.05 0.157961
 0.075 0.226587
 0.1 0.289946
 0.125 0.348944
 0.15 0.404296
 0.175 0.456573
 0.2 0.506233
 0.225 0.553645
 0.25 0.59911
 0.275 0.642872
 0.3 0.685135
 0.325 0.726066
 0.35 0.765805
 0.375 0.804472
 0.4 0.842165
 0.425 0.878973
 0.45 0.914968
 0.475 0.950215
 0.5 0.984771
 0.525 1.01868
 0.55 1.052
 0.575 1.08475
 0.6 1.11698
 0.625 1.14872
 0.65 1.17998
 0.675 1.21081
 0.7 1.24122
 0.725 1.27124
 0.75 1.30088
 0.775 1.33016
 0.8 1.3591
 0.825 1.38771
 0.85 1.41601
 0.875 1.44401
 0.9 1.47173
 0.925 1.49917
 0.95 1.52634
 0.975 1.55327
 1 1.57994
 1.025 1.60638
 1.05 1.6326
 1.075 1.65859
 1.1 1.68437
 1.125 1.70995
 1.15 1.73534
 1.175 1.76053
 1.2 1.78553
 1.225 1.81036
 1.25 1.83501
 1.275 1.8595
 1.3 1.88382
 1.325 1.90798
 1.35 1.932
 1.375 1.95586
 1.4 1.97958
 1.425 2.00315
 1.45 2.02659
 1.475 2.0499
 1.5 2.07308
 1.525 2.09613
 1.55 2.11906
 1.575 2.14188
 1.6 2.16458
 1.625 2.18716
 1.65 2.20963
 1.675 2.232
 1.7 2.25426
 1.725 2.27643
 1.75 2.29849
 1.775 2.32046
 1.8 2.34233
 1.825 2.36412
 1.85 2.38581
 1.875 2.40742
 1.9 2.42894
 1.925 2.45038
 1.95 2.47173
 1.975 2.49301
 2 2.51422
 2.025 2.53535
 2.05 2.5564
 2.075 2.57739
 2.1 2.59831
 2.125 2.61915
 2.15 2.63993
 2.175 2.66065
 2.2 2.68131
 2.225 2.7019
 2.25 2.72244
 2.275 2.74292
 2.3 2.76334
 2.325 2.7837
 2.35 2.80402
 2.375 2.82428
 2.4 2.84448
 2.425 2.86464
 2.45 2.88475
 2.475 2.90482
 2.5 2.92484
 2.525 2.94481
 2.55 2.96475
 2.575 2.98464
 2.6 3.00448
 2.625 3.02429
 2.65 3.04406
 2.675 3.06379
 2.7 3.08349
 2.725 3.10315
 2.75 3.12278
 2.775 3.14238
 2.8 3.16194
 2.825 3.18147
 2.85 3.20098
 2.875 3.22045
 2.9 3.23989
 2.925 3.25931
 2.95 3.2787
 2.975 3.29807
 3 3.31742
 3.025 3.33674
 3.05 3.35604
 3.075 3.37532
 3.1 3.39457
 3.125 3.41381
 3.15 3.43303
 3.175 3.45223
 3.2 3.47142
 3.225 3.49059
 3.25 3.50975
 3.275 3.52889
 3.3 3.54802
 3.325 3.56714
 3.35 3.58624
 3.375 3.60534
 3.4 3.62442
 3.425 3.6435
 3.45 3.66256
 3.475 3.68162
 3.5 3.70068
 3.525 3.71973
 3.55 3.73877
 3.575 3.75782
 3.6 3.77686
 3.625 3.79589
 3.65 3.81492
 3.675 3.83396
 3.7 3.85299
 3.725 3.87202
 3.75 3.89106
 3.775 3.9101
 3.8 3.92914
 3.825 3.94819
 3.85 3.96725
 3.875 3.9863
 3.9 4.00537
 3.925 4.02444
 3.95 4.04352
 3.975 4.06261
 4 4.0817
 4.025 4.10081
 4.05 4.11994
 4.075 4.13907
 4.1 4.15822
 4.125 4.17738
 4.15 4.19655
 4.175 4.21574
 4.2 4.23495
 4.225 4.25417
 4.25 4.27341
 4.275 4.29267
 4.3 4.31195
 4.325 4.33125
 4.35 4.35058
 4.375 4.36992
 4.4 4.38929
 4.425 4.40868
 4.45 4.42809
 4.475 4.44753
 4.5 4.467
 4.525 4.48649
 4.55 4.50601
 4.575 4.52557
 4.6 4.54515
 4.625 4.56476
 4.65 4.58441
 4.675 4.60408
 4.7 4.62379
 4.725 4.64353
 4.75 4.66331
 4.775 4.68313
 4.8 4.70298
 4.825 4.72287
 4.85 4.7428
 4.875 4.76277
 4.9 4.78278
 4.925 4.80284
 4.95 4.82293
 4.975 4.84307
 5 4.86325
 5.025 4.88348
 5.05 4.90376
 5.075 4.92409
 5.1 4.94446
 5.125 4.96489
 5.15 4.98537
 5.175 5.0059
 5.2 5.02648
 5.225 5.04711
 5.25 5.06781
 5.275 5.08856
 5.3 5.10936
 5.325 5.13023
 5.35 5.15116
 5.375 5.17215
 5.4 5.1932
 5.425 5.21432
 5.45 5.2355
 5.475 5.25675
 5.5 5.27806
 5.525 5.29945
 5.55 5.32091
 5.575 5.34244
 5.6 5.36404
 5.625 5.38572
 5.65 5.40747
 5.675 5.4293
 5.7 5.4512
 5.725 5.47319
 5.75 5.49526
 5.775 5.51742
 5.8 5.53966
 5.825 5.56199
 5.85 5.58441
 5.875 5.60691
 5.9 5.62951
 5.925 5.6522
 5.95 5.67498
 5.975 5.69786
 6 5.72084
 6.025 5.74393
 6.05 5.76711
 6.075 5.7904
 6.1 5.81379
 6.125 5.83729
 6.15 5.8609
 6.175 5.88462
 6.2 5.90846
 6.225 5.93241
 6.25 5.95649
 6.275 5.98068
 6.3 6.005
 6.325 6.02943
 6.35 6.054
 6.375 6.0787
 6.4 6.10353
 6.425 6.12849
 6.45 6.1536
 6.475 6.17884
 6.5 6.20422
 6.525 6.22975
 6.55 6.25542
 6.575 6.28125
 6.6 6.30723
 6.625 6.33337
 6.65 6.35967
 6.675 6.38613
 6.7 6.41276
 6.725 6.43955
 6.75 6.46652
 6.775 6.49367
 6.8 6.52099
 6.825 6.5485
 6.85 6.5762
 6.875 6.60408
 6.9 6.63216
 6.925 6.66043
 6.95 6.68891
 6.975 6.7176
 7 6.7465
 7.025 6.77561
 7.05 6.80495
 7.075 6.8345
 7.1 6.86428
 7.125 6.8943
 7.15 6.92456
 7.175 6.95507
 7.2 6.98582
 7.225 7.01683
 7.25 7.0481
 7.275 7.07963
 7.3 7.11144
 7.325 7.14353
 7.35 7.1759
 7.375 7.20857
 7.4 7.24153
 7.425 7.27479
 7.45 7.30837
 7.475 7.34227
 7.5 7.3765
 7.525 7.41106
 7.55 7.44597
 7.575 7.48122
 7.6 7.51684
 7.625 7.55283
 7.65 7.5892
 7.675 7.62595
 7.7 7.66311
 7.725 7.70067
 7.75 7.73865
 7.775 7.77707
 7.8 7.81592
 7.825 7.85523
 7.85 7.895
 7.875 7.93526
 7.9 7.97601
 7.925 8.01726
 7.95 8.05904
 7.975 8.10135
 8 8.14421
 8.025 8.18764
 8.05 8.23165
 8.075 8.27627
 8.1 8.3215
 8.125 8.36738
 8.15 8.41391
 8.175 8.46113
 8.2 8.50904
 8.225 8.55769
 8.25 8.60708
 8.275 8.65724
 8.3 8.7082
 8.325 8.75999
 8.35 8.81264
 8.375 8.86617
 8.4 8.92061
 8.425 8.97601
 8.45 9.03239
 8.475 9.0898
 8.5 9.14826
 8.525 9.20783
 8.55 9.26853
 8.575 9.33043
 8.6 9.39356
 8.625 9.45798
 8.65 9.52374
 8.675 9.5909
 8.7 9.65951
 8.725 9.72965
 8.75 9.80138
 8.775 9.87476
 8.8 9.94988
 8.825 10.0268
 8.85 10.1057
 8.875 10.1865
 8.9 10.2695
 8.925 10.3546
 8.95 10.4421
 8.975 10.532
 9 10.6245
 9.025 10.7197
 9.05 10.8178
 9.075 10.919
 9.1 11.0233
 9.125 11.1311
 9.15 11.2424
 9.175 11.3577
 9.2 11.477
 9.225 11.6007
 9.25 11.7291
 9.275 11.8625
 9.3 12.0013
 9.325 12.1459
 9.35 12.2966
 9.375 12.4541
 9.4 12.6189
 9.425 12.7914
 9.45 12.9725
 9.475 13.163
 9.5 13.3635
 9.525 13.5752
 9.55 13.7991
 9.575 14.0365
 9.6 14.2888
 9.625 14.5577
 9.65 14.845
 9.675 15.153
 9.7 15.4842
 9.725 15.8416
 9.75 16.2288
 9.775 16.6501
 9.8 17.1103
 9.825 17.6157
 9.85 18.1734
 9.875 18.7924
 9.9 19.4836
 9.925 20.2604
 9.95 21.1395
 9.975 22.1416
 10 23.2926
 10.025 24.6243
 10.05 26.176
 10.075 27.9945
 10.1 30.133
 10.125 32.6453
 10.15 35.5725
 10.175 38.9179
 10.2 42.6147
 10.225 46.5138
 10.25 50.4166
 10.275 54.1293
 10.3 57.5035
 10.325 60.4508
 10.35 62.9388
 10.375 64.9747
 10.4 66.5877
 10.425 67.8159
 10.45 68.6986
 10.475 69.2728
 10.5 69.5723
 10.525 69.628
 10.55 69.4681
 10.575 69.1188
 10.6 68.6047
 10.625 67.9483
 10.65 67.1711
 10.675 66.2926
 10.7 65.3312
 10.725 64.3034
 10.75 63.2248
 10.775 62.1092
 10.8 60.9694
 10.825 59.8169
 10.85 58.662
 10.875 57.514
 10.9 56.3811
 10.925 55.2703
 10.95 54.1875
 10.975 53.1374
 11 52.1236
 11.025 51.1485
 11.05 50.2135
 11.075 49.3189
 11.1 48.4644
 11.125 47.6493
 11.15 46.8719
 11.175 46.1304
 11.2 45.4225
 11.225 44.7456
 11.25 44.0973
 11.275 43.475
 11.3 42.8761
 11.325 42.2982
 11.35 41.7391
 11.375 41.1967
 11.4 40.6691
 11.425 40.1548
 11.45 39.6523
 11.475 39.1602
 11.5 38.6776
 11.525 38.2035
 11.55 37.7371
 11.575 37.2778
 11.6 36.8251
 11.625 36.3785
 11.65 35.9377
 11.675 35.5026
 11.7 35.0728
 11.725 34.6483
 11.75 34.229
 11.775 33.8148
 11.8 33.4056
 11.825 33.0016
 11.85 32.6026
 11.875 32.2087
 11.9 31.82
 11.925 31.4363
 11.95 31.0578
 11.975 30.6845
 12 30.3164
 12.025 29.9534
 12.05 29.5956
 12.075 29.243
 12.1 28.8956
 12.125 28.5533
 12.15 28.2162
 12.175 27.8841
 12.2 27.5572
 12.225 27.2353
 12.25 26.9183
 12.275 26.6064
 12.3 26.2993
 12.325 25.9971
 12.35 25.6997
 12.375 25.407
 12.4 25.119
 12.425 24.8357
 12.45 24.557
 12.475 24.2828
 12.5 24.0131
 12.525 23.7478
 12.55 23.4869
 12.575 23.2303
 12.6 22.978
 12.625 22.7299
 12.65 22.486
 12.675 22.2462
 12.7 22.0104
 12.725 21.7787
 12.75 21.551
 12.775 21.3272
 12.8 21.1073
 12.825 20.8913
 12.85 20.6791
 12.875 20.4706
 12.9 20.2659
 12.925 20.0649
 12.95 19.8676
 12.975 19.6738
 13 19.4837
 13.025 19.2971
 13.05 19.114
 13.075 18.9344
 13.1 18.7583
 13.125 18.5855
 13.15 18.4162
 13.175 18.2501
 13.2 18.0874
 13.225 17.9279
 13.25 17.7717
 13.275 17.6187
 13.3 17.4688
 13.325 17.3221
 13.35 17.1785
 13.375 17.0379
 13.4 16.9003
 13.425 16.7658
 13.45 16.6342
 13.475 16.5055
 13.5 16.3797
 13.525 16.2567
 13.55 16.1365
 13.575 16.0191
 13.6 15.9045
 13.625 15.7925
 13.65 15.6832
 13.675 15.5766
 13.7 15.4725
 13.725 15.371
 13.75 15.272
 13.775 15.1755
 13.8 15.0815
 13.825 14.9899
 13.85 14.9006
 13.875 14.8138
 13.9 14.7292
 13.925 14.647
 13.95 14.567
 13.975 14.4893
 14 14.4137
 14.025 14.3404
 14.05 14.2691
 14.075 14.2001
 14.1 14.1331
 14.125 14.0681
 14.15 14.0053
 14.175 13.9444
 14.2 13.8856
 14.225 13.8287
 14.25 13.7738
 14.275 13.7208
 14.3 13.6698
 14.325 13.6206
 14.35 13.5734
 14.375 13.528
 14.4 13.4844
 14.425 13.4428
 14.45 13.4029
 14.475 13.3649
 14.5 13.3287
 14.525 13.2942
 14.55 13.2616
 14.575 13.2308
 14.6 13.2018
 14.625 13.1745
 14.65 13.149
 14.675 13.1253
 14.7 13.1034
 14.725 13.0833
 14.75 13.0649
 14.775 13.0483
 14.8 13.0336
 14.825 13.0206
 14.85 13.0094
 14.875 13
 14.9 12.9925
 14.925 12.9868
 14.95 12.9829
 14.975 12.9809
 15 12.9809
 15.025 12.9827
 15.05 12.9864
 15.075 12.9921
 15.1 12.9997
 15.125 13.0094
 15.15 13.021
 15.175 13.0348
 15.2 13.0506
 15.225 13.0685
 15.25 13.0886
 15.275 13.1109
 15.3 13.1355
 15.325 13.1623
 15.35 13.1915
 15.375 13.223
 15.4 13.257
 15.425 13.2934
 15.45 13.3324
 15.475 13.3741
 15.5 13.4184
 15.525 13.4654
 15.55 13.5153
 15.575 13.5681
 15.6 13.624
 15.625 13.6828
 15.65 13.7449
 15.675 13.8103
 15.7 13.8791
 15.725 13.9514
 15.75 14.0273
 15.775 14.107
 15.8 14.1906
 15.825 14.2783
 15.85 14.3703
 15.875 14.4666
 15.9 14.5676
 15.925 14.6733
 15.95 14.7841
 15.975 14.9002
 16 15.0217
 16.025 15.149
 16.05 15.2824
 16.075 15.4222
 16.1 15.5688
 16.125 15.7225
 16.15 15.8837
 16.175 16.0529
 16.2 16.2307
 16.225 16.4174
 16.25 16.6138
 16.275 16.8205
 16.3 17.0382
 16.325 17.2678
 16.35 17.51
 16.375 17.766
 16.4 18.0368
 16.425 18.3236
 16.45 18.6278
 16.475 18.9509
 16.5 19.2947
 16.525 19.6611
 16.55 20.0521
 16.575 20.4704
 16.6 20.9186
 16.625 21.3997
 16.65 21.9174
 16.675 22.4754
 16.7 23.0782
 16.725 23.7307
 16.75 24.4383
 16.775 25.2069
 16.8 26.043
 16.825 26.9532
 16.85 27.9445
 16.875 29.0235
 16.9 30.1956
 16.925 31.4647
 16.95 32.831
 16.975 34.2901
 17 35.8303
 17.025 37.4317
 17.05 39.0649
 17.075 40.6924
 17.1 42.2719
 17.125 43.7606
 17.15 45.1205
 17.175 46.3214
 17.2 47.3426
 17.225 48.1735
 17.25 48.8114
 17.275 49.2605
 17.3 49.5298
 17.325 49.6316
 17.35 49.5799
 17.375 49.3898
 17.4 49.0765
 17.425 48.655
 17.45 48.1399
 17.475 47.5449
 17.5 46.8829
 17.525 46.1661
 17.55 45.4057
 17.575 44.6118
 17.6 43.7938
 17.625 42.9601
 17.65 42.118
 17.675 41.2741
 17.7 40.434
 17.725 39.6026
 17.75 38.7837
 17.775 37.9806
 17.8 37.196
 17.825 36.4316
 17.85 35.689
 17.875 34.9691
 17.9 34.2724
 17.925 33.5993
 17.95 32.9496
 17.975 32.3233
 18 31.7199
 18.025 31.1389
 18.05 30.5798
 18.075 30.0419
 18.1 29.5245
 18.125 29.027
 18.15 28.5486
 18.175 28.0887
 18.2 27.6465
 18.225 27.2213
 18.25 26.8126
 18.275 26.4197
 18.3 26.042
 18.325 25.6788
 18.35 25.3298
 18.375 24.9943
 18.4 24.6718
 18.425 24.362
 18.45 24.0642
 18.475 23.7783
 18.5 23.5036
 18.525 23.2399
 18.55 22.9868
 18.575 22.744
 18.6 22.5111
 18.625 22.2878
 18.65 22.0739
 18.675 21.8692
 18.7 21.6732
 18.725 21.4859
 18.75 21.307
 18.775 21.1363
 18.8 20.9735
 18.825 20.8186
 18.85 20.6714
 18.875 20.5316
 18.9 20.3992
 18.925 20.274
 18.95 20.1558
 18.975 20.0446
 19 19.9401
 19.025 19.8423
 19.05 19.7511
 19.075 19.6663
 19.1 19.5879
 19.125 19.5157
 19.15 19.4496
 19.175 19.3896
 19.2 19.3356
 19.225 19.2875
 19.25 19.2452
 19.275 19.2087
 19.3 19.1779
 19.325 19.1527
 19.35 19.1332
 19.375 19.1192
 19.4 19.1107
 19.425 19.1077
 19.45 19.1102
 19.475 19.1182
 19.5 19.1316
 19.525 19.1505
 19.55 19.1749
 19.575 19.2047
 19.6 19.24
 19.625 19.2809
 19.65 19.3273
 19.675 19.3793
 19.7 19.437
 19.725 19.5004
 19.75 19.5696
 19.775 19.6447
 19.8 19.7257
 19.825 19.8129
 19.85 19.9062
 19.875 20.0058
 19.9 20.1119
 19.925 20.2246
 19.95 20.3441
 19.975 20.4705
 20 20.604
 20.025 20.7449
 20.05 20.8934
 20.075 21.0497
 20.1 21.2141
 20.125 21.3868
 20.15 21.5682
 20.175 21.7585
 20.2 21.9581
 20.225 22.1675
 20.25 22.3868
 20.275 22.6166
 20.3 22.8573
 20.325 23.1093
 20.35 23.3731
 20.375 23.6491
 20.4 23.9379
 20.425 24.2399
 20.45 24.5557
 20.475 24.8859
 20.5 25.2308
 20.525 25.5911
 20.55 25.9672
 20.575 26.3595
 20.6 26.7684
 20.625 27.1941
 20.65 27.637
 20.675 28.0969
 20.7 28.5737
 20.725 29.0671
 20.75 29.5764
 20.775 30.1007
 20.8 30.6387
 20.825 31.1885
 20.85 31.7481
 20.875 32.3147
 20.9 32.885
 20.925 33.4553
 20.95 34.0213
 20.975 34.5784
 21 35.1214
 21.025 35.6452
 21.05 36.1443
 21.075 36.6135
 21.1 37.0478
 21.125 37.4428
 21.15 37.7945
 21.175 38.0997
 21.2 38.3563
 21.225 38.5625
 21.25 38.7179
 21.275 38.8226
 21.3 38.8774
 21.325 38.8839
 21.35 38.8443
 21.375 38.761
 21.4 38.637
 21.425 38.4753
 21.45 38.2792
 21.475 38.052
 21.5 37.7971
 21.525 37.5176
 21.55 37.2168
 21.575 36.8976
 21.6 36.563
 21.625 36.2155
 21.65 35.8577
 21.675 35.4918
 21.7 35.1198
 21.725 34.7437
 21.75 34.3652
 21.775 33.9856
 21.8 33.6065
 21.825 33.2288
 21.85 32.8537
 21.875 32.4821
 21.9 32.1147
 21.925 31.7522
 21.95 31.3952
 21.975 31.044
 22 30.6993
 22.025 30.3611
 22.05 30.0299
 22.075 29.7059
 22.1 29.3891
 22.125 29.0798
 22.15 28.778
 22.175 28.4837
 22.2 28.1971
 22.225 27.9181
 22.25 27.6468
 22.275 27.383
 22.3 27.1267
 22.325 26.878
 22.35 26.6367
 22.375 26.4027
 22.4 26.176
 22.425 25.9565
 22.45 25.7442
 22.475 25.5389
 22.5 25.3405
 22.525 25.1489
 22.55 24.964
 22.575 24.7858
 22.6 24.6142
 22.625 24.449
 22.65 24.2901
 22.675 24.1374
 22.7 23.991
 22.725 23.8505
 22.75 23.716
 22.775 23.5874
 22.8 23.4646
 22.825 23.3474
 22.85 23.2359
 22.875 23.1298
 22.9 23.0292
 22.925 22.934
 22.95 22.844
 22.975 22.7593
 23 22.6796
 23.025 22.6051
 23.05 22.5355
 23.075 22.4709
 23.1 22.4112
 23.125 22.3562
 23.15 22.3061
 23.175 22.2607
 23.2 22.2199
 23.225 22.1838
 23.25 22.1522
 23.275 22.1253
 23.3 22.1029
 23.325 22.085
 23.35 22.0716
 23.375 22.0627
 23.4 22.0583
 23.425 22.0583
 23.45 22.0629
 23.475 22.0719
 23.5 22.0855
 23.525 22.1035
 23.55 22.1261
 23.575 22.1532
 23.6 22.1849
 23.625 22.2211
 23.65 22.2621
 23.675 22.3077
 23.7 22.358
 23.725 22.4131
 23.75 22.473
 23.775 22.5378
 23.8 22.6076
 23.825 22.6824
 23.85 22.7623
 23.875 22.8474
 23.9 22.9378
 23.925 23.0336
 23.95 23.1349
 23.975 23.2419
 24 23.3545
 24.025 23.473
 24.05 23.5974
 24.075 23.728
 24.1 23.8648
 24.125 24.008
 24.15 24.1578
 24.175 24.3142
 24.2 24.4776
 24.225 24.6479
 24.25 24.8254
 24.275 25.0103
 24.3 25.2027
 24.325 25.4027
 24.35 25.6106
 24.375 25.8263
 24.4 26.0502
 24.425 26.2822
 24.45 26.5225
 24.475 26.7712
 24.5 27.0282
 24.525 27.2935
 24.55 27.5672
 24.575 27.849
 24.6 28.1389
 24.625 28.4366
 24.65 28.7417
 24.675 29.0539
 24.7 29.3726
 24.725 29.6973
 24.75 30.0271
 24.775 30.3612
 24.8 30.6986
 24.825 31.0382
 24.85 31.3786
 24.875 31.7184
 24.9 32.056
 24.925 32.3897
 24.95 32.7177
 24.975 33.0381
 25 33.3489
 25.025 33.6482
 25.05 33.9339
 25.075 34.2041
 25.1 34.457
 25.125 34.6906
 25.15 34.9035
 25.175 35.0942
 25.2 35.2615
 25.225 35.4045
 25.25 35.5223
 25.275 35.6146
 25.3 35.6811
 25.325 35.7218
 25.35 35.737
 25.375 35.7272
 25.4 35.6931
 25.425 35.6354
 25.45 35.5553
 25.475 35.4538
 25.5 35.3322
 25.525 35.1917
 25.55 35.0337
 25.575 34.8595
 25.6 34.6705
 25.625 34.468
 25.65 34.2534
 25.675 34.028
 25.7 33.793
 25.725 33.5496
 25.75 33.299
 25.775 33.0422
 25.8 32.7803
 25.825 32.5142
 25.85 32.2448
 25.875 31.9729
 25.9 31.6992
 25.925 31.4244
 25.95 31.1493
 25.975 30.8742
 26 30.5999
 26.025 30.3267
 26.05 30.055
 26.075 29.7853
 26.1 29.5179
 26.125 29.2531
 26.15 28.9912
 26.175 28.7325
 26.2 28.477
 26.225 28.2251
 26.25 27.9769
 26.275 27.7326
 26.3 27.4922
 26.325 27.2559
 26.35 27.0238
 26.375 26.796
 26.4 26.5725
 26.425 26.3534
 26.45 26.1388
 26.475 25.9286
 26.5 25.723
 26.525 25.5219
 26.55 25.3253
 26.575 25.1333
 26.6 24.9459
 26.625 24.7631
 26.65 24.5848
 26.675 24.4112
 26.7 24.2421
 26.725 24.0775
 26.75 23.9175
 26.775 23.762
 26.8 23.6111
 26.825 23.4646
 26.85 23.3227
 26.875 23.1851
 26.9 23.0521
 26.925 22.9234
 26.95 22.7991
 26.975 22.6792
 27 22.5637
 27.025 22.4525
 27.05 22.3456
 27.075 22.243
 27.1 22.1446
 27.125 22.0505
 27.15 21.9606
 27.175 21.875
 27.2 21.7935
 27.225 21.7162
 27.25 21.643
 27.275 21.574
 27.3 21.5091
 27.325 21.4483
 27.35 21.3917
 27.375 21.3391
 27.4 21.2906
 27.425 21.2462
 27.45 21.2059
 27.475 21.1697
 27.5 21.1376
 27.525 21.1097
 27.55 21.0858
 27.575 21.0661
 27.6 21.0505
 27.625 21.0391
 27.65 21.0319
 27.675 21.029
 27.7 21.0303
 27.725 21.0359
 27.75 21.0459
 27.775 21.0602
 27.8 21.079
 27.825 21.1024
 27.85 21.1303
 27.875 21.1629
 27.9 21.2001
 27.925 21.2422
 27.95 21.2892
 27.975 21.3412
 28 21.3983
 28.025 21.4606
 28.05 21.5283
 28.075 21.6014
 28.1 21.6801
 28.125 21.7646
 28.15 21.855
 28.175 21.9516
 28.2 22.0544
 28.225 22.1637
 28.25 22.2796
 28.275 22.4026
 28.3 22.5326
 28.325 22.6701
 28.35 22.8153
 28.375 22.9684
 28.4 23.1298
 28.425 23.2998
 28.45 23.4787
 28.475 23.6669
 28.5 23.8647
 28.525 24.0725
 28.55 24.2908
 28.575 24.5199
 28.6 24.7603
 28.625 25.0124
 28.65 25.2765
 28.675 25.5533
 28.7 25.8431
 28.725 26.1463
 28.75 26.4633
 28.775 26.7945
 28.8 27.1402
 28.825 27.5007
 28.85 27.8761
 28.875 28.2665
 28.9 28.6718
 28.925 29.0919
 28.95 29.5262
 28.975 29.9742
 29 30.4348
 29.025 30.9071
 29.05 31.3892
 29.075 31.8794
 29.1 32.3754
 29.125 32.8744
 29.15 33.3733
 29.175 33.8686
 29.2 34.3566
 29.225 34.8331
 29.25 35.2938
 29.275 35.7345
 29.3 36.1508
 29.325 36.5386
 29.35 36.8942
 29.375 37.2142
 29.4 37.4956
 29.425 37.7363
 29.45 37.9345
 29.475 38.0893
 29.5 38.2003
 29.525 38.2677
 29.55 38.2923
 29.575 38.2753
 29.6 38.2185
 29.625 38.1237
 29.65 37.9934
 29.675 37.8299
 29.7 37.6357
 29.725 37.4137
 29.75 37.1663
 29.775 36.8963
 29.8 36.6063
 29.825 36.2986
 29.85 35.9758
 29.875 35.64
 29.9 35.2932
 29.925 34.9376
 29.95 34.5748
 29.975 34.2065
 30 33.8342
 30.025 33.4592
 30.05 33.0827
 30.075 32.7059
 30.1 32.3296
 30.125 31.9548
 30.15 31.5821
 30.175 31.2122
 30.2 30.8456
 30.225 30.4829
 30.25 30.1245
 30.275 29.7706
 30.3 29.4216
 30.325 29.0778
 30.35 28.7393
 30.375 28.4063
 30.4 28.0789
 30.425 27.7573
 30.45 27.4414
 30.475 27.1314
 30.5 26.8274
 30.525 26.5292
 30.55 26.237
 30.575 25.9507
 30.6 25.6703
 30.625 25.3958
 30.65 25.1271
 30.675 24.8643
 30.7 24.6073
 30.725 24.356
 30.75 24.1104
 30.775 23.8705
 30.8 23.6362
 30.825 23.4074
 30.85 23.1841
 30.875 22.9663
 30.9 22.7539
 30.925 22.5469
 30.95 22.3451
 30.975 22.1486
 31 21.9573
 31.025 21.7711
 31.05 21.59
 31.075 21.4139
 31.1 21.2428
 31.125 21.0766
 31.15 20.9154
 31.175 20.7589
 31.2 20.6072
 31.225 20.4603
 31.25 20.318
 31.275 20.1804
 31.3 20.0473
 31.325 19.9188
 31.35 19.7948
 31.375 19.6752
 31.4 19.56
 31.425 19.4492
 31.45 19.3427
 31.475 19.2405
 31.5 19.1425
 31.525 19.0487
 31.55 18.959
 31.575 18.8735
 31.6 18.792
 31.625 18.7146
 31.65 18.6412
 31.675 18.5717
 31.7 18.5062
 31.725 18.4446
 31.75 18.3869
 31.775 18.333
 31.8 18.283
 31.825 18.2367
 31.85 18.1943
 31.875 18.1556
 31.9 18.1207
 31.925 18.0895
 31.95 18.062
 31.975 18.0383
 32 18.0182
 32.025 18.0019
 32.05 17.9893
 32.075 17.9804
 32.1 17.9752
 32.125 17.9737
 32.15 17.976
 32.175 17.982
 32.2 17.9919
 32.225 18.0055
 32.25 18.023
 32.275 18.0443
 32.3 18.0696
 32.325 18.0988
 32.35 18.132
 32.375 18.1694
 32.4 18.2108
 32.425 18.2565
 32.45 18.3065
 32.475 18.3609
 32.5 18.4197
 32.525 18.4832
 32.55 18.5513
 32.575 18.6243
 32.6 18.7023
 32.625 18.7853
 32.65 18.8737
 32.675 18.9675
 32.7 19.067
 32.725 19.1724
 32.75 19.2839
 32.775 19.4017
 32.8 19.5261
 32.825 19.6574
 32.85 19.7959
 32.875 19.9419
 32.9 20.0959
 32.925 20.2582
 32.95 20.4292
 32.975 20.6094
 33 20.7993
 33.025 20.9995
 33.05 21.2105
 33.075 21.433
 33.1 21.6677
 33.125 21.9153
 33.15 22.1766
 33.175 22.4525
 33.2 22.7439
 33.225 23.0519
 33.25 23.3775
 33.275 23.7219
 33.3 24.0863
 33.325 24.4719
 33.35 24.8802
 33.375 25.3126
 33.4 25.7705
 33.425 26.2554
 33.45 26.7687
 33.475 27.3119
 33.5 27.8861
 33.525 28.4924
 33.55 29.1316
 33.575 29.8039
 33.6 30.5092
 33.625 31.2462
 33.65 32.013
 33.675 32.8064
 33.7 33.6219
 33.725 34.4534
 33.75 35.2933
 33.775 36.1324
 33.8 36.9603
 33.825 37.7657
 33.85 38.5365
 33.875 39.2612
 33.9 39.9288
 33.925 40.5298
 33.95 41.0564
 33.975 41.5029
 34 41.8656
 34.025 42.1429
 34.05 42.3351
 34.075 42.4441
 34.1 42.4731
 34.125 42.4263
 34.15 42.3087
 34.175 42.1258
 34.2 41.8835
 34.225 41.5877
 34.25 41.2444
 34.275 40.8594
 34.3 40.4385
 34.325 39.9869
 34.35 39.5098
 34.375 39.0118
 34.4 38.4974
 34.425 37.9705
 34.45 37.4346
 34.475 36.893
 34.5 36.3484
 34.525 35.8032
 34.55 35.2597
 34.575 34.7196
 34.6 34.1844
 34.625 33.6554
 34.65 33.1336
 34.675 32.62
 34.7 32.115
 34.725 31.6194
 34.75 31.1333
 34.775 30.6572
 34.8 30.1911
 34.825 29.7351
 34.85 29.2894
 34.875 28.8537
 34.9 28.4282
 34.925 28.0125
 34.95 27.6067
 34.975 27.2106
 35 26.8239
 35.025 26.4466
 35.05 26.0783
 35.075 25.719
 35.1 25.3683
 35.125 25.0262
 35.15 24.6923
 35.175 24.3666
 35.2 24.0488
 35.225 23.7388
 35.25 23.4363
 35.275 23.1412
 35.3 22.8533
 35.325 22.5725
 35.35 22.2985
 35.375 22.0314
 35.4 21.7708
 35.425 21.5166
 35.45 21.2688
 35.475 21.0272
 35.5 20.7916
 35.525 20.562
 35.55 20.3382
 35.575 20.1201
 35.6 19.9076
 35.625 19.7006
 35.65 19.499
 35.675 19.3027
 35.7 19.1115
 35.725 18.9255
 35.75 18.7445
 35.775 18.5683
 35.8 18.397
 35.825 18.2304
 35.85 18.0684
 35.875 17.9111
 35.9 17.7581
 35.925 17.6096
 35.95 17.4654
 35.975 17.3254
 36 17.1896
 36.025 17.0578
 36.05 16.9301
 36.075 16.8062
 36.1 16.6862
 36.125 16.57
 36.15 16.4575
 36.175 16.3487
 36.2 16.2434
 36.225 16.1416
 36.25 16.0432
 36.275 15.9482
 36.3 15.8565
 36.325 15.7681
 36.35 15.6828
 36.375 15.6006
 36.4 15.5215
 36.425 15.4454
 36.45 15.3722
 36.475 15.3018
 36.5 15.2344
 36.525 15.1696
 36.55 15.1076
 36.575 15.0483
 36.6 14.9916
 36.625 14.9374
 36.65 14.8858
 36.675 14.8367
 36.7 14.7899
 36.725 14.7456
 36.75 14.7036
 36.775 14.6639
 36.8 14.6265
 36.825 14.5913
 36.85 14.5583
 36.875 14.5275
 36.9 14.4987
 36.925 14.4721
 36.95 14.4475
 36.975 14.425
 37 14.4045
 37.025 14.3859
 37.05 14.3693
 37.075 14.3546
 37.1 14.3418
 37.125 14.331
 37.15 14.3219
 37.175 14.3148
 37.2 14.3094
 37.225 14.3059
 37.25 14.3042
 37.275 14.3043
 37.3 14.3062
 37.325 14.3098
 37.35 14.3153
 37.375 14.3225
 37.4 14.3315
 37.425 14.3422
 37.45 14.3547
 37.475 14.369
 37.5 14.385
 37.525 14.4029
 37.55 14.4225
 37.575 14.4439
 37.6 14.4672
 37.625 14.4923
 37.65 14.5192
 37.675 14.548
 37.7 14.5787
 37.725 14.6114
 37.75 14.646
 37.775 14.6825
 37.8 14.7211
 37.825 14.7618
 37.85 14.8045
 37.875 14.8494
 37.9 14.8965
 37.925 14.9459
 37.95 14.9975
 37.975 15.0515
 38 15.108
 38.025 15.167
 38.05 15.2285
 38.075 15.2928
 38.1 15.3598
 38.125 15.4296
 38.15 15.5025
 38.175 15.5784
 38.2 15.6575
 38.225 15.74
 38.25 15.8259
 38.275 15.9155
 38.3 16.0089
 38.325 16.1063
 38.35 16.2078
 38.375 16.3138
 38.4 16.4243
 38.425 16.5397
 38.45 16.6603
 38.475 16.7862
 38.5 16.9179
 38.525 17.0556
 38.55 17.1998
 38.575 17.3509
 38.6 17.5092
 38.625 17.6754
 38.65 17.8498
 38.675 18.0332
 38.7 18.2261
 38.725 18.4293
 38.75 18.6436
 38.775 18.8697
 38.8 19.1087
 38.825 19.3616
 38.85 19.6296
 38.875 19.914
 38.9 20.2163
 38.925 20.538
 38.95 20.881
 38.975 21.2472
 39 21.639
 39.025 22.0587
 39.05 22.5093
 39.075 22.9937
 39.1 23.5155
 39.125 24.0784
 39.15 24.6866
 39.175 25.3447
 39.2 26.0574
 39.225 26.8299
 39.25 27.6674
 39.275 28.5751
 39.3 29.5574
 39.325 30.618
 39.35 31.7586
 39.375 32.9782
 39.4 34.2719
 39.425 35.6295
 39.45 37.0348
 39.475 38.465
 39.5 39.8915
 39.525 41.2822
 39.55 42.6041
 39.575 43.827
 39.6 44.9257
 39.625 45.8821
 39.65 46.6849
 39.675 47.3297
 39.7 47.8171
 39.725 48.1522
 39.75 48.3426
 39.775 48.3978
 39.8 48.3284
 39.825 48.1454
 39.85 47.8597
 39.875 47.4823
 39.9 47.0238
 39.925 46.4945
 39.95 45.9041
 39.975 45.262
 40 44.5771
 40.025 43.8576
 40.05 43.1113
 40.075 42.3453
 40.1 41.5661
 40.125 40.7795
 40.15 39.9908
 40.175 39.2044
 40.2 38.4244
 40.225 37.654
 40.25 36.896
 40.275 36.1527
 40.3 35.4258
 40.325 34.7166
 40.35 34.0262
 40.375 33.3552
 40.4 32.704
 40.425 32.0728
 40.45 31.4617
 40.475 30.8706
 40.5 30.2991
 40.525 29.7471
 40.55 29.2141
 40.575 28.6997
 40.6 28.2035
 40.625 27.725
 40.65 27.2638
 40.675 26.8193
 40.7 26.391
 40.725 25.9785
 40.75 25.5814
 40.775 25.1991
 40.8 24.8311
 40.825 24.477
 40.85 24.1364
 40.875 23.8088
 40.9 23.4938
 40.925 23.1909
 40.95 22.8997
 40.975 22.6197
 41 22.3505
 41.025 22.0918
 41.05 21.843
 41.075 21.6038
 41.1 21.3738
 41.125 21.1525
 41.15 20.9397
 41.175 20.7348
 41.2 20.5376
 41.225 20.3476
 41.25 20.1645
 41.275 19.988
 41.3 19.8177
 41.325 19.6533
 41.35 19.4945
 41.375 19.341
 41.4 19.1926
 41.425 19.0489
 41.45 18.9098
 41.475 18.7748
 41.5 18.6439
 41.525 18.5168
 41.55 18.3933
 41.575 18.2732
 41.6 18.1563
 41.625 18.0424
 41.65 17.9313
 41.675 17.823
 41.7 17.7172
 41.725 17.6138
 41.75 17.5126
 41.775 17.4136
 41.8 17.3167
 41.825 17.2216
 41.85 17.1283
 41.875 17.0367
 41.9 16.9467
 41.925 16.8582
 41.95 16.7712
 41.975 16.6855
 42 16.601
 42.025 16.5178
 42.05 16.4357
 42.075 16.3546
 42.1 16.2746
 42.125 16.1955
 42.15 16.1173
 42.175 16.0399
 42.2 15.9633
 42.225 15.8875
 42.25 15.8124
 42.275 15.7379
 42.3 15.6641
 42.325 15.5908
 42.35 15.5181
 42.375 15.446
 42.4 15.3743
 42.425 15.3031
 42.45 15.2324
 42.475 15.1621
 42.5 15.0922
 42.525 15.0227
 42.55 14.9536
 42.575 14.8849
 42.6 14.8165
 42.625 14.7484
 42.65 14.6806
 42.675 14.6132
 42.7 14.5461
 42.725 14.4793
 42.75 14.4128
 42.775 14.3466
 42.8 14.2807
 42.825 14.2152
 42.85 14.1499
 42.875 14.0849
 42.9 14.0202
 42.925 13.9559
 42.95 13.8918
 42.975 13.8281
 43 13.7647
 43.025 13.7016
 43.05 13.6389
 43.075 13.5765
 43.1 13.5145
 43.125 13.4529
 43.15 13.3916
 43.175 13.3307
 43.2 13.2702
 43.225 13.2101
 43.25 13.1504
 43.275 13.0912
 43.3 13.0323
 43.325 12.974
 43.35 12.916
 43.375 12.8585
 43.4 12.8015
 43.425 12.745
 43.45 12.6889
 43.475 12.6334
 43.5 12.5783
 43.525 12.5238
 43.55 12.4698
 43.575 12.4163
 43.6 12.3634
 43.625 12.311
 43.65 12.2591
 43.675 12.2078
 43.7 12.1571
 43.725 12.1069
 43.75 12.0573
 43.775 12.0083
 43.8 11.9599
 43.825 11.9121
 43.85 11.8649
 43.875 11.8182
 43.9 11.7722
 43.925 11.7268
 43.95 11.682
 43.975 11.6378
 44 11.5942
 44.025 11.5512
 44.05 11.5089
 44.075 11.4671
 44.1 11.426
 44.125 11.3856
 44.15 11.3457
 44.175 11.3065
 44.2 11.2678
 44.225 11.2299
 44.25 11.1925
 44.275 11.1557
 44.3 11.1196
 44.325 11.0841
 44.35 11.0492
 44.375 11.015
 44.4 10.9813
 44.425 10.9483
 44.45 10.9159
 44.475 10.8841
 44.5 10.8529
 44.525 10.8223
 44.55 10.7923
 44.575 10.7629
 44.6 10.7341
 44.625 10.7059
 44.65 10.6783
 44.675 10.6513
 44.7 10.6248
 44.725 10.599
 44.75 10.5737
 44.775 10.549
 44.8 10.5248
 44.825 10.5012
 44.85 10.4782
 44.875 10.4557
 44.9 10.4338
 44.925 10.4124
 44.95 10.3916
 44.975 10.3713
 45 10.3516
 45.025 10.3323
 45.05 10.3136
 45.075 10.2954
 45.1 10.2778
 45.125 10.2606
 45.15 10.2439
 45.175 10.2278
 45.2 10.2121
 45.225 10.197
 45.25 10.1823
 45.275 10.1681
 45.3 10.1543
 45.325 10.1411
 45.35 10.1283
 45.375 10.1159
 45.4 10.1041
 45.425 10.0926
 45.45 10.0817
 45.475 10.0711
 45.5 10.061
 45.525 10.0514
 45.55 10.0421
 45.575 10.0333
 45.6 10.0249
 45.625 10.0169
 45.65 10.0093
 45.675 10.0022
 45.7 9.99537
 45.725 9.98898
 45.75 9.98298
 45.775 9.97737
 45.8 9.97214
 45.825 9.96728
 45.85 9.9628
 45.875 9.95869
 45.9 9.95494
 45.925 9.95155
 45.95 9.94852
 45.975 9.94584
 46 9.9435
 46.025 9.94151
 46.05 9.93986
 46.075 9.93854
 46.1 9.93755
 46.125 9.93689
 46.15 9.93655
 46.175 9.93654
 46.2 9.93684
 46.225 9.93745
 46.25 9.93837
 46.275 9.9396
 46.3 9.94113
 46.325 9.94296
 46.35 9.94509
 46.375 9.9475
 46.4 9.95021
 46.425 9.95321
 46.45 9.95648
 46.475 9.96004
 46.5 9.96388
 46.525 9.96799
 46.55 9.97238
 46.575 9.97703
 46.6 9.98196
 46.625 9.98715
 46.65 9.9926
 46.675 9.99832
 46.7 10.0043
 46.725 10.0105
 46.75 10.017
 46.775 10.0238
 46.8 10.0308
 46.825 10.038
 46.85 10.0455
 46.875 10.0533
 46.9 10.0613
 46.925 10.0695
 46.95 10.0781
 46.975 10.0868
 47 10.0958
 47.025 10.1051
 47.05 10.1145
 47.075 10.1243
 47.1 10.1343
 47.125 10.1445
 47.15 10.155
 47.175 10.1657
 47.2 10.1766
 47.225 10.1878
 47.25 10.1993
 47.275 10.211
 47.3 10.2229
 47.325 10.2351
 47.35 10.2475
 47.375 10.2602
 47.4 10.2732
 47.425 10.2864
 47.45 10.2999
 47.475 10.3136
 47.5 10.3276
 47.525 10.3419
 47.55 10.3565
 47.575 10.3713
 47.6 10.3864
 47.625 10.4017
 47.65 10.4174
 47.675 10.4333
 47.7 10.4495
 47.725 10.4661
 47.75 10.4829
 47.775 10.5
 47.8 10.5175
 47.825 10.5353
 47.85 10.5534
 47.875 10.5718
 47.9 10.5905
 47.925 10.6096
 47.95 10.6291
 47.975 10.6489
 48 10.669
 48.025 10.6896
 48.05 10.7105
 48.075 10.7318
 48.1 10.7535
 48.125 10.7757
 48.15 10.7982
 48.175 10.8212
 48.2 10.8446
 48.225 10.8685
 48.25 10.8928
 48.275 10.9176
 48.3 10.9429
 48.325 10.9687
 48.35 10.9951
 48.375 11.0219
 48.4 11.0493
 48.425 11.0773
 48.45 11.1059
 48.475 11.1351
 48.5 11.1649
 48.525 11.1953
 48.55 11.2264
 48.575 11.2582
 48.6 11.2907
 48.625 11.3239
 48.65 11.3579
 48.675 11.3927
 48.7 11.4283
 48.725 11.4647
 48.75 11.502
 48.775 11.5402
 48.8 11.5794
 48.825 11.6195
 48.85 11.6606
 48.875 11.7028
 48.9 11.7461
 48.925 11.7906
 48.95 11.8362
 48.975 11.883
 49 11.9311
 49.025 11.9806
 49.05 12.0315
 49.075 12.0838
 49.1 12.1377
 49.125 12.1932
 49.15 12.2503
 49.175 12.3093
 49.2 12.37
 49.225 12.4327
 49.25 12.4974
 49.275 12.5642
 49.3 12.6333
 49.325 12.7048
 49.35 12.7787
 49.375 12.8553
 49.4 12.9346
 49.425 13.0169
 49.45 13.1023
 49.475 13.1909
 49.5 13.2831
 49.525 13.3789
 49.55 13.4788
 49.575 13.5828
 49.6 13.6913
 49.625 13.8046
 49.65 13.923
 49.675 14.0469
 49.7 14.1768
 49.725 14.313
 49.75 14.456
 49.775 14.6065
 49.8 14.7649
 49.825 14.9321
 49.85 15.1087
 49.875 15.2956
 49.9 15.4937
 49.925 15.7042
 49.95 15.9283
 49.975 16.1672
 50 16.4227
 50.025 16.6965
 50.05 16.9907
 50.075 17.3077
 50.1 17.6502
 50.125 18.0215
 50.15 18.4254
 50.175 18.8662
 50.2 19.3493
 50.225 19.8807
 50.25 20.4679
 50.275 21.1196
 50.3 21.8462
 50.325 22.6605
 50.35 23.5773
 50.375 24.6145
 50.4 25.7931
 50.425 27.1375
 50.45 28.6746
 50.475 30.4326
 50.5 32.4374
 50.525 34.7053
 50.55 37.2324
 50.575 39.9817
 50.6 42.8746
 50.625 45.7989
 50.65 48.6316
 50.675 51.2642
 50.7 53.6198
 50.725 55.6563
 50.75 57.3607
 50.775 58.7402
 50.8 59.814
 50.825 60.6057
 50.85 61.1394
 50.875 61.4383
 50.9 61.5233
 50.925 61.4145
 50.95 61.1303
 50.975 60.6885
 51 60.1061
 51.025 59.3995
 51.05 58.5843
 51.075 57.6755
 51.1 56.6871
 51.125 55.6324
 51.15 54.5239
 51.175 53.373
 51.2 52.1905
 51.225 50.9861
 51.25 49.7694
 51.275 48.5491
 51.3 47.3342
 51.325 46.1327
 51.35 44.9517
 51.375 43.7971
 51.4 42.6742
 51.425 41.5871
 51.45 40.5392
 51.475 39.533
 51.5 38.5703
 51.525 37.6522
 51.55 36.7792
 51.575 35.9511
 51.6 35.1676
 51.625 34.4276
 51.65 33.73
 51.675 33.0731
 51.7 32.4552
 51.725 31.8742
 51.75 31.3281
 51.775 30.8145
 51.8 30.3311
 51.825 29.8755
 51.85 29.4453
 51.875 29.0382
 51.9 28.652
 51.925 28.2846
 51.95 27.9339
 51.975 27.5982
 52 27.2755
 52.025 26.9645
 52.05 26.6636
 52.075 26.3716
 52.1 26.0873
 52.125 25.8098
 52.15 25.5381
 52.175 25.2714
 52.2 25.0092
 52.225 24.7508
 52.25 24.4957
 52.275 24.2436
 52.3 23.9941
 52.325 23.7468
 52.35 23.5016
 52.375 23.2583
 52.4 23.0167
 52.425 22.7765
 52.45 22.5379
 52.475 22.3006
 52.5 22.0646
 52.525 21.8298
 52.55 21.5962
 52.575 21.3637
 52.6 21.1324
 52.625 20.9022
 52.65 20.6731
 52.675 20.445
 52.7 20.2181
 52.725 19.9921
 52.75 19.7673
 52.775 19.5435
 52.8 19.3207
 52.825 19.099
 52.85 18.8783
 52.875 18.6587
 52.9 18.4401
 52.925 18.2226
 52.95 18.0062
 52.975 17.7908
 53 17.5764
 53.025 17.3632
 53.05 17.151
 53.075 16.9399
 53.1 16.7298
 53.125 16.5209
 53.15 16.3131
 53.175 16.1064
 53.2 15.9009
 53.225 15.6965
 53.25 15.4932
 53.275 15.2912
 53.3 15.0903
 53.325 14.8906
 53.35 14.6921
 53.375 14.4949
 53.4 14.299
 53.425 14.1043
 53.45 13.9109
 53.475 13.7188
 53.5 13.5281
 53.525 13.3387
 53.55 13.1508
 53.575 12.9642
 53.6 12.779
 53.625 12.5952
 53.65 12.4129
 53.675 12.2321
 53.7 12.0528
 53.725 11.8751
 53.75 11.6988
 53.775 11.5241
 53.8 11.351
 53.825 11.1794
 53.85 11.0095
 53.875 10.8412
 53.9 10.6745
 53.925 10.5095
 53.95 10.3461
 53.975 10.1844
 54 10.0243
 54.025 9.86599
 54.05 9.70934
 54.075 9.55438
 54.1 9.40113
 54.125 9.24959
 54.15 9.09977
 54.175 8.95167
 54.2 8.80528
 54.225 8.66061
 54.25 8.51766
 54.275 8.37643
 54.3 8.23692
 54.325 8.09911
 54.35 7.96302
 54.375 7.82863
 54.4 7.69594
 54.425 7.56494
 54.45 7.43562
 54.475 7.30798
 54.5 7.18201
 54.525 7.0577
 54.55 6.93504
 54.575 6.81402
 54.6 6.69462
 54.625 6.57685
 54.65 6.46069
 54.675 6.34612
 54.7 6.23313
 54.725 6.12172
 54.75 6.01186
 54.775 5.90355
 54.8 5.79678
 54.825 5.69152
 54.85 5.58776
 54.875 5.4855
 54.9 5.38471
 54.925 5.28539
 54.95 5.18751
 54.975 5.09107
 55 4.99605
 55.025 4.90243
 55.05 4.81021
 55.075 4.71935
 55.1 4.62986
 55.125 4.54172
 55.15 4.45491
 55.175 4.36941
 55.2 4.28522
 55.225 4.20232
 55.25 4.12068
 55.275 4.04031
 55.3 3.96117
 55.325 3.88327
 55.35 3.80658
 55.375 3.73109
 55.4 3.65679
 55.425 3.58366
 55.45 3.51168
 55.475 3.44085
 55.5 3.37114
 55.525 3.30255
 55.55 3.23506
 55.575 3.16866
 55.6 3.10333
 55.625 3.03905
 55.65 2.97583
 55.675 2.91364
 55.7 2.85246
 55.725 2.79229
 55.75 2.73311
 55.775 2.67492
 55.8 2.61769
 55.825 2.56141
 55.85 2.50607
 55.875 2.45167
 55.9 2.39818
 55.925 2.34559
 55.95 2.29389
 55.975 2.24308
 56 2.19313
 56.025 2.14403
 56.05 2.09578
 56.075 2.04836
 56.1 2.00176
 56.125 1.95597
 56.15 1.91098
 56.175 1.86677
 56.2 1.82334
 56.225 1.78067
 56.25 1.73875
 56.275 1.69758
 56.3 1.65713
 56.325 1.61741
 56.35 1.5784
 56.375 1.54008
 56.4 1.50246
 56.425 1.46551
 56.45 1.42924
 56.475 1.39362
 56.5 1.35865
 56.525 1.32432
 56.55 1.29062
 56.575 1.25754
 56.6 1.22508
 56.625 1.19321
 56.65 1.16194
 56.675 1.13125
 56.7 1.10113
 56.725 1.07158
 56.75 1.04259
 56.775 1.01414
 56.8 0.986234
 56.825 0.958859
 56.85 0.932006
 56.875 0.905668
 56.9 0.879837
 56.925 0.854504
 56.95 0.829661
 56.975 0.8053
 57 0.781415
 57.025 0.757996
 57.05 0.735037
 57.075 0.712531
 57.1 0.690469
 57.125 0.668846
 57.15 0.647653
 57.175 0.626883
 57.2 0.606531
 57.225 0.586587
 57.25 0.567047
 57.275 0.547903
 57.3 0.529149
 57.325 0.510778
 57.35 0.492785
 57.375 0.475163
 57.4 0.457905
 57.425 0.441005
 57.45 0.424458
 57.475 0.408257
 57.5 0.392397
 57.525 0.376871
 57.55 0.361675
 57.575 0.346802
 57.6 0.332247
 57.625 0.318006
 57.65 0.304072
 57.675 0.290439
 57.7 0.277104
 57.725 0.264061
 57.75 0.251304
 57.775 0.238829
 57.8 0.22663
 57.825 0.214703
 57.85 0.203044
 57.875 0.191646
 57.9 0.180507
 57.925 0.169621
 57.95 0.158983
 57.975 0.14859
 58 0.138438
 58.025 0.128521
 58.05 0.118836
 58.075 0.109379
 58.1 0.100145
 58.125 0.0911304
 58.15 0.0823311
 58.175 0.0737433
 58.2 0.0653629
 58.225 0.0571863
 58.25 0.0492096
 58.275 0.0414292
 58.3 0.0338415
 58.325 0.0264429
 58.35 0.0192299
 58.375 0.0121991
 58.4 0.00534699
 58.425 -0.00132962
 58.45 -0.00783404
 58.475 -0.0141694
 58.5 -0.0203388
 58.525 -0.0263453
 58.55 -0.0321921
 58.575 -0.037882
 58.6 -0.0434182
 58.625 -0.0488035
 58.65 -0.0540408
 58.675 -0.059133
 58.7 -0.0640829
 58.725 -0.0688933
 58.75 -0.0735668
 58.775 -0.0781062
 58.8 -0.0825141
 58.825 -0.0867931
 58.85 -0.0909457
 58.875 -0.0949744
 58.9 -0.0988818
 58.925 -0.10267
 58.95 -0.106342
 58.975 -0.1099
 59 -0.113345
 59.025 -0.116681
 59.05 -0.11991
 59.075 -0.123033
 59.1 -0.126054
 59.125 -0.128973
 59.15 -0.131794
 59.175 -0.134518
 59.2 -0.137148
 59.225 -0.139684
 59.25 -0.14213
 59.275 -0.144488
 59.3 -0.146758
 59.325 -0.148944
 59.35 -0.151046
 59.375 -0.153067
 59.4 -0.155009
 59.425 -0.156873
 59.45 -0.158661
 59.475 -0.160374
 59.5 -0.162015
 59.525 -0.163585
 59.55 -0.165086
 59.575 -0.166519
 59.6 -0.167885
 59.625 -0.169187
 59.65 -0.170426
 59.675 -0.171603
 59.7 -0.17272
 59.725 -0.173778
 59.75 -0.174779
 59.775 -0.175724
 59.8 -0.176614
 59.825 -0.177451
 59.85 -0.178236
 59.875 -0.17897
 59.9 -0.179656
 59.925 -0.180293
 59.95 -0.180883
 59.975 -0.181427
 60 -0.181928
 60.025 -0.182384
 60.05 -0.182799
 60.075 -0.183173
 60.1 -0.183507
 60.125 -0.183802
 60.15 -0.184059
 60.175 -0.18428
 60.2 -0.184465
 60.225 -0.184616
 60.25 -0.184733
 60.275 -0.184818
 60.3 -0.18487
 60.325 -0.184893
 60.35 -0.184885
 60.375 -0.184849
 60.4 -0.184784
 60.425 -0.184693
 60.45 -0.184576
 60.475 -0.184433
 60.5 -0.184265
 60.525 -0.184075
 60.55 -0.183861
 60.575 -0.183625
 60.6 -0.183368
 60.625 -0.18309
 60.65 -0.182793
 60.675 -0.182476
 60.7 -0.182141
 60.725 -0.181789
 60.75 -0.18142
 60.775 -0.181034
 60.8 -0.180633
 60.825 -0.180217
 60.85 -0.179787
 60.875 -0.179343
 60.9 -0.178886
 60.925 -0.178417
 60.95 -0.177936
 60.975 -0.177444
 61 -0.176941
 61.025 -0.176428
 61.05 -0.175906
 61.075 -0.175374
 61.1 -0.174834
 61.125 -0.174287
 61.15 -0.173731
 61.175 -0.173169
 61.2 -0.1726
 61.225 -0.172026
 61.25 -0.171446
 61.275 -0.170861
 61.3 -0.170271
 61.325 -0.169677
 61.35 -0.16908
 61.375 -0.168479
 61.4 -0.167875
 61.425 -0.167269
 61.45 -0.166661
 61.475 -0.166051
 61.5 -0.16544
 61.525 -0.164828
 61.55 -0.164215
 61.575 -0.163602
 61.6 -0.16299
 61.625 -0.162377
 61.65 -0.161766
 61.675 -0.161156
 61.7 -0.160547
 61.725 -0.15994
 61.75 -0.159335
 61.775 -0.158733
 61.8 -0.158133
 61.825 -0.157536
 61.85 -0.156942
 61.875 -0.156352
 61.9 -0.155766
 61.925 -0.155183
 61.95 -0.154605
 61.975 -0.154031
 62 -0.153462
 62.025 -0.152898
 62.05 -0.152339
 62.075 -0.151786
 62.1 -0.151238
 62.125 -0.150696
 62.15 -0.15016
 62.175 -0.14963
 62.2 -0.149107
 62.225 -0.14859
 62.25 -0.148079
 62.275 -0.147576
 62.3 -0.14708
 62.325 -0.14659
 62.35 -0.146109
 62.375 -0.145634
 62.4 -0.145168
 62.425 -0.144709
 62.45 -0.144258
 62.475 -0.143816
 62.5 -0.143381
 62.525 -0.142955
 62.55 -0.142537
 62.575 -0.142128
 62.6 -0.141727
 62.625 -0.141336
 62.65 -0.140953
 62.675 -0.140579
 62.7 -0.140214
 62.725 -0.139859
 62.75 -0.139513
 62.775 -0.139176
 62.8 -0.138848
 62.825 -0.13853
 62.85 -0.138222
 62.875 -0.137923
 62.9 -0.137635
 62.925 -0.137356
 62.95 -0.137087
 62.975 -0.136828
 63 -0.136579
 63.025 -0.13634
 63.05 -0.136111
 63.075 -0.135892
 63.1 -0.135684
 63.125 -0.135486
 63.15 -0.135299
 63.175 -0.135121
 63.2 -0.134955
 63.225 -0.134798
 63.25 -0.134653
 63.275 -0.134517
 63.3 -0.134393
 63.325 -0.134279
 63.35 -0.134175
 63.375 -0.134083
 63.4 -0.134001
 63.425 -0.13393
 63.45 -0.133869
 63.475 -0.133819
 63.5 -0.13378
 63.525 -0.133752
 63.55 -0.133735
 63.575 -0.133728
 63.6 -0.133733
 63.625 -0.133748
 63.65 -0.133774
 63.675 -0.13381
 63.7 -0.133858
 63.725 -0.133916
 63.75 -0.133986
 63.775 -0.134066
 63.8 -0.134157
 63.825 -0.134259
 63.85 -0.134371
 63.875 -0.134495
 63.9 -0.134629
 63.925 -0.134774
 63.95 -0.13493
 63.975 -0.135096
 64 -0.135273
 64.025 -0.135461
 64.05 -0.13566
 64.075 -0.135869
 64.1 -0.13609
 64.125 -0.13632
 64.15 -0.136562
 64.175 -0.136814
 64.2 -0.137076
 64.225 -0.137349
 64.25 -0.137633
 64.275 -0.137927
 64.3 -0.138231
 64.325 -0.138546
 64.35 -0.138872
 64.375 -0.139207
 64.4 -0.139553
 64.425 -0.13991
 64.45 -0.140276
 64.475 -0.140653
 64.5 -0.14104
 64.525 -0.141438
 64.55 -0.141845
 64.575 -0.142262
 64.6 -0.14269
 64.625 -0.143127
 64.65 -0.143575
 64.675 -0.144032
 64.7 -0.144499
 64.725 -0.144976
 64.75 -0.145463
 64.775 -0.14596
 64.8 -0.146466
 64.825 -0.146982
 64.85 -0.147508
 64.875 -0.148043
 64.9 -0.148587
 64.925 -0.149142
 64.95 -0.149705
 64.975 -0.150278
 65 -0.15086
 65.025 -0.151452
 65.05 -0.152052
 65.075 -0.152662
 65.1 -0.153281
 65.125 -0.153909
 65.15 -0.154547
 65.175 -0.155193
 65.2 -0.155848
 65.225 -0.156512
 65.25 -0.157184
 65.275 -0.157866
 65.3 -0.158556
 65.325 -0.159254
 65.35 -0.159962
 65.375 -0.160678
 65.4 -0.161402
 65.425 -0.162135
 65.45 -0.162876
 65.475 -0.163626
 65.5 -0.164383
 65.525 -0.165149
 65.55 -0.165923
 65.575 -0.166706
 65.6 -0.167496
 65.625 -0.168294
 65.65 -0.1691
 65.675 -0.169914
 65.7 -0.170736
 65.725 -0.171566
 65.75 -0.172403
 65.775 -0.173248
 65.8 -0.174101
 65.825 -0.174961
 65.85 -0.175828
 65.875 -0.176703
 65.9 -0.177585
 65.925 -0.178475
 65.95 -0.179372
 65.975 -0.180276
 66 -0.181187
 66.025 -0.182105
 66.05 -0.18303
 66.075 -0.183962
 66.1 -0.184901
 66.125 -0.185847
 66.15 -0.1868
 66.175 -0.187759
 66.2 -0.188725
 66.225 -0.189698
 66.25 -0.190677
 66.275 -0.191663
 66.3 -0.192655
 66.325 -0.193653
 66.35 -0.194658
 66.375 -0.195669
 66.4 -0.196686
 66.425 -0.19771
 66.45 -0.198739
 66.475 -0.199775
 66.5 -0.200816
 66.525 -0.201863
 66.55 -0.202917
 66.575 -0.203975
 66.6 -0.20504
 66.625 -0.20611
 66.65 -0.207186
 66.675 -0.208267
 66.7 -0.209354
 66.725 -0.210446
 66.75 -0.211544
 66.775 -0.212647
 66.8 -0.213755
 66.825 -0.214868
 66.85 -0.215986
 66.875 -0.21711
 66.9 -0.218239
 66.925 -0.219372
 66.95 -0.22051
 66.975 -0.221654
 67 -0.222802
 67.025 -0.223955
 67.05 -0.225112
 67.075 -0.226274
 67.1 -0.227441
 67.125 -0.228613
 67.15 -0.229788
 67.175 -0.230969
 67.2 -0.232153
 67.225 -0.233342
 67.25 -0.234535
 67.275 -0.235733
 67.3 -0.236935
 67.325 -0.23814
 67.35 -0.23935
 67.375 -0.240564
 67.4 -0.241782
 67.425 -0.243004
 67.45 -0.244229
 67.475 -0.245459
 67.5 -0.246692
 67.525 -0.247929
 67.55 -0.249169
 67.575 -0.250413
 67.6 -0.251661
 67.625 -0.252912
 67.65 -0.254167
 67.675 -0.255425
 67.7 -0.256687
 67.725 -0.257952
 67.75 -0.25922
 67.775 -0.260491
 67.8 -0.261766
 67.825 -0.263043
 67.85 -0.264324
 67.875 -0.265608
 67.9 -0.266895
 67.925 -0.268185
 67.95 -0.269477
 67.975 -0.270773
 68 -0.272071
 68.025 -0.273372
 68.05 -0.274676
 68.075 -0.275982
 68.1 -0.277291
 68.125 -0.278603
 68.15 -0.279917
 68.175 -0.281234
 68.2 -0.282553
 68.225 -0.283875
 68.25 -0.285199
 68.275 -0.286525
 68.3 -0.287853
 68.325 -0.289184
 68.35 -0.290517
 68.375 -0.291852
 68.4 -0.293189
 68.425 -0.294529
 68.45 -0.29587
 68.475 -0.297213
 68.5 -0.298558
 68.525 -0.299906
 68.55 -0.301255
 68.575 -0.302605
 68.6 -0.303958
 68.625 -0.305312
 68.65 -0.306668
 68.675 -0.308026
 68.7 -0.309385
 68.725 -0.310746
 68.75 -0.312108
 68.775 -0.313472
 68.8 -0.314838
 68.825 -0.316204
 68.85 -0.317573
 68.875 -0.318942
 68.9 -0.320313
 68.925 -0.321685
 68.95 -0.323058
 68.975 -0.324433
 69 -0.325809
 69.025 -0.327186
 69.05 -0.328564
 69.075 -0.329943
 69.1 -0.331323
 69.125 -0.332704
 69.15 -0.334086
 69.175 -0.335469
 69.2 -0.336853
 69.225 -0.338237
 69.25 -0.339623
 69.275 -0.341009
 69.3 -0.342396
 69.325 -0.343784
 69.35 -0.345172
 69.375 -0.346562
 69.4 -0.347951
 69.425 -0.349342
 69.45 -0.350733
 69.475 -0.352124
 69.5 -0.353516
 69.525 -0.354908
 69.55 -0.356301
 69.575 -0.357695
 69.6 -0.359088
 69.625 -0.360482
 69.65 -0.361877
 69.675 -0.363271
 69.7 -0.364666
 69.725 -0.366061
 69.75 -0.367456
 69.775 -0.368852
 69.8 -0.370248
 69.825 -0.371643
 69.85 -0.373039
 69.875 -0.374435
 69.9 -0.375831
 69.925 -0.377227
 69.95 -0.378623
 69.975 -0.380019
 70 -0.381414
 70.025 -0.38281
 70.05 -0.384206
 70.075 -0.385601
 70.1 -0.386996
 70.125 -0.388391
 70.15 -0.389786
 70.175 -0.391181
 70.2 -0.392575
 70.225 -0.393969
 70.25 -0.395363
 70.275 -0.396756
 70.3 -0.398149
 70.325 -0.399541
 70.35 -0.400933
 70.375 -0.402325
 70.4 -0.403716
 70.425 -0.405107
 70.45 -0.406497
 70.475 -0.407886
 70.5 -0.409275
 70.525 -0.410663
 70.55 -0.41205
 70.575 -0.413437
 70.6 -0.414823
 70.625 -0.416209
 70.65 -0.417593
 70.675 -0.418977
 70.7 -0.42036
 70.725 -0.421742
 70.75 -0.423124
 70.775 -0.424504
 70.8 -0.425884
 70.825 -0.427263
 70.85 -0.42864
 70.875 -0.430017
 70.9 -0.431393
 70.925 -0.432769
 70.95 -0.434143
 70.975 -0.435516
 71 -0.436888
 71.025 -0.438259
 71.05 -0.439629
 71.075 -0.440998
 71.1 -0.442366
 71.125 -0.443732
 71.15 -0.445098
 71.175 -0.446463
 71.2 -0.447826
 71.225 -0.449188
 71.25 -0.450549
 71.275 -0.451909
 71.3 -0.453268
 71.325 -0.454625
 71.35 -0.455981
 71.375 -0.457336
 71.4 -0.45869
 71.425 -0.460042
 71.45 -0.461393
 71.475 -0.462743
 71.5 -0.464091
 71.525 -0.465438
 71.55 -0.466784
 71.575 -0.468128
 71.6 -0.469471
 71.625 -0.470812
 71.65 -0.472152
 71.675 -0.473491
 71.7 -0.474828
 71.725 -0.476164
 71.75 -0.477498
 71.775 -0.478831
 71.8 -0.480162
 71.825 -0.481492
 71.85 -0.48282
 71.875 -0.484146
 71.9 -0.485471
 71.925 -0.486795
 71.95 -0.488117
 71.975 -0.489437
 72 -0.490756
 72.025 -0.492073
 72.05 -0.493388
 72.075 -0.494702
 72.1 -0.496014
 72.125 -0.497325
 72.15 -0.498633
 72.175 -0.49994
 72.2 -0.501246
 72.225 -0.50255
 72.25 -0.503851
 72.275 -0.505152
 72.3 -0.50645
 72.325 -0.507747
 72.35 -0.509042
 72.375 -0.510335
 72.4 -0.511626
 72.425 -0.512916
 72.45 -0.514204
 72.475 -0.515489
 72.5 -0.516774
 72.525 -0.518056
 72.55 -0.519336
 72.575 -0.520615
 72.6 -0.521891
 72.625 -0.523166
 72.65 -0.524439
 72.675 -0.52571
 72.7 -0.526979
 72.725 -0.528247
 72.75 -0.529512
 72.775 -0.530775
 72.8 -0.532037
 72.825 -0.533296
 72.85 -0.534554
 72.875 -0.53581
 72.9 -0.537063
 72.925 -0.538315
 72.95 -0.539565
 72.975 -0.540813
 73 -0.542058
 73.025 -0.543302
 73.05 -0.544544
 73.075 -0.545783
 73.1 -0.547021
 73.125 -0.548257
 73.15 -0.549491
 73.175 -0.550722
 73.2 -0.551952
 73.225 -0.553179
 73.25 -0.554405
 73.275 -0.555628
 73.3 -0.556849
 73.325 -0.558069
 73.35 -0.559286
 73.375 -0.560501
 73.4 -0.561714
 73.425 -0.562925
 73.45 -0.564133
 73.475 -0.56534
 73.5 -0.566545
 73.525 -0.567747
 73.55 -0.568947
 73.575 -0.570145
 73.6 -0.571341
 73.625 -0.572535
 73.65 -0.573727
 73.675 -0.574917
 73.7 -0.576104
 73.725 -0.577289
 73.75 -0.578472
 73.775 -0.579653
 73.8 -0.580832
 73.825 -0.582009
 73.85 -0.583183
 73.875 -0.584355
 73.9 -0.585525
 73.925 -0.586693
 73.95 -0.587859
 73.975 -0.589022
 74 -0.590184
 74.025 -0.591343
 74.05 -0.592499
 74.075 -0.593654
 74.1 -0.594806
 74.125 -0.595957
 74.15 -0.597104
 74.175 -0.59825
 74.2 -0.599394
 74.225 -0.600535
 74.25 -0.601674
 74.275 -0.602811
 74.3 -0.603945
 74.325 -0.605077
 74.35 -0.606207
 74.375 -0.607335
 74.4 -0.60846
 74.425 -0.609583
 74.45 -0.610704
 74.475 -0.611822
 74.5 -0.612938
 74.525 -0.614052
 74.55 -0.615163
 74.575 -0.616272
 74.6 -0.617379
 74.625 -0.618484
 74.65 -0.619586
 74.675 -0.620686
 74.7 -0.621783
 74.725 -0.622879
 74.75 -0.623971
 74.775 -0.625062
 74.8 -0.62615
 74.825 -0.627236
 74.85 -0.62832
 74.875 -0.629401
 74.9 -0.63048
 74.925 -0.631557
 74.95 -0.632632
 74.975 -0.633704
 75 -0.634774
 75.025 -0.635841
 75.05 -0.636906
 75.075 -0.637969
 75.1 -0.639029
 75.125 -0.640088
 75.15 -0.641143
 75.175 -0.642197
 75.2 -0.643248
 75.225 -0.644297
 75.25 -0.645344
 75.275 -0.646388
 75.3 -0.64743
 75.325 -0.648469
 75.35 -0.649507
 75.375 -0.650542
 75.4 -0.651574
 75.425 -0.652605
 75.45 -0.653633
 75.475 -0.654658
 75.5 -0.655682
 75.525 -0.656703
 75.55 -0.657721
 75.575 -0.658738
 75.6 -0.659752
 75.625 -0.660764
 75.65 -0.661773
 75.675 -0.66278
 75.7 -0.663785
 75.725 -0.664787
 75.75 -0.665788
 75.775 -0.666785
 75.8 -0.667781
 75.825 -0.668774
 75.85 -0.669765
 75.875 -0.670754
 75.9 -0.67174
 75.925 -0.672724
 75.95 -0.673706
 75.975 -0.674685
 76 -0.675662
 76.025 -0.676637
 76.05 -0.677609
 76.075 -0.678579
 76.1 -0.679547
 76.125 -0.680513
 76.15 -0.681476
 76.175 -0.682437
 76.2 -0.683395
 76.225 -0.684352
 76.25 -0.685306
 76.275 -0.686257
 76.3 -0.687207
 76.325 -0.688154
 76.35 -0.689099
 76.375 -0.690041
 76.4 -0.690982
 76.425 -0.691919
 76.45 -0.692855
 76.475 -0.693788
 76.5 -0.69472
 76.525 -0.695648
 76.55 -0.696575
 76.575 -0.697499
 76.6 -0.698421
 76.625 -0.699341
 76.65 -0.700258
 76.675 -0.701173
 76.7 -0.702086
 76.725 -0.702997
 76.75 -0.703905
 76.775 -0.704811
 76.8 -0.705715
 76.825 -0.706616
 76.85 -0.707515
 76.875 -0.708412
 76.9 -0.709307
 76.925 -0.710199
 76.95 -0.71109
 76.975 -0.711978
 77 -0.712863
 77.025 -0.713747
 77.05 -0.714628
 77.075 -0.715507
 77.1 -0.716383
 77.125 -0.717258
 77.15 -0.71813
 77.175 -0.719
 77.2 -0.719868
 77.225 -0.720733
 77.25 -0.721597
 77.275 -0.722458
 77.3 -0.723317
 77.325 -0.724173
 77.35 -0.725028
 77.375 -0.72588
 77.4 -0.72673
 77.425 -0.727577
 77.45 -0.728423
 77.475 -0.729266
 77.5 -0.730107
 77.525 -0.730946
 77.55 -0.731783
 77.575 -0.732618
 77.6 -0.73345
 77.625 -0.73428
 77.65 -0.735108
 77.675 -0.735934
 77.7 -0.736757
 77.725 -0.737579
 77.75 -0.738398
 77.775 -0.739215
 77.8 -0.74003
 77.825 -0.740843
 77.85 -0.741653
 77.875 -0.742462
 77.9 -0.743268
 77.925 -0.744072
 77.95 -0.744874
 77.975 -0.745674
 78 -0.746471
 78.025 -0.747267
 78.05 -0.74806
 78.075 -0.748851
 78.1 -0.74964
 78.125 -0.750427
 78.15 -0.751212
 78.175 -0.751994
 78.2 -0.752775
 78.225 -0.753553
 78.25 -0.754329
 78.275 -0.755104
 78.3 -0.755876
 78.325 -0.756645
 78.35 -0.757413
 78.375 -0.758179
 78.4 -0.758942
 78.425 -0.759704
 78.45 -0.760463
 78.475 -0.761221
 78.5 -0.761976
 78.525 -0.762729
 78.55 -0.76348
 78.575 -0.764229
 78.6 -0.764976
 78.625 -0.76572
 78.65 -0.766463
 78.675 -0.767204
 78.7 -0.767942
 78.725 -0.768679
 78.75 -0.769413
 78.775 -0.770146
 78.8 -0.770876
 78.825 -0.771604
 78.85 -0.77233
 78.875 -0.773055
 78.9 -0.773777
 78.925 -0.774497
 78.95 -0.775215
 78.975 -0.775931
 79 -0.776645
 79.025 -0.777357
 79.05 -0.778067
 79.075 -0.778775
 79.1 -0.779481
 79.125 -0.780185
 79.15 -0.780886
 79.175 -0.781586
 79.2 -0.782284
 79.225 -0.78298
 79.25 -0.783674
 79.275 -0.784366
 79.3 -0.785056
 79.325 -0.785744
 79.35 -0.78643
 79.375 -0.787113
 79.4 -0.787795
 79.425 -0.788475
 79.45 -0.789153
 79.475 -0.78983
 79.5 -0.790504
 79.525 -0.791176
 79.55 -0.791846
 79.575 -0.792514
 79.6 -0.79318
 79.625 -0.793845
 79.65 -0.794507
 79.675 -0.795167
 79.7 -0.795826
 79.725 -0.796483
 79.75 -0.797137
 79.775 -0.79779
 79.8 -0.798441
 79.825 -0.799089
 79.85 -0.799736
 79.875 -0.800381
 79.9 -0.801025
 79.925 -0.801666
 79.95 -0.802305
 79.975 -0.802942
 80 -0.803578
 80.025 -0.804211
 80.05 -0.804843
 80.075 -0.805473
 80.1 -0.8061
 80.125 -0.806726
 80.15 -0.80735
 80.175 -0.807972
 80.2 -0.808592
 80.225 -0.809211
 80.25 -0.809827
 80.275 -0.810442
 80.3 -0.811054
 80.325 -0.811665
 80.35 -0.812274
 80.375 -0.812881
 80.4 -0.813486
 80.425 -0.81409
 80.45 -0.814691
 80.475 -0.815291
 80.5 -0.815888
 80.525 -0.816484
 80.55 -0.817079
 80.575 -0.817671
 80.6 -0.818261
 80.625 -0.81885
 80.65 -0.819437
 80.675 -0.820022
 80.7 -0.820605
 80.725 -0.821186
 80.75 -0.821766
 80.775 -0.822344
 80.8 -0.82292
 80.825 -0.823494
 80.85 -0.824066
 80.875 -0.824637
 80.9 -0.825206
 80.925 -0.825773
 80.95 -0.826338
 80.975 -0.826901
 81 -0.827463
 81.025 -0.828023
 81.05 -0.828581
 81.075 -0.829138
 81.1 -0.829692
 81.125 -0.830245
 81.15 -0.830797
 81.175 -0.831346
 81.2 -0.831894
 81.225 -0.83244
 81.25 -0.832984
 81.275 -0.833526
 81.3 -0.834067
 81.325 -0.834606
 81.35 -0.835144
 81.375 -0.835679
 81.4 -0.836213
 81.425 -0.836745
 81.45 -0.837276
 81.475 -0.837805
 81.5 -0.838332
 81.525 -0.838857
 81.55 -0.839381
 81.575 -0.839903
 81.6 -0.840423
 81.625 -0.840942
 81.65 -0.841459
 81.675 -0.841974
 81.7 -0.842488
 81.725 -0.843
 81.75 -0.84351
 81.775 -0.844019
 81.8 -0.844526
 81.825 -0.845031
 81.85 -0.845535
 81.875 -0.846037
 81.9 -0.846537
 81.925 -0.847036
 81.95 -0.847533
 81.975 -0.848029
 82 -0.848523
 82.025 -0.849015
 82.05 -0.849506
 82.075 -0.849995
 82.1 -0.850482
 82.125 -0.850968
 82.15 -0.851452
 82.175 -0.851935
 82.2 -0.852416
 82.225 -0.852895
 82.25 -0.853373
 82.275 -0.853849
 82.3 -0.854324
 82.325 -0.854797
 82.35 -0.855268
 82.375 -0.855738
 82.4 -0.856206
 82.425 -0.856673
 82.45 -0.857138
 82.475 -0.857602
 82.5 -0.858064
 82.525 -0.858525
 82.55 -0.858984
 82.575 -0.859441
 82.6 -0.859897
 82.625 -0.860351
 82.65 -0.860804
 82.675 -0.861255
 82.7 -0.861705
 82.725 -0.862153
 82.75 -0.8626
 82.775 -0.863045
 82.8 -0.863489
 82.825 -0.863931
 82.85 -0.864371
 82.875 -0.86481
 82.9 -0.865248
 82.925 -0.865684
 82.95 -0.866119
 82.975 -0.866552
 83 -0.866983
 83.025 -0.867413
 83.05 -0.867842
 83.075 -0.868269
 83.1 -0.868695
 83.125 -0.869119
 83.15 -0.869542
 83.175 -0.869963
 83.2 -0.870383
 83.225 -0.870801
 83.25 -0.871218
 83.275 -0.871633
 83.3 -0.872047
 83.325 -0.872459
 83.35 -0.87287
 83.375 -0.87328
 83.4 -0.873688
 83.425 -0.874095
 83.45 -0.8745
 83.475 -0.874904
 83.5 -0.875306
 83.525 -0.875707
 83.55 -0.876107
 83.575 -0.876505
 83.6 -0.876902
 83.625 -0.877297
 83.65 -0.877691
 83.675 -0.878084
 83.7 -0.878475
 83.725 -0.878864
 83.75 -0.879253
 83.775 -0.87964
 83.8 -0.880025
 83.825 -0.880409
 83.85 -0.880792
 83.875 -0.881173
 83.9 -0.881553
 83.925 -0.881932
 83.95 -0.882309
 83.975 -0.882685
 84 -0.883059
 84.025 -0.883433
 84.05 -0.883804
 84.075 -0.884175
 84.1 -0.884544
 84.125 -0.884912
 84.15 -0.885278
 84.175 -0.885643
 84.2 -0.886007
 84.225 -0.886369
 84.25 -0.88673
 84.275 -0.88709
 84.3 -0.887448
 84.325 -0.887805
 84.35 -0.888161
 84.375 -0.888515
 84.4 -0.888868
 84.425 -0.88922
 84.45 -0.889571
 84.475 -0.88992
 84.5 -0.890268
 84.525 -0.890614
 84.55 -0.890959
 84.575 -0.891303
 84.6 -0.891646
 84.625 -0.891987
 84.65 -0.892328
 84.675 -0.892666
 84.7 -0.893004
 84.725 -0.89334
 84.75 -0.893675
 84.775 -0.894009
 84.8 -0.894341
 84.825 -0.894672
 84.85 -0.895002
 84.875 -0.895331
 84.9 -0.895658
 84.925 -0.895984
 84.95 -0.896309
 84.975 -0.896633
 85 -0.896955
 85.025 -0.897276
 85.05 -0.897596
 85.075 -0.897915
 85.1 -0.898232
 85.125 -0.898548
 85.15 -0.898863
 85.175 -0.899177
 85.2 -0.899489
 85.225 -0.899801
 85.25 -0.900111
 85.275 -0.90042
 85.3 -0.900727
 85.325 -0.901034
 85.35 -0.901339
 85.375 -0.901643
 85.4 -0.901946
 85.425 -0.902247
 85.45 -0.902548
 85.475 -0.902847
 85.5 -0.903145
 85.525 -0.903442
 85.55 -0.903737
 85.575 -0.904032
 85.6 -0.904325
 85.625 -0.904617
 85.65 -0.904908
 85.675 -0.905198
 85.7 -0.905487
 85.725 -0.905774
 85.75 -0.90606
 85.775 -0.906346
 85.8 -0.90663
 85.825 -0.906912
 85.85 -0.907194
 85.875 -0.907475
 85.9 -0.907754
 85.925 -0.908032
 85.95 -0.908309
 85.975 -0.908585
 86 -0.90886
 86.025 -0.909134
 86.05 -0.909406
 86.075 -0.909678
 86.1 -0.909948
 86.125 -0.910217
 86.15 -0.910485
 86.175 -0.910752
 86.2 -0.911018
 86.225 -0.911283
 86.25 -0.911547
 86.275 -0.911809
 86.3 -0.91207
 86.325 -0.912331
 86.35 -0.91259
 86.375 -0.912848
 86.4 -0.913105
 86.425 -0.913361
 86.45 -0.913616
 86.475 -0.91387
 86.5 -0.914123
 86.525 -0.914374
 86.55 -0.914625
 86.575 -0.914874
 86.6 -0.915123
 86.625 -0.91537
 86.65 -0.915616
 86.675 -0.915861
 86.7 -0.916106
 86.725 -0.916349
 86.75 -0.916591
 86.775 -0.916832
 86.8 -0.917072
 86.825 -0.917311
 86.85 -0.917548
 86.875 -0.917785
 86.9 -0.918021
 86.925 -0.918256
 86.95 -0.918489
 86.975 -0.918722
 87 -0.918954
 87.025 -0.919184
 87.05 -0.919414
 87.075 -0.919642
 87.1 -0.91987
 87.125 -0.920096
 87.15 -0.920322
 87.175 -0.920546
 87.2 -0.92077
 87.225 -0.920992
 87.25 -0.921214
 87.275 -0.921434
 87.3 -0.921654
 87.325 -0.921872
 87.35 -0.92209
 87.375 -0.922306
 87.4 -0.922521
 87.425 -0.922736
 87.45 -0.922949
 87.475 -0.923162
 87.5 -0.923373
 87.525 -0.923584
 87.55 -0.923794
 87.575 -0.924002
 87.6 -0.92421
 87.625 -0.924417
 87.65 -0.924622
 87.675 -0.924827
 87.7 -0.925031
 87.725 -0.925234
 87.75 -0.925435
 87.775 -0.925636
 87.8 -0.925836
 87.825 -0.926035
 87.85 -0.926233
 87.875 -0.92643
 87.9 -0.926627
 87.925 -0.926822
 87.95 -0.927016
 87.975 -0.927209
 88 -0.927402
 88.025 -0.927593
 88.05 -0.927784
 88.075 -0.927973
 88.1 -0.928162
 88.125 -0.92835
 88.15 -0.928537
 88.175 -0.928723
 88.2 -0.928908
 88.225 -0.929092
 88.25 -0.929275
 88.275 -0.929457
 88.3 -0.929639
 88.325 -0.929819
 88.35 -0.929999
 88.375 -0.930177
 88.4 -0.930355
 88.425 -0.930532
 88.45 -0.930708
 88.475 -0.930883
 88.5 -0.931057
 88.525 -0.93123
 88.55 -0.931403
 88.575 -0.931574
 88.6 -0.931745
 88.625 -0.931915
 88.65 -0.932084
 88.675 -0.932252
 88.7 -0.932419
 88.725 -0.932585
 88.75 -0.932751
 88.775 -0.932915
 88.8 -0.933079
 88.825 -0.933242
 88.85 -0.933404
 88.875 -0.933565
 88.9 -0.933725
 88.925 -0.933884
 88.95 -0.934043
 88.975 -0.934201
 89 -0.934357
 89.025 -0.934514
 89.05 -0.934669
 89.075 -0.934823
 89.1 -0.934976
 89.125 -0.935129
 89.15 -0.935281
 89.175 -0.935432
 89.2 -0.935582
 89.225 -0.935731
 89.25 -0.93588
 89.275 -0.936028
 89.3 -0.936174
 89.325 -0.936321
 89.35 -0.936466
 89.375 -0.93661
 89.4 -0.936754
 89.425 -0.936897
 89.45 -0.937039
 89.475 -0.93718
 89.5 -0.93732
 89.525 -0.93746
 89.55 -0.937598
 89.575 -0.937736
 89.6 -0.937873
 89.625 -0.93801
 89.65 -0.938145
 89.675 -0.93828
 89.7 -0.938414
 89.725 -0.938547
 89.75 -0.93868
 89.775 -0.938811
 89.8 -0.938942
 89.825 -0.939072
 89.85 -0.939202
 89.875 -0.93933
 89.9 -0.939458
 89.925 -0.939585
 89.95 -0.939711
 89.975 -0.939837
 90 -0.939961
 90.025 -0.940085
 90.05 -0.940208
 90.075 -0.940331
 90.1 -0.940452
 90.125 -0.940573
 90.15 -0.940693
 90.175 -0.940813
 90.2 -0.940931
 90.225 -0.941049
 90.25 -0.941166
 90.275 -0.941283
 90.3 -0.941398
 90.325 -0.941513
 90.35 -0.941627
 90.375 -0.941741
 90.4 -0.941853
 90.425 -0.941965
 90.45 -0.942076
 90.475 -0.942187
 90.5 -0.942297
 90.525 -0.942406
 90.55 -0.942514
 90.575 -0.942622
 90.6 -0.942728
 90.625 -0.942834
 90.65 -0.94294
 90.675 -0.943045
 90.7 -0.943149
 90.725 -0.943252
 90.75 -0.943354
 90.775 -0.943456
 90.8 -0.943557
 90.825 -0.943658
 90.85 -0.943758
 90.875 -0.943857
 90.9 -0.943955
 90.925 -0.944053
 90.95 -0.94415
 90.975 -0.944246
 91 -0.944341
 91.025 -0.944436
 91.05 -0.94453
 91.075 -0.944624
 91.1 -0.944717
 91.125 -0.944809
 91.15 -0.9449
 91.175 -0.944991
 91.2 -0.945081
 91.225 -0.945171
 91.25 -0.945259
 91.275 -0.945347
 91.3 -0.945435
 91.325 -0.945521
 91.35 -0.945608
 91.375 -0.945693
 91.4 -0.945778
 91.425 -0.945862
 91.45 -0.945945
 91.475 -0.946028
 91.5 -0.94611
 91.525 -0.946191
 91.55 -0.946272
 91.575 -0.946352
 91.6 -0.946432
 91.625 -0.94651
 91.65 -0.946589
 91.675 -0.946666
 91.7 -0.946743
 91.725 -0.946819
 91.75 -0.946895
 91.775 -0.94697
 91.8 -0.947044
 91.825 -0.947118
 91.85 -0.947191
 91.875 -0.947263
 91.9 -0.947335
 91.925 -0.947406
 91.95 -0.947477
 91.975 -0.947546
 92 -0.947616
 92.025 -0.947684
 92.05 -0.947752
 92.075 -0.94782
 92.1 -0.947887
 92.125 -0.947953
 92.15 -0.948018
 92.175 -0.948083
 92.2 -0.948148
 92.225 -0.948211
 92.25 -0.948274
 92.275 -0.948337
 92.3 -0.948399
 92.325 -0.94846
 92.35 -0.948521
 92.375 -0.948581
 92.4 -0.94864
 92.425 -0.948699
 92.45 -0.948757
 92.475 -0.948815
 92.5 -0.948872
 92.525 -0.948929
 92.55 -0.948985
 92.575 -0.94904
 92.6 -0.949095
 92.625 -0.949149
 92.65 -0.949202
 92.675 -0.949255
 92.7 -0.949308
 92.725 -0.949359
 92.75 -0.949411
 92.775 -0.949461
 92.8 -0.949511
 92.825 -0.949561
 92.85 -0.94961
 92.875 -0.949658
 92.9 -0.949706
 92.925 -0.949753
 92.95 -0.9498
 92.975 -0.949846
 93 -0.949892
 93.025 -0.949937
 93.05 -0.949981
 93.075 -0.950025
 93.1 -0.950068
 93.125 -0.950111
 93.15 -0.950153
 93.175 -0.950195
 93.2 -0.950236
 93.225 -0.950276
 93.25 -0.950316
 93.275 -0.950356
 93.3 -0.950394
 93.325 -0.950433
 93.35 -0.950471
 93.375 -0.950508
 93.4 -0.950544
 93.425 -0.950581
 93.45 -0.950616
 93.475 -0.950651
 93.5 -0.950686
 93.525 -0.95072
 93.55 -0.950753
 93.575 -0.950786
 93.6 -0.950819
 93.625 -0.950851
 93.65 -0.950882
 93.675 -0.950913
 93.7 -0.950943
 93.725 -0.950973
 93.75 -0.951002
 93.775 -0.951031
 93.8 -0.951059
 93.825 -0.951087
 93.85 -0.951114
 93.875 -0.951141
 93.9 -0.951167
 93.925 -0.951193
 93.95 -0.951218
 93.975 -0.951242
 94 -0.951267
 94.025 -0.95129
 94.05 -0.951313
 94.075 -0.951336
 94.1 -0.951358
 94.125 -0.95138
 94.15 -0.951401
 94.175 -0.951421
 94.2 -0.951442
 94.225 -0.951461
 94.25 -0.95148
 94.275 -0.951499
 94.3 -0.951517
 94.325 -0.951535
 94.35 -0.951552
 94.375 -0.951569
 94.4 -0.951585
 94.425 -0.9516
 94.45 -0.951616
 94.475 -0.95163
 94.5 -0.951645
 94.525 -0.951658
 94.55 -0.951672
 94.575 -0.951684
 94.6 -0.951697
 94.625 -0.951709
 94.65 -0.95172
 94.675 -0.951731
 94.7 -0.951741
 94.725 -0.951751
 94.75 -0.951761
 94.775 -0.95177
 94.8 -0.951778
 94.825 -0.951786
 94.85 -0.951794
 94.875 -0.951801
 94.9 -0.951808
 94.925 -0.951814
 94.95 -0.95182
 94.975 -0.951825
 95 -0.95183
 95.025 -0.951834
 95.05 -0.951838
 95.075 -0.951842
 95.1 -0.951845
 95.125 -0.951848
 95.15 -0.95185
 95.175 -0.951851
 95.2 -0.951853
 95.225 -0.951853
 95.25 -0.951854
 95.275 -0.951854
 95.3 -0.951853
 95.325 -0.951852
 95.35 -0.951851
 95.375 -0.951849
 95.4 -0.951847
 95.425 -0.951844
 95.45 -0.951841
 95.475 -0.951837
 95.5 -0.951833
 95.525 -0.951829
 95.55 -0.951824
 95.575 -0.951818
 95.6 -0.951813
 95.625 -0.951806
 95.65 -0.9518
 95.675 -0.951793
 95.7 -0.951785
 95.725 -0.951777
 95.75 -0.951769
 95.775 -0.95176
 95.8 -0.951751
 95.825 -0.951742
 95.85 -0.951732
 95.875 -0.951721
 95.9 -0.95171
 95.925 -0.951699
 95.95 -0.951687
 95.975 -0.951675
 96 -0.951663
 96.025 -0.95165
 96.05 -0.951637
 96.075 -0.951623
 96.1 -0.951609
 96.125 -0.951594
 96.15 -0.951579
 96.175 -0.951564
 96.2 -0.951548
 96.225 -0.951532
 96.25 -0.951516
 96.275 -0.951499
 96.3 -0.951481
 96.325 -0.951464
 96.35 -0.951446
 96.375 -0.951427
 96.4 -0.951408
 96.425 -0.951389
 96.45 -0.951369
 96.475 -0.951349
 96.5 -0.951329
 96.525 -0.951308
 96.55 -0.951287
 96.575 -0.951265
 96.6 -0.951243
 96.625 -0.95122
 96.65 -0.951198
 96.675 -0.951174
 96.7 -0.951151
 96.725 -0.951127
 96.75 -0.951103
 96.775 -0.951078
 96.8 -0.951053
 96.825 -0.951027
 96.85 -0.951002
 96.875 -0.950975
 96.9 -0.950949
 96.925 -0.950922
 96.95 -0.950895
 96.975 -0.950867
 97 -0.950839
 97.025 -0.95081
 97.05 -0.950782
 97.075 -0.950752
 97.1 -0.950723
 97.125 -0.950693
 97.15 -0.950663
 97.175 -0.950632
 97.2 -0.950601
 97.225 -0.95057
 97.25 -0.950538
 97.275 -0.950506
 97.3 -0.950474
 97.325 -0.950441
 97.35 -0.950408
 97.375 -0.950374
 97.4 -0.95034
 97.425 -0.950306
 97.45 -0.950272
 97.475 -0.950237
 97.5 -0.950202
 97.525 -0.950166
 97.55 -0.95013
 97.575 -0.950094
 97.6 -0.950057
 97.625 -0.95002
 97.65 -0.949983
 97.675 -0.949945
 97.7 -0.949907
 97.725 -0.949869
 97.75 -0.94983
 97.775 -0.949791
 97.8 -0.949752
 97.825 -0.949712
 97.85 -0.949672
 97.875 -0.949632
 97.9 -0.949591
 97.925 -0.94955
 97.95 -0.949508
 97.975 -0.949467
 98 -0.949425
 98.025 -0.949382
 98.05 -0.94934
 98.075 -0.949296
 98.1 -0.949253
 98.125 -0.949209
 98.15 -0.949165
 98.175 -0.949121
 98.2 -0.949076
 98.225 -0.949031
 98.25 -0.948986
 98.275 -0.94894
 98.3 -0.948895
 98.325 -0.948848
 98.35 -0.948802
 98.375 -0.948755
 98.4 -0.948708
 98.425 -0.94866
 98.45 -0.948612
 98.475 -0.948564
 98.5 -0.948515
 98.525 -0.948467
 98.55 -0.948418
 98.575 -0.948368
 98.6 -0.948318
 98.625 -0.948268
 98.65 -0.948218
 98.675 -0.948167
 98.7 -0.948116
 98.725 -0.948065
 98.75 -0.948013
 98.775 -0.947962
 98.8 -0.947909
 98.825 -0.947857
 98.85 -0.947804
 98.875 -0.947751
 98.9 -0.947698
 98.925 -0.947644
 98.95 -0.94759
 98.975 -0.947536
 99 -0.947481
 99.025 -0.947426
 99.05 -0.947371
 99.075 -0.947316
 99.1 -0.94726
 99.125 -0.947204
 99.15 -0.947147
 99.175 -0.947091
 99.2 -0.947034
 99.225 -0.946977
 99.25 -0.946919
 99.275 -0.946861
 99.3 -0.946803
 99.325 -0.946745
 99.35 -0.946686
 99.375 -0.946627
 99.4 -0.946568
 99.425 -0.946508
 99.45 -0.946449
 99.475 -0.946389
 99.5 -0.946328
 99.525 -0.946268
 99.55 -0.946207
 99.575 -0.946146
 99.6 -0.946084
 99.625 -0.946022
 99.65 -0.94596
 99.675 -0.945898
 99.7 -0.945835
 99.725 -0.945773
 99.75 -0.945709
 99.775 -0.945646
 99.8 -0.945582
 99.825 -0.945518
 99.85 -0.945454
 99.875 -0.94539
 99.9 -0.945325
 99.925 -0.94526
 99.95 -0.945195
 99.975 -0.945129
 100 -0.945063
