4001 2
 0 0
 0.025 0.0958478
 0.05 0.18253
 0.075 0.261753
 0.1 0.334854
 0.125 0.402886
 0.15 0.466682
 0.175 0.526907
 0.2 0.584094
 0.225 0.638673
 0.25 0.690991
 0.275 0.741335
 0.3 0.789941
 0.325 0.837002
 0.35 0.882682
 0.375 0.92712
 0.4 0.970431
 0.425 1.01272
 0.45 1.05406
 0.475 1.09454
 0.5 1.13422
 0.525 1.17316
 0.55 1.2114
 0.575 1.249
 0.6 1.28599
 0.625 1.32241
 0.65 1.35829
 0.675 1.39367
 0.7 1.42856
 0.725 1.463
 0.75 1.497
 0.775 1.5306
 0.8 1.5638
 0.825 1.59662
 0.85 1.62909
 0.875 1.66121
 0.9 1.693
 0.925 1.72448
 0.95 1.75566
 0.975 1.78654
 1 1.81715
 1.025 1.84749
 1.05 1.87756
 1.075 1.90739
 1.1 1.93698
 1.125 1.96633
 1.15 1.99547
 1.175 2.02438
 1.2 2.05308
 1.225 2.08158
 1.25 2.10989
 1.275 2.138
 1.3 2.16594
 1.325 2.19369
 1.35 2.22127
 1.375 2.24869
 1.4 2.27594
 1.425 2.30303
 1.45 2.32997
 1.475 2.35677
 1.5 2.38342
 1.525 2.40993
 1.55 2.4363
 1.575 2.46255
 1.6 2.48866
 1.625 2.51465
 1.65 2.54052
 1.675 2.56628
 1.7 2.59192
 1.725 2.61745
 1.75 2.64287
 1.775 2.66818
 1.8 2.69339
 1.825 2.71851
 1.85 2.74353
 1.875 2.76846
 1.9 2.79329
 1.925 2.81804
 1.95 2.8427
 1.975 2.86727
 2 2.89177
 2.025 2.91619
 2.05 2.94053
 2.075 2.9648
 2.1 2.98899
 2.125 3.01312
 2.15 3.03717
 2.175 3.06116
 2.2 3.08509
 2.225 3.10895
 2.25 3.13276
 2.275 3.15651
 2.3 3.1802
 2.325 3.20383
 2.35 3.22741
 2.375 3.25094
 2.4 3.27443
 2.425 3.29786
 2.45 3.32125
 2.475 3.34459
 2.5 3.36789
 2.525 3.39115
 2.55 3.41437
 2.575 3.43756
 2.6 3.4607
 2.625 3.48381
 2.65 3.50689
 2.675 3.52993
 2.7 3.55295
 2.725 3.57593
 2.75 3.59889
 2.775 3.62181
 2.8 3.64472
 2.825 3.6676
 2.85 3.69046
 2.875 3.71329
 2.9 3.73611
 2.925 3.75891
 2.95 3.78169
 2.975 3.80446
 3 3.82721
 3.025 3.84995
 3.05 3.87267
 3.075 3.89539
 3.1 3.9181
 3.125 3.9408
 3.15 3.96349
 3.175 3.98618
 3.2 4.00886
 3.225 4.03154
 3.25 4.05421
 3.275 4.07689
 3.3 4.09956
 3.325 4.12224
 3.35 4.14492
 3.375 4.16761
 3.4 4.1903
 3.425 4.213
 3.45 4.23571
 3.475 4.25842
 3.5 4.28114
 3.525 4.30388
 3.55 4.32663
 3.575 4.3494
 3.6 4.37218
 3.625 4.39498
 3.65 4.41779
 3.675 4.44062
 3.7 4.46347
 3.725 4.48635
 3.75 4.50924
 3.775 4.53217
 3.8 4.55512
 3.825 4.57809
 3.85 4.60109
 3.875 4.62412
 3.9 4.64718
 3.925 4.67027
 3.95 4.6934
 3.975 4.71656
 4 4.73976
 4.025 4.76299
 4.05 4.78627
 4.075 4.80958
 4.1 4.83293
 4.125 4.85632
 4.15 4.87976
 4.175 4.90325
 4.2 4.92678
 4.225 4.95036
 4.25 4.97399
 4.275 4.99767
 4.3 5.0214
 4.325 5.04519
 4.35 5.06903
 4.375 5.09293
 4.4 5.11689
 4.425 5.14091
 4.45 5.16499
 4.475 5.18914
 4.5 5.21335
 4.525 5.23762
 4.55 5.26197
 4.575 5.28638
 4.6 5.31087
 4.625 5.33543
 4.65 5.36007
 4.675 5.38478
 4.7 5.40957
 4.725 5.43445
 4.75 5.4594
 4.775 5.48444
 4.8 5.50957
 4.825 5.53478
 4.85 5.56009
 4.875 5.58549
 4.9 5.61098
 4.925 5.63657
 4.95 5.66225
 4.975 5.68804
 5 5.71393
 5.025 5.73993
 5.05 5.76604
 5.075 5.79226
 5.1 5.81858
 5.125 5.84502
 5.15 5.87158
 5.175 5.89826
 5.2 5.92506
 5.225 5.95199
 5.25 5.97904
 5.275 6.00623
 5.3 6.03354
 5.325 6.061
 5.35 6.08859
 5.375 6.11632
 5.4 6.1442
 5.425 6.17223
 5.45 6.20041
 5.475 6.22874
 5.5 6.25723
 5.525 6.28587
 5.55 6.31469
 5.575 6.34367
 5.6 6.37283
 5.625 6.40216
 5.65 6.43167
 5.675 6.46136
 5.7 6.49123
 5.725 6.5213
 5.75 6.55157
 5.775 6.58203
 5.8 6.6127
 5.825 6.64358
 5.85 6.67466
 5.875 6.70597
 5.9 6.7375
 5.925 6.76926
 5.95 6.80125
 5.975 6.83348
 6 6.86595
 6.025 6.89867
 6.05 6.93165
 6.075 6.96488
 6.1 6.99839
 6.125 7.03216
 6.15 7.06622
 6.175 7.10056
 6.2 7.1352
 6.225 7.17014
 6.25 7.20539
 6.275 7.24095
 6.3 7.27683
 6.325 7.31304
 6.35 7.3496
 6.375 7.3865
 6.4 7.42376
 6.425 7.46138
 6.45 7.49939
 6.475 7.53777
 6.5 7.57656
 6.525 7.61574
 6.55 7.65535
 6.575 7.69538
 6.6 7.73585
 6.625 7.77678
 6.65 7.81817
 6.675 7.86004
 6.7 7.9024
 6.725 7.94526
 6.75 7.98865
 6.775 8.03256
 6.8 8.07703
 6.825 8.12207
 6.85 8.16769
 6.875 8.21392
 6.9 8.26077
 6.925 8.30825
 6.95 8.3564
 6.975 8.40523
 7 8.45476
 7.025 8.50503
 7.05 8.55604
 7.075 8.60783
 7.1 8.66043
 7.125 8.71385
 7.15 8.76814
 7.175 8.82332
 7.2 8.87942
 7.225 8.93648
 7.25 8.99453
 7.275 9.05361
 7.3 9.11376
 7.325 9.17502
 7.35 9.23744
 7.375 9.30105
 7.4 9.36592
 7.425 9.43209
 7.45 9.49961
 7.475 9.56855
 7.5 9.63897
 7.525 9.71092
 7.55 9.78449
 7.575 9.85973
 7.6 9.93675
 7.625 10.0156
 7.65 10.0964
 7.675 10.1792
 7.7 10.2642
 7.725 10.3514
 7.75 10.4409
 7.775 10.533
 7.8 10.6277
 7.825 10.7251
 7.85 10.8255
 7.875 10.9289
 7.9 11.0357
 7.925 11.1459
 7.95 11.2599
 7.975 11.3778
 8 11.4998
 8.025 11.6264
 8.05 11.7578
 8.075 11.8943
 8.1 12.0363
 8.125 12.1843
 8.15 12.3386
 8.175 12.4999
 8.2 12.6686
 8.225 12.8454
 8.25 13.0311
 8.275 13.2263
 8.3 13.4321
 8.325 13.6493
 8.35 13.8793
 8.375 14.1233
 8.4 14.3828
 8.425 14.6595
 8.45 14.9555
 8.475 15.2731
 8.5 15.6151
 8.525 15.9845
 8.55 16.3854
 8.575 16.8221
 8.6 17.3
 8.625 17.8257
 8.65 18.4071
 8.675 19.0537
 8.7 19.7775
 8.725 20.593
 8.75 21.5185
 8.775 22.5764
 8.8 23.7949
 8.825 25.2088
 8.85 26.8602
 8.875 28.7988
 8.9 31.079
 8.925 33.7519
 8.95 36.8471
 8.975 40.3436
 9 44.1413
 9.025 48.0651
 9.05 51.912
 9.075 55.5029
 9.1 58.7127
 9.125 61.4771
 9.15 63.7822
 9.175 65.6461
 9.2 67.1031
 9.225 68.1926
 9.25 68.9529
 9.275 69.4196
 9.3 69.6249
 9.325 69.5982
 9.35 69.3668
 9.375 68.9557
 9.4 68.3886
 9.425 67.6874
 9.45 66.8728
 9.475 65.9637
 9.5 64.9777
 9.525 63.9309
 9.55 62.8382
 9.575 61.7129
 9.6 60.5672
 9.625 59.4123
 9.65 58.2579
 9.675 57.1131
 9.7 55.9855
 9.725 54.8819
 9.75 53.8078
 9.775 52.7678
 9.8 51.765
 9.825 50.8016
 9.85 49.8789
 9.875 48.9971
 9.9 48.1558
 9.925 47.3538
 9.95 46.5897
 9.975 45.8613
 10 45.1663
 10.025 44.5022
 10.05 43.8662
 10.075 43.2558
 10.1 42.6684
 10.125 42.1016
 10.15 41.5531
 10.175 41.0209
 10.2 40.5031
 10.225 39.9982
 10.25 39.5045
 10.275 39.021
 10.3 38.5464
 10.325 38.08
 10.35 37.621
 10.375 37.1687
 10.4 36.7226
 10.425 36.2823
 10.45 35.8476
 10.475 35.4182
 10.5 34.9938
 10.525 34.5745
 10.55 34.1601
 10.575 33.7507
 10.6 33.346
 10.625 32.9463
 10.65 32.5515
 10.675 32.1616
 10.7 31.7766
 10.725 31.3966
 10.75 31.0216
 10.775 30.6517
 10.8 30.2868
 10.825 29.927
 10.85 29.5723
 10.875 29.2227
 10.9 28.8781
 10.925 28.5387
 10.95 28.2043
 10.975 27.8749
 11 27.5506
 11.025 27.2312
 11.05 26.9168
 11.075 26.6072
 11.1 26.3026
 11.125 26.0027
 11.15 25.7077
 11.175 25.4173
 11.2 25.1316
 11.225 24.8505
 11.25 24.574
 11.275 24.302
 11.3 24.0345
 11.325 23.7713
 11.35 23.5126
 11.375 23.2581
 11.4 23.0078
 11.425 22.7618
 11.45 22.5199
 11.475 22.2822
 11.5 22.0484
 11.525 21.8187
 11.55 21.593
 11.575 21.3712
 11.6 21.1533
 11.625 20.9392
 11.65 20.7289
 11.675 20.5224
 11.7 20.3196
 11.725 20.1205
 11.75 19.925
 11.775 19.7331
 11.8 19.5448
 11.825 19.36
 11.85 19.1788
 11.875 19.001
 11.9 18.8266
 11.925 18.6556
 11.95 18.488
 11.975 18.3237
 12 18.1627
 12.025 18.0049
 12.05 17.8503
 12.075 17.699
 12.1 17.5507
 12.125 17.4056
 12.15 17.2635
 12.175 17.1245
 12.2 16.9885
 12.225 16.8555
 12.25 16.7254
 12.275 16.5982
 12.3 16.4738
 12.325 16.3523
 12.35 16.2335
 12.375 16.1175
 12.4 16.0042
 12.425 15.8936
 12.45 15.7856
 12.475 15.6803
 12.5 15.5775
 12.525 15.4773
 12.55 15.3795
 12.575 15.2842
 12.6 15.1914
 12.625 15.101
 12.65 15.0129
 12.675 14.9272
 12.7 14.8438
 12.725 14.7626
 12.75 14.6837
 12.775 14.607
 12.8 14.5325
 12.825 14.4602
 12.85 14.39
 12.875 14.3218
 12.9 14.2558
 12.925 14.1918
 12.95 14.1299
 12.975 14.0699
 13 14.0119
 13.025 13.9559
 13.05 13.9019
 13.075 13.8497
 13.1 13.7995
 13.125 13.7511
 13.15 13.7046
 13.175 13.66
 13.2 13.6172
 13.225 13.5763
 13.25 13.5371
 13.275 13.4998
 13.3 13.4642
 13.325 13.4304
 13.35 13.3984
 13.375 13.3682
 13.4 13.3398
 13.425 13.3131
 13.45 13.2882
 13.475 13.265
 13.5 13.2436
 13.525 13.224
 13.55 13.2061
 13.575 13.19
 13.6 13.1756
 13.625 13.1631
 13.65 13.1523
 13.675 13.1433
 13.7 13.1361
 13.725 13.1308
 13.75 13.1273
 13.775 13.1256
 13.8 13.1258
 13.825 13.1279
 13.85 13.1318
 13.875 13.1377
 13.9 13.1456
 13.925 13.1554
 13.95 13.1673
 13.975 13.1811
 14 13.1971
 14.025 13.2151
 14.05 13.2353
 14.075 13.2576
 14.1 13.2822
 14.125 13.309
 14.15 13.3381
 14.175 13.3696
 14.2 13.4035
 14.225 13.4399
 14.25 13.4788
 14.275 13.5203
 14.3 13.5644
 14.325 13.6113
 14.35 13.661
 14.375 13.7135
 14.4 13.7691
 14.425 13.8277
 14.45 13.8895
 14.475 13.9546
 14.5 14.023
 14.525 14.0949
 14.55 14.1705
 14.575 14.2498
 14.6 14.3331
 14.625 14.4203
 14.65 14.5119
 14.675 14.6078
 14.7 14.7083
 14.725 14.8136
 14.75 14.924
 14.775 15.0395
 14.8 15.1607
 14.825 15.2876
 14.85 15.4205
 14.875 15.56
 14.9 15.7061
 14.925 15.8595
 14.95 16.0204
 14.975 16.1893
 15 16.3668
 15.025 16.5534
 15.05 16.7496
 15.075 16.9562
 15.1 17.174
 15.125 17.4036
 15.15 17.646
 15.175 17.9022
 15.2 18.1733
 15.225 18.4605
 15.25 18.7653
 15.275 19.0891
 15.3 19.4338
 15.325 19.8012
 15.35 20.1935
 15.375 20.6131
 15.4 21.0629
 15.425 21.5459
 15.45 22.0657
 15.475 22.626
 15.5 23.2315
 15.525 23.8868
 15.55 24.5974
 15.575 25.3693
 15.6 26.2087
 15.625 27.1222
 15.65 28.1167
 15.675 29.1982
 15.7 30.3722
 15.725 31.6416
 15.75 33.0064
 15.775 34.461
 15.8 35.9933
 15.825 37.5824
 15.85 39.1986
 15.875 40.8044
 15.9 42.3582
 15.925 43.8185
 15.95 45.1486
 15.975 46.3198
 16 47.3129
 16.025 48.118
 16.05 48.7332
 16.075 49.163
 16.1 49.4166
 16.125 49.506
 16.15 49.4451
 16.175 49.2488
 16.2 48.9319
 16.225 48.5092
 16.25 47.9949
 16.275 47.4025
 16.3 46.7446
 16.325 46.0332
 16.35 45.2792
 16.375 44.4927
 16.4 43.6828
 16.425 42.8576
 16.45 42.0245
 16.475 41.1899
 16.5 40.3594
 16.525 39.5375
 16.55 38.7282
 16.575 37.9347
 16.6 37.1595
 16.625 36.4045
 16.65 35.671
 16.675 34.9601
 16.7 34.2722
 16.725 33.6076
 16.75 32.9664
 16.775 32.3483
 16.8 31.7529
 16.825 31.1798
 16.85 30.6283
 16.875 30.0979
 16.9 29.5879
 16.925 29.0975
 16.95 28.6262
 16.975 28.1732
 17 27.7377
 17.025 27.3192
 17.05 26.917
 17.075 26.5305
 17.1 26.159
 17.125 25.8021
 17.15 25.4591
 17.175 25.1295
 17.2 24.8129
 17.225 24.5088
 17.25 24.2168
 17.275 23.9363
 17.3 23.6671
 17.325 23.4088
 17.35 23.161
 17.375 22.9234
 17.4 22.6956
 17.425 22.4774
 17.45 22.2684
 17.475 22.0685
 17.5 21.8773
 17.525 21.6945
 17.55 21.5201
 17.575 21.3537
 17.6 21.1951
 17.625 21.0442
 17.65 20.9008
 17.675 20.7647
 17.7 20.6357
 17.725 20.5138
 17.75 20.3987
 17.775 20.2904
 17.8 20.1888
 17.825 20.0936
 17.85 20.0049
 17.875 19.9225
 17.9 19.8462
 17.925 19.7761
 17.95 19.7121
 17.975 19.6539
 18 19.6017
 18.025 19.5552
 18.05 19.5145
 18.075 19.4795
 18.1 19.4501
 18.125 19.4262
 18.15 19.4079
 18.175 19.395
 18.2 19.3876
 18.225 19.3856
 18.25 19.3891
 18.275 19.3979
 18.3 19.4121
 18.325 19.4318
 18.35 19.4568
 18.375 19.4873
 18.4 19.5232
 18.425 19.5645
 18.45 19.6114
 18.475 19.6639
 18.5 19.722
 18.525 19.7858
 18.55 19.8553
 18.575 19.9307
 18.6 20.012
 18.625 20.0993
 18.65 20.1928
 18.675 20.2926
 18.7 20.3988
 18.725 20.5116
 18.75 20.6312
 18.775 20.7576
 18.8 20.8912
 18.825 21.0321
 18.85 21.1805
 18.875 21.3367
 18.9 21.501
 18.925 21.6736
 18.95 21.8548
 18.975 22.0449
 19 22.2443
 19.025 22.4533
 19.05 22.6723
 19.075 22.9017
 19.1 23.1418
 19.125 23.3932
 19.15 23.6562
 19.175 23.9313
 19.2 24.219
 19.225 24.5197
 19.25 24.8341
 19.275 25.1624
 19.3 25.5052
 19.325 25.863
 19.35 26.2361
 19.375 26.6249
 19.4 27.0297
 19.425 27.4507
 19.45 27.8879
 19.475 28.3413
 19.5 28.8107
 19.525 29.2954
 19.55 29.7948
 19.575 30.3078
 19.6 30.833
 19.625 31.3684
 19.65 31.9119
 19.675 32.4607
 19.7 33.0115
 19.725 33.5607
 19.75 34.1041
 19.775 34.6372
 19.8 35.1551
 19.825 35.6531
 19.85 36.126
 19.875 36.5691
 19.9 36.9778
 19.925 37.348
 19.95 37.6764
 19.975 37.9601
 20 38.197
 20.025 38.386
 20.05 38.5266
 20.075 38.619
 20.1 38.6641
 20.125 38.6635
 20.15 38.6192
 20.175 38.5337
 20.2 38.4095
 20.225 38.2497
 20.25 38.0573
 20.275 37.8355
 20.3 37.5873
 20.325 37.3158
 20.35 37.024
 20.375 36.7148
 20.4 36.3907
 20.425 36.0544
 20.45 35.7082
 20.475 35.3542
 20.5 34.9943
 20.525 34.6305
 20.55 34.2642
 20.575 33.8969
 20.6 33.5299
 20.625 33.1643
 20.65 32.8012
 20.675 32.4413
 20.7 32.0854
 20.725 31.7343
 20.75 31.3883
 20.775 31.0481
 20.8 30.7139
 20.825 30.3862
 20.85 30.0652
 20.875 29.7511
 20.9 29.4441
 20.925 29.1443
 20.95 28.8518
 20.975 28.5667
 21 28.289
 21.025 28.0187
 21.05 27.7559
 21.075 27.5005
 21.1 27.2525
 21.125 27.0119
 21.15 26.7785
 21.175 26.5524
 21.2 26.3334
 21.225 26.1215
 21.25 25.9166
 21.275 25.7186
 21.3 25.5275
 21.325 25.343
 21.35 25.1653
 21.375 24.9941
 21.4 24.8293
 21.425 24.6709
 21.45 24.5188
 21.475 24.3729
 21.5 24.233
 21.525 24.0992
 21.55 23.9712
 21.575 23.8491
 21.6 23.7327
 21.625 23.622
 21.65 23.5168
 21.675 23.4172
 21.7 23.3229
 21.725 23.234
 21.75 23.1503
 21.775 23.0718
 21.8 22.9985
 21.825 22.9302
 21.85 22.867
 21.875 22.8086
 21.9 22.7552
 21.925 22.7066
 21.95 22.6628
 21.975 22.6237
 22 22.5893
 22.025 22.5596
 22.05 22.5345
 22.075 22.5139
 22.1 22.4979
 22.125 22.4865
 22.15 22.4795
 22.175 22.477
 22.2 22.479
 22.225 22.4855
 22.25 22.4964
 22.275 22.5118
 22.3 22.5317
 22.325 22.5561
 22.35 22.585
 22.375 22.6185
 22.4 22.6566
 22.425 22.6992
 22.45 22.7465
 22.475 22.7986
 22.5 22.8553
 22.525 22.9169
 22.55 22.9833
 22.575 23.0546
 22.6 23.1309
 22.625 23.2122
 22.65 23.2987
 22.675 23.3903
 22.7 23.4873
 22.725 23.5897
 22.75 23.6975
 22.775 23.811
 22.8 23.9301
 22.825 24.055
 22.85 24.1859
 22.875 24.3228
 22.9 24.4658
 22.925 24.6152
 22.95 24.7709
 22.975 24.9331
 23 25.102
 23.025 25.2777
 23.05 25.4603
 23.075 25.6498
 23.1 25.8464
 23.125 26.0502
 23.15 26.2613
 23.175 26.4796
 23.2 26.7053
 23.225 26.9384
 23.25 27.1788
 23.275 27.4265
 23.3 27.6813
 23.325 27.9432
 23.35 28.2119
 23.375 28.4871
 23.4 28.7686
 23.425 29.0559
 23.45 29.3486
 23.475 29.646
 23.5 29.9474
 23.525 30.2522
 23.55 30.5593
 23.575 30.8677
 23.6 31.1765
 23.625 31.4842
 23.65 31.7897
 23.675 32.0914
 23.7 32.3879
 23.725 32.6776
 23.75 32.9589
 23.775 33.2301
 23.8 33.4896
 23.825 33.7357
 23.85 33.9669
 23.875 34.1818
 23.9 34.3789
 23.925 34.557
 23.95 34.7152
 23.975 34.8524
 24 34.9679
 24.025 35.0614
 24.05 35.1324
 24.075 35.1809
 24.1 35.207
 24.125 35.2109
 24.15 35.1932
 24.175 35.1543
 24.2 35.0951
 24.225 35.0163
 24.25 34.919
 24.275 34.8041
 24.3 34.6728
 24.325 34.5261
 24.35 34.3651
 24.375 34.1911
 24.4 34.0052
 24.425 33.8084
 24.45 33.6019
 24.475 33.3868
 24.5 33.1641
 24.525 32.9348
 24.55 32.6998
 24.575 32.4599
 24.6 32.2161
 24.625 31.969
 24.65 31.7195
 24.675 31.4681
 24.7 31.2156
 24.725 30.9624
 24.75 30.7091
 24.775 30.4562
 24.8 30.2042
 24.825 29.9534
 24.85 29.7041
 24.875 29.4568
 24.9 29.2117
 24.925 28.9691
 24.95 28.7292
 24.975 28.4923
 25 28.2585
 25.025 28.028
 25.05 27.801
 25.075 27.5775
 25.1 27.3578
 25.125 27.1419
 25.15 26.9299
 25.175 26.7219
 25.2 26.518
 25.225 26.3182
 25.25 26.1225
 25.275 25.9311
 25.3 25.7439
 25.325 25.561
 25.35 25.3824
 25.375 25.2081
 25.4 25.0381
 25.425 24.8725
 25.45 24.7112
 25.475 24.5543
 25.5 24.4017
 25.525 24.2535
 25.55 24.1096
 25.575 23.9701
 25.6 23.8349
 25.625 23.704
 25.65 23.5774
 25.675 23.4551
 25.7 23.3371
 25.725 23.2233
 25.75 23.1138
 25.775 23.0086
 25.8 22.9076
 25.825 22.8108
 25.85 22.7182
 25.875 22.6298
 25.9 22.5456
 25.925 22.4656
 25.95 22.3897
 25.975 22.318
 26 22.2504
 26.025 22.1869
 26.05 22.1276
 26.075 22.0724
 26.1 22.0213
 26.125 21.9744
 26.15 21.9315
 26.175 21.8928
 26.2 21.8582
 26.225 21.8278
 26.25 21.8015
 26.275 21.7794
 26.3 21.7614
 26.325 21.7477
 26.35 21.7382
 26.375 21.7329
 26.4 21.732
 26.425 21.7353
 26.45 21.743
 26.475 21.7552
 26.5 21.7718
 26.525 21.7929
 26.55 21.8185
 26.575 21.8489
 26.6 21.8839
 26.625 21.9237
 26.65 21.9684
 26.675 22.018
 26.7 22.0727
 26.725 22.1326
 26.75 22.1977
 26.775 22.2682
 26.8 22.3443
 26.825 22.426
 26.85 22.5135
 26.875 22.607
 26.9 22.7067
 26.925 22.8126
 26.95 22.9251
 26.975 23.0442
 27 23.1702
 27.025 23.3034
 27.05 23.4439
 27.075 23.592
 27.1 23.748
 27.125 23.9121
 27.15 24.0845
 27.175 24.2657
 27.2 24.4558
 27.225 24.6552
 27.25 24.8642
 27.275 25.0831
 27.3 25.3123
 27.325 25.552
 27.35 25.8025
 27.375 26.0642
 27.4 26.3373
 27.425 26.6221
 27.45 26.9188
 27.475 27.2277
 27.5 27.5487
 27.525 27.8821
 27.55 28.2277
 27.575 28.5855
 27.6 28.9551
 27.625 29.3362
 27.65 29.7283
 27.675 30.1305
 27.7 30.542
 27.725 30.9614
 27.75 31.3874
 27.775 31.8183
 27.8 32.252
 27.825 32.6862
 27.85 33.1184
 27.875 33.5458
 27.9 33.9654
 27.925 34.3739
 27.95 34.7682
 27.975 35.145
 28 35.5008
 28.025 35.8328
 28.05 36.1379
 28.075 36.4135
 28.1 36.6575
 28.125 36.868
 28.15 37.0435
 28.175 37.1833
 28.2 37.2867
 28.225 37.3538
 28.25 37.385
 28.275 37.3811
 28.3 37.3432
 28.325 37.2727
 28.35 37.1711
 28.375 37.0405
 28.4 36.8826
 28.425 36.6996
 28.45 36.4935
 28.475 36.2664
 28.5 36.0205
 28.525 35.7577
 28.55 35.48
 28.575 35.1893
 28.6 34.8875
 28.625 34.5761
 28.65 34.2568
 28.675 33.931
 28.7 33.6001
 28.725 33.2653
 28.75 32.9278
 28.775 32.5886
 28.8 32.2485
 28.825 31.9085
 28.85 31.5692
 28.875 31.2314
 28.9 30.8956
 28.925 30.5623
 28.95 30.2319
 28.975 29.9049
 29 29.5816
 29.025 29.2623
 29.05 28.9472
 29.075 28.6366
 29.1 28.3306
 29.125 28.0294
 29.15 27.7331
 29.175 27.4418
 29.2 27.1557
 29.225 26.8746
 29.25 26.5988
 29.275 26.3282
 29.3 26.0629
 29.325 25.8029
 29.35 25.5481
 29.375 25.2987
 29.4 25.0545
 29.425 24.8155
 29.45 24.5819
 29.475 24.3534
 29.5 24.1302
 29.525 23.9121
 29.55 23.6991
 29.575 23.4913
 29.6 23.2885
 29.625 23.0908
 29.65 22.8981
 29.675 22.7103
 29.7 22.5275
 29.725 22.3495
 29.75 22.1764
 29.775 22.0082
 29.8 21.8446
 29.825 21.6859
 29.85 21.5318
 29.875 21.3824
 29.9 21.2376
 29.925 21.0974
 29.95 20.9617
 29.975 20.8305
 30 20.7038
 30.025 20.5816
 30.05 20.4637
 30.075 20.3502
 30.1 20.241
 30.125 20.1361
 30.15 20.0355
 30.175 19.9391
 30.2 19.8469
 30.225 19.7589
 30.25 19.675
 30.275 19.5952
 30.3 19.5195
 30.325 19.4478
 30.35 19.3802
 30.375 19.3166
 30.4 19.257
 30.425 19.2014
 30.45 19.1497
 30.475 19.1019
 30.5 19.0581
 30.525 19.0182
 30.55 18.9822
 30.575 18.9501
 30.6 18.922
 30.625 18.8977
 30.65 18.8773
 30.675 18.8608
 30.7 18.8482
 30.725 18.8396
 30.75 18.8349
 30.775 18.8342
 30.8 18.8375
 30.825 18.8448
 30.85 18.8561
 30.875 18.8715
 30.9 18.8911
 30.925 18.9148
 30.95 18.9428
 30.975 18.975
 31 19.0117
 31.025 19.0527
 31.05 19.0983
 31.075 19.1485
 31.1 19.2034
 31.125 19.2631
 31.15 19.3277
 31.175 19.3973
 31.2 19.4722
 31.225 19.5524
 31.25 19.6381
 31.275 19.7294
 31.3 19.8267
 31.325 19.9299
 31.35 20.0395
 31.375 20.1556
 31.4 20.2785
 31.425 20.4085
 31.45 20.5458
 31.475 20.6908
 31.5 20.8439
 31.525 21.0054
 31.55 21.1758
 31.575 21.3554
 31.6 21.5447
 31.625 21.7444
 31.65 21.9548
 31.675 22.1767
 31.7 22.4106
 31.725 22.6573
 31.75 22.9174
 31.775 23.1917
 31.8 23.4812
 31.825 23.7865
 31.85 24.1088
 31.875 24.4489
 31.9 24.8079
 31.925 25.1869
 31.95 25.5869
 31.975 26.009
 32 26.4543
 32.025 26.9238
 32.05 27.4186
 32.075 27.9394
 32.1 28.487
 32.125 29.0616
 32.15 29.6634
 32.175 30.292
 32.2 30.9463
 32.225 31.6246
 32.25 32.3246
 32.275 33.0425
 32.3 33.774
 32.325 34.5133
 32.35 35.2537
 32.375 35.9872
 32.4 36.7054
 32.425 37.3991
 32.45 38.059
 32.475 38.6762
 32.5 39.2422
 32.525 39.7499
 32.55 40.1933
 32.575 40.5681
 32.6 40.8715
 32.625 41.1021
 32.65 41.2602
 32.675 41.3472
 32.7 41.3655
 32.725 41.3185
 32.75 41.2103
 32.775 41.0452
 32.8 40.828
 32.825 40.5636
 32.85 40.2571
 32.875 39.9132
 32.9 39.5367
 32.925 39.1323
 32.95 38.7042
 32.975 38.2564
 33 37.7928
 33.025 37.3167
 33.05 36.8313
 33.075 36.3394
 33.1 35.8435
 33.125 35.3457
 33.15 34.848
 33.175 34.3521
 33.2 33.8594
 33.225 33.3711
 33.25 32.8881
 33.275 32.4115
 33.3 31.9417
 33.325 31.4795
 33.35 31.0251
 33.375 30.579
 33.4 30.1414
 33.425 29.7124
 33.45 29.2921
 33.475 28.8806
 33.5 28.4779
 33.525 28.084
 33.55 27.6987
 33.575 27.3221
 33.6 26.9539
 33.625 26.5941
 33.65 26.2426
 33.675 25.8992
 33.7 25.5637
 33.725 25.236
 33.75 24.916
 33.775 24.6036
 33.8 24.2984
 33.825 24.0006
 33.85 23.7098
 33.875 23.4259
 33.9 23.1488
 33.925 22.8784
 33.95 22.6145
 33.975 22.357
 34 22.1058
 34.025 21.8608
 34.05 21.6218
 34.075 21.3888
 34.1 21.1616
 34.125 20.9401
 34.15 20.7242
 34.175 20.5139
 34.2 20.3089
 34.225 20.1093
 34.25 19.9149
 34.275 19.7257
 34.3 19.5415
 34.325 19.3624
 34.35 19.188
 34.375 19.0185
 34.4 18.8538
 34.425 18.6936
 34.45 18.5381
 34.475 18.387
 34.5 18.2404
 34.525 18.098
 34.55 17.96
 34.575 17.8262
 34.6 17.6965
 34.625 17.5708
 34.65 17.4491
 34.675 17.3314
 34.7 17.2175
 34.725 17.1074
 34.75 17.001
 34.775 16.8983
 34.8 16.7992
 34.825 16.7036
 34.85 16.6115
 34.875 16.5228
 34.9 16.4374
 34.925 16.3554
 34.95 16.2766
 34.975 16.201
 35 16.1285
 35.025 16.0592
 35.05 15.9928
 35.075 15.9294
 35.1 15.869
 35.125 15.8115
 35.15 15.7568
 35.175 15.7049
 35.2 15.6557
 35.225 15.6093
 35.25 15.5656
 35.275 15.5244
 35.3 15.4859
 35.325 15.4499
 35.35 15.4165
 35.375 15.3856
 35.4 15.3571
 35.425 15.3311
 35.45 15.3074
 35.475 15.2862
 35.5 15.2673
 35.525 15.2508
 35.55 15.2365
 35.575 15.2246
 35.6 15.2149
 35.625 15.2075
 35.65 15.2023
 35.675 15.1994
 35.7 15.1987
 35.725 15.2002
 35.75 15.204
 35.775 15.2099
 35.8 15.218
 35.825 15.2284
 35.85 15.241
 35.875 15.2558
 35.9 15.2728
 35.925 15.292
 35.95 15.3135
 35.975 15.3373
 36 15.3634
 36.025 15.3917
 36.05 15.4224
 36.075 15.4555
 36.1 15.4909
 36.125 15.5288
 36.15 15.5692
 36.175 15.612
 36.2 15.6574
 36.225 15.7055
 36.25 15.7562
 36.275 15.8097
 36.3 15.8659
 36.325 15.9251
 36.35 15.9872
 36.375 16.0524
 36.4 16.1207
 36.425 16.1923
 36.45 16.2672
 36.475 16.3456
 36.5 16.4277
 36.525 16.5135
 36.55 16.6032
 36.575 16.697
 36.6 16.7951
 36.625 16.8976
 36.65 17.0048
 36.675 17.1169
 36.7 17.2342
 36.725 17.3568
 36.75 17.4852
 36.775 17.6195
 36.8 17.7603
 36.825 17.9078
 36.85 18.0624
 36.875 18.2246
 36.9 18.3949
 36.925 18.5739
 36.95 18.762
 36.975 18.96
 37 19.1685
 37.025 19.3884
 37.05 19.6204
 37.075 19.8655
 37.1 20.1248
 37.125 20.3994
 37.15 20.6905
 37.175 20.9995
 37.2 21.328
 37.225 21.6776
 37.25 22.0503
 37.275 22.4482
 37.3 22.8734
 37.325 23.3285
 37.35 23.8163
 37.375 24.3398
 37.4 24.9022
 37.425 25.507
 37.45 26.1579
 37.475 26.8587
 37.5 27.6132
 37.525 28.425
 37.55 29.2974
 37.575 30.233
 37.6 31.2328
 37.625 32.2963
 37.65 33.4202
 37.675 34.5978
 37.7 35.8183
 37.725 37.0664
 37.75 38.3224
 37.775 39.5628
 37.8 40.7621
 37.825 41.895
 37.85 42.9383
 37.875 43.8728
 37.9 44.6843
 37.925 45.3638
 37.95 45.9074
 37.975 46.3151
 38 46.5907
 38.025 46.7401
 38.05 46.7709
 38.075 46.6919
 38.1 46.5124
 38.125 46.242
 38.15 45.89
 38.175 45.466
 38.2 44.979
 38.225 44.4377
 38.25 43.8505
 38.275 43.2251
 38.3 42.5691
 38.325 41.8891
 38.35 41.1915
 38.375 40.4819
 38.4 39.7655
 38.425 39.0467
 38.45 38.3296
 38.475 37.6176
 38.5 36.9134
 38.525 36.2196
 38.55 35.5381
 38.575 34.8705
 38.6 34.2179
 38.625 33.5813
 38.65 32.9613
 38.675 32.3584
 38.7 31.7728
 38.725 31.2044
 38.75 30.6534
 38.775 30.1196
 38.8 29.6027
 38.825 29.1025
 38.85 28.6185
 38.875 28.1506
 38.9 27.6981
 38.925 27.2609
 38.95 26.8383
 38.975 26.4301
 39 26.0358
 39.025 25.6549
 39.05 25.2871
 39.075 24.9319
 39.1 24.5888
 39.125 24.2576
 39.15 23.9378
 39.175 23.6291
 39.2 23.3309
 39.225 23.043
 39.25 22.765
 39.275 22.4965
 39.3 22.2372
 39.325 21.9868
 39.35 21.7448
 39.375 21.511
 39.4 21.285
 39.425 21.0666
 39.45 20.8555
 39.475 20.6513
 39.5 20.4537
 39.525 20.2626
 39.55 20.0776
 39.575 19.8984
 39.6 19.7249
 39.625 19.5568
 39.65 19.3938
 39.675 19.2358
 39.7 19.0825
 39.725 18.9337
 39.75 18.7892
 39.775 18.6489
 39.8 18.5125
 39.825 18.3798
 39.85 18.2508
 39.875 18.1253
 39.9 18.003
 39.925 17.8839
 39.95 17.7678
 39.975 17.6545
 40 17.5441
 40.025 17.4362
 40.05 17.3309
 40.075 17.2279
 40.1 17.1272
 40.125 17.0288
 40.15 16.9324
 40.175 16.838
 40.2 16.7455
 40.225 16.6548
 40.25 16.5658
 40.275 16.4785
 40.3 16.3928
 40.325 16.3086
 40.35 16.2258
 40.375 16.1444
 40.4 16.0644
 40.425 15.9855
 40.45 15.9079
 40.475 15.8314
 40.5 15.756
 40.525 15.6817
 40.55 15.6083
 40.575 15.536
 40.6 15.4645
 40.625 15.3939
 40.65 15.3241
 40.675 15.2552
 40.7 15.187
 40.725 15.1196
 40.75 15.0529
 40.775 14.9869
 40.8 14.9216
 40.825 14.857
 40.85 14.7929
 40.875 14.7295
 40.9 14.6667
 40.925 14.6044
 40.95 14.5428
 40.975 14.4817
 41 14.4211
 41.025 14.3611
 41.05 14.3016
 41.075 14.2427
 41.1 14.1843
 41.125 14.1264
 41.15 14.069
 41.175 14.0121
 41.2 13.9558
 41.225 13.9
 41.25 13.8447
 41.275 13.7899
 41.3 13.7356
 41.325 13.6819
 41.35 13.6287
 41.375 13.5761
 41.4 13.5239
 41.425 13.4724
 41.45 13.4213
 41.475 13.3709
 41.5 13.321
 41.525 13.2716
 41.55 13.2228
 41.575 13.1747
 41.6 13.127
 41.625 13.08
 41.65 13.0336
 41.675 12.9878
 41.7 12.9426
 41.725 12.898
 41.75 12.8541
 41.775 12.8108
 41.8 12.7681
 41.825 12.726
 41.85 12.6846
 41.875 12.6439
 41.9 12.6038
 41.925 12.5643
 41.95 12.5256
 41.975 12.4875
 42 12.4501
 42.025 12.4134
 42.05 12.3773
 42.075 12.342
 42.1 12.3073
 42.125 12.2733
 42.15 12.2401
 42.175 12.2075
 42.2 12.1757
 42.225 12.1445
 42.25 12.1141
 42.275 12.0844
 42.3 12.0554
 42.325 12.0271
 42.35 11.9995
 42.375 11.9727
 42.4 11.9466
 42.425 11.9212
 42.45 11.8966
 42.475 11.8726
 42.5 11.8495
 42.525 11.827
 42.55 11.8053
 42.575 11.7843
 42.6 11.7641
 42.625 11.7445
 42.65 11.7258
 42.675 11.7077
 42.7 11.6904
 42.725 11.6739
 42.75 11.6581
 42.775 11.643
 42.8 11.6287
 42.825 11.6151
 42.85 11.6023
 42.875 11.5902
 42.9 11.5788
 42.925 11.5682
 42.95 11.5584
 42.975 11.5493
 43 11.5409
 43.025 11.5333
 43.05 11.5265
 43.075 11.5204
 43.1 11.5151
 43.125 11.5105
 43.15 11.5067
 43.175 11.5036
 43.2 11.5014
 43.225 11.4998
 43.25 11.4991
 43.275 11.4991
 43.3 11.4999
 43.325 11.5015
 43.35 11.5039
 43.375 11.507
 43.4 11.511
 43.425 11.5157
 43.45 11.5212
 43.475 11.5275
 43.5 11.5347
 43.525 11.5426
 43.55 11.5514
 43.575 11.561
 43.6 11.5714
 43.625 11.5827
 43.65 11.5948
 43.675 11.6078
 43.7 11.6216
 43.725 11.6363
 43.75 11.6519
 43.775 11.6684
 43.8 11.6858
 43.825 11.7041
 43.85 11.7233
 43.875 11.7435
 43.9 11.7646
 43.925 11.7867
 43.95 11.8098
 43.975 11.8339
 44 11.859
 44.025 11.8852
 44.05 11.9124
 44.075 11.9406
 44.1 11.97
 44.125 12.0005
 44.15 12.0322
 44.175 12.065
 44.2 12.099
 44.225 12.1343
 44.25 12.1708
 44.275 12.2086
 44.3 12.2477
 44.325 12.2882
 44.35 12.3301
 44.375 12.3734
 44.4 12.4183
 44.425 12.4646
 44.45 12.5125
 44.475 12.5621
 44.5 12.6134
 44.525 12.6664
 44.55 12.7212
 44.575 12.7778
 44.6 12.8365
 44.625 12.8971
 44.65 12.9599
 44.675 13.0249
 44.7 13.0921
 44.725 13.1617
 44.75 13.2338
 44.775 13.3086
 44.8 13.386
 44.825 13.4663
 44.85 13.5496
 44.875 13.6361
 44.9 13.7259
 44.925 13.8192
 44.95 13.9161
 44.975 14.017
 45 14.122
 45.025 14.2314
 45.05 14.3455
 45.075 14.4644
 45.1 14.5887
 45.125 14.7185
 45.15 14.8543
 45.175 14.9966
 45.2 15.1457
 45.225 15.3022
 45.25 15.4667
 45.275 15.6398
 45.3 15.8221
 45.325 16.0145
 45.35 16.2179
 45.375 16.4331
 45.4 16.6614
 45.425 16.9039
 45.45 17.162
 45.475 17.4373
 45.5 17.7316
 45.525 18.047
 45.55 18.3857
 45.575 18.7505
 45.6 19.1445
 45.625 19.5712
 45.65 20.0348
 45.675 20.5402
 45.7 21.0929
 45.725 21.6995
 45.75 22.3677
 45.775 23.1064
 45.8 23.9259
 45.825 24.8383
 45.85 25.8572
 45.875 26.9979
 45.9 28.2769
 45.925 29.7113
 45.95 31.3166
 45.975 33.104
 46 35.0753
 46.025 37.2171
 46.05 39.4945
 46.075 41.8486
 46.1 44.2021
 46.125 46.4716
 46.15 48.5817
 46.175 50.4748
 46.2 52.1155
 46.225 53.4895
 46.25 54.598
 46.275 55.4521
 46.3 56.0685
 46.325 56.4662
 46.35 56.6642
 46.375 56.6807
 46.4 56.5326
 46.425 56.2357
 46.45 55.8049
 46.475 55.2544
 46.5 54.5977
 46.525 53.8477
 46.55 53.0171
 46.575 52.1177
 46.6 51.161
 46.625 50.1579
 46.65 49.1186
 46.675 48.0536
 46.7 46.9727
 46.725 45.8849
 46.75 44.798
 46.775 43.719
 46.8 42.6541
 46.825 41.6083
 46.85 40.586
 46.875 39.5907
 46.9 38.6249
 46.925 37.6907
 46.95 36.7895
 46.975 35.922
 47 35.0886
 47.025 34.2894
 47.05 33.524
 47.075 32.7921
 47.1 32.0929
 47.125 31.4258
 47.15 30.7899
 47.175 30.1844
 47.2 29.6084
 47.225 29.0611
 47.25 28.5416
 47.275 28.0487
 47.3 27.5817
 47.325 27.1393
 47.35 26.7206
 47.375 26.3244
 47.4 25.9493
 47.425 25.5943
 47.45 25.258
 47.475 24.9391
 47.5 24.6363
 47.525 24.3483
 47.55 24.074
 47.575 23.8119
 47.6 23.5611
 47.625 23.3203
 47.65 23.0886
 47.675 22.865
 47.7 22.6486
 47.725 22.4386
 47.75 22.2342
 47.775 22.0348
 47.8 21.8397
 47.825 21.6485
 47.85 21.4606
 47.875 21.2756
 47.9 21.0932
 47.925 20.913
 47.95 20.7346
 47.975 20.558
 48 20.3828
 48.025 20.2089
 48.05 20.0362
 48.075 19.8643
 48.1 19.6934
 48.125 19.5231
 48.15 19.3536
 48.175 19.1846
 48.2 19.0162
 48.225 18.8482
 48.25 18.6807
 48.275 18.5135
 48.3 18.3468
 48.325 18.1803
 48.35 18.0142
 48.375 17.8483
 48.4 17.6828
 48.425 17.5175
 48.45 17.3524
 48.475 17.1877
 48.5 17.0232
 48.525 16.8589
 48.55 16.6949
 48.575 16.5312
 48.6 16.3677
 48.625 16.2045
 48.65 16.0416
 48.675 15.879
 48.7 15.7166
 48.725 15.5546
 48.75 15.3929
 48.775 15.2316
 48.8 15.0706
 48.825 14.91
 48.85 14.7498
 48.875 14.59
 48.9 14.4306
 48.925 14.2717
 48.95 14.1133
 48.975 13.9553
 49 13.798
 49.025 13.6411
 49.05 13.4849
 49.075 13.3292
 49.1 13.1742
 49.125 13.0198
 49.15 12.8662
 49.175 12.7133
 49.2 12.5611
 49.225 12.4097
 49.25 12.2591
 49.275 12.1093
 49.3 11.9604
 49.325 11.8124
 49.35 11.6653
 49.375 11.5192
 49.4 11.374
 49.425 11.2299
 49.45 11.0868
 49.475 10.9447
 49.5 10.8037
 49.525 10.6639
 49.55 10.5251
 49.575 10.3875
 49.6 10.2511
 49.625 10.1158
 49.65 9.98178
 49.675 9.84897
 49.7 9.7174
 49.725 9.58708
 49.75 9.45804
 49.775 9.33027
 49.8 9.20381
 49.825 9.07865
 49.85 8.9548
 49.875 8.83228
 49.9 8.71109
 49.925 8.59123
 49.95 8.47272
 49.975 8.35556
 50 8.23974
 50.025 8.12528
 50.05 8.01217
 50.075 7.90042
 50.1 7.79001
 50.125 7.68096
 50.15 7.57326
 50.175 7.46691
 50.2 7.3619
 50.225 7.25823
 50.25 7.1559
 50.275 7.05489
 50.3 6.95521
 50.325 6.85684
 50.35 6.75978
 50.375 6.66402
 50.4 6.56956
 50.425 6.47638
 50.45 6.38448
 50.475 6.29384
 50.5 6.20447
 50.525 6.11634
 50.55 6.02944
 50.575 5.94378
 50.6 5.85933
 50.625 5.77609
 50.65 5.69404
 50.675 5.61318
 50.7 5.53349
 50.725 5.45496
 50.75 5.37758
 50.775 5.30134
 50.8 5.22622
 50.825 5.15222
 50.85 5.07932
 50.875 5.00751
 50.9 4.93678
 50.925 4.86712
 50.95 4.79852
 50.975 4.73095
 51 4.66442
 51.025 4.59891
 51.05 4.5344
 51.075 4.47089
 51.1 4.40836
 51.125 4.3468
 51.15 4.28621
 51.175 4.22656
 51.2 4.16784
 51.225 4.11006
 51.25 4.05318
 51.275 3.99721
 51.3 3.94213
 51.325 3.88792
 51.35 3.83459
 51.375 3.78211
 51.4 3.73047
 51.425 3.67967
 51.45 3.62969
 51.475 3.58053
 51.5 3.53216
 51.525 3.48459
 51.55 3.43779
 51.575 3.39177
 51.6 3.3465
 51.625 3.30199
 51.65 3.25821
 51.675 3.21516
 51.7 3.17283
 51.725 3.13121
 51.75 3.09028
 51.775 3.05005
 51.8 3.01049
 51.825 2.9716
 51.85 2.93338
 51.875 2.8958
 51.9 2.85887
 51.925 2.82257
 51.95 2.78689
 51.975 2.75182
 52 2.71736
 52.025 2.6835
 52.05 2.65022
 52.075 2.61753
 52.1 2.5854
 52.125 2.55384
 52.15 2.52283
 52.175 2.49237
 52.2 2.46245
 52.225 2.43305
 52.25 2.40418
 52.275 2.37582
 52.3 2.34797
 52.325 2.32061
 52.35 2.29375
 52.375 2.26737
 52.4 2.24147
 52.425 2.21604
 52.45 2.19107
 52.475 2.16655
 52.5 2.14248
 52.525 2.11885
 52.55 2.09566
 52.575 2.07289
 52.6 2.05055
 52.625 2.02862
 52.65 2.0071
 52.675 1.98597
 52.7 1.96525
 52.725 1.94491
 52.75 1.92495
 52.775 1.90537
 52.8 1.88617
 52.825 1.86732
 52.85 1.84884
 52.875 1.83071
 52.9 1.81292
 52.925 1.79548
 52.95 1.77837
 52.975 1.7616
 53 1.74515
 53.025 1.72902
 53.05 1.7132
 53.075 1.6977
 53.1 1.6825
 53.125 1.6676
 53.15 1.653
 53.175 1.63868
 53.2 1.62465
 53.225 1.6109
 53.25 1.59743
 53.275 1.58422
 53.3 1.57129
 53.325 1.55861
 53.35 1.5462
 53.375 1.53403
 53.4 1.52212
 53.425 1.51045
 53.45 1.49902
 53.475 1.48783
 53.5 1.47687
 53.525 1.46614
 53.55 1.45563
 53.575 1.44535
 53.6 1.43528
 53.625 1.42542
 53.65 1.41578
 53.675 1.40633
 53.7 1.3971
 53.725 1.38805
 53.75 1.37921
 53.775 1.37055
 53.8 1.36209
 53.825 1.35381
 53.85 1.34571
 53.875 1.33779
 53.9 1.33004
 53.925 1.32247
 53.95 1.31507
 53.975 1.30783
 54 1.30075
 54.025 1.29384
 54.05 1.28708
 54.075 1.28048
 54.1 1.27402
 54.125 1.26772
 54.15 1.26156
 54.175 1.25554
 54.2 1.24967
 54.225 1.24393
 54.25 1.23833
 54.275 1.23286
 54.3 1.22751
 54.325 1.2223
 54.35 1.21721
 54.375 1.21225
 54.4 1.2074
 54.425 1.20267
 54.45 1.19806
 54.475 1.19356
 54.5 1.18918
 54.525 1.1849
 54.55 1.18073
 54.575 1.17666
 54.6 1.1727
 54.625 1.16884
 54.65 1.16507
 54.675 1.16141
 54.7 1.15784
 54.725 1.15436
 54.75 1.15097
 54.775 1.14767
 54.8 1.14446
 54.825 1.14134
 54.85 1.1383
 54.875 1.13534
 54.9 1.13247
 54.925 1.12967
 54.95 1.12695
 54.975 1.12431
 55 1.12174
 55.025 1.11924
 55.05 1.11681
 55.075 1.11446
 55.1 1.11217
 55.125 1.10995
 55.15 1.10779
 55.175 1.1057
 55.2 1.10367
 55.225 1.1017
 55.25 1.09979
 55.275 1.09794
 55.3 1.09615
 55.325 1.09441
 55.35 1.09273
 55.375 1.0911
 55.4 1.08952
 55.425 1.08799
 55.45 1.08651
 55.475 1.08509
 55.5 1.0837
 55.525 1.08237
 55.55 1.08108
 55.575 1.07983
 55.6 1.07863
 55.625 1.07747
 55.65 1.07635
 55.675 1.07527
 55.7 1.07423
 55.725 1.07322
 55.75 1.07226
 55.775 1.07133
 55.8 1.07043
 55.825 1.06957
 55.85 1.06874
 55.875 1.06794
 55.9 1.06718
 55.925 1.06644
 55.95 1.06574
 55.975 1.06506
 56 1.06441
 56.025 1.06379
 56.05 1.0632
 56.075 1.06263
 56.1 1.06208
 56.125 1.06156
 56.15 1.06106
 56.175 1.06059
 56.2 1.06013
 56.225 1.0597
 56.25 1.05929
 56.275 1.0589
 56.3 1.05853
 56.325 1.05817
 56.35 1.05783
 56.375 1.05752
 56.4 1.05721
 56.425 1.05693
 56.45 1.05666
 56.475 1.0564
 56.5 1.05616
 56.525 1.05593
 56.55 1.05571
 56.575 1.05551
 56.6 1.05532
 56.625 1.05514
 56.65 1.05498
 56.675 1.05482
 56.7 1.05467
 56.725 1.05454
 56.75 1.05441
 56.775 1.05429
 56.8 1.05418
 56.825 1.05408
 56.85 1.05398
 56.875 1.0539
 56.9 1.05382
 56.925 1.05374
 56.95 1.05367
 56.975 1.05361
 57 1.05355
 57.025 1.0535
 57.05 1.05345
 57.075 1.0534
 57.1 1.05336
 57.125 1.05332
 57.15 1.05329
 57.175 1.05326
 57.2 1.05323
 57.225 1.0532
 57.25 1.05317
 57.275 1.05315
 57.3 1.05312
 57.325 1.0531
 57.35 1.05308
 57.375 1.05306
 57.4 1.05303
 57.425 1.05301
 57.45 1.05299
 57.475 1.05297
 57.5 1.05294
 57.525 1.05292
 57.55 1.05289
 57.575 1.05286
 57.6 1.05283
 57.625 1.0528
 57.65 1.05276
 57.675 1.05273
 57.7 1.05269
 57.725 1.05265
 57.75 1.0526
 57.775 1.05255
 57.8 1.0525
 57.825 1.05245
 57.85 1.05239
 57.875 1.05233
 57.9 1.05226
 57.925 1.05219
 57.95 1.05212
 57.975 1.05204
 58 1.05196
 58.025 1.05187
 58.05 1.05178
 58.075 1.05168
 58.1 1.05158
 58.125 1.05147
 58.15 1.05135
 58.175 1.05124
 58.2 1.05111
 58.225 1.05098
 58.25 1.05085
 58.275 1.05071
 58.3 1.05056
 58.325 1.05041
 58.35 1.05025
 58.375 1.05008
 58.4 1.04991
 58.425 1.04973
 58.45 1.04954
 58.475 1.04935
 58.5 1.04915
 58.525 1.04895
 58.55 1.04873
 58.575 1.04851
 58.6 1.04829
 58.625 1.04805
 58.65 1.04781
 58.675 1.04756
 58.7 1.04731
 58.725 1.04705
 58.75 1.04678
 58.775 1.0465
 58.8 1.04621
 58.825 1.04592
 58.85 1.04562
 58.875 1.04531
 58.9 1.04499
 58.925 1.04467
 58.95 1.04434
 58.975 1.044
 59 1.04365
 59.025 1.04329
 59.05 1.04293
 59.075 1.04256
 59.1 1.04218
 59.125 1.04179
 59.15 1.04139
 59.175 1.04099
 59.2 1.04057
 59.225 1.04015
 59.25 1.03972
 59.275 1.03929
 59.3 1.03884
 59.325 1.03839
 59.35 1.03792
 59.375 1.03745
 59.4 1.03698
 59.425 1.03649
 59.45 1.03599
 59.475 1.03549
 59.5 1.03498
 59.525 1.03445
 59.55 1.03392
 59.575 1.03339
 59.6 1.03284
 59.625 1.03229
 59.65 1.03172
 59.675 1.03115
 59.7 1.03057
 59.725 1.02999
 59.75 1.02939
 59.775 1.02878
 59.8 1.02817
 59.825 1.02755
 59.85 1.02692
 59.875 1.02628
 59.9 1.02564
 59.925 1.02498
 59.95 1.02432
 59.975 1.02365
 60 1.02297
 60.025 1.02228
 60.05 1.02158
 60.075 1.02088
 60.1 1.02017
 60.125 1.01945
 60.15 1.01872
 60.175 1.01798
 60.2 1.01724
 60.225 1.01649
 60.25 1.01573
 60.275 1.01496
 60.3 1.01418
 60.325 1.0134
 60.35 1.01261
 60.375 1.01181
 60.4 1.011
 60.425 1.01018
 60.45 1.00936
 60.475 1.00853
 60.5 1.00769
 60.525 1.00684
 60.55 1.00599
 60.575 1.00513
 60.6 1.00426
 60.625 1.00338
 60.65 1.0025
 60.675 1.00161
 60.7 1.00071
 60.725 0.999802
 60.75 0.998889
 60.775 0.997968
 60.8 0.99704
 60.825 0.996104
 60.85 0.995162
 60.875 0.994213
 60.9 0.993256
 60.925 0.992293
 60.95 0.991323
 60.975 0.990346
 61 0.989362
 61.025 0.988371
 61.05 0.987373
 61.075 0.986369
 61.1 0.985359
 61.125 0.984341
 61.15 0.983318
 61.175 0.982287
 61.2 0.981251
 61.225 0.980208
 61.25 0.979158
 61.275 0.978103
 61.3 0.977041
 61.325 0.975973
 61.35 0.974899
 61.375 0.973819
 61.4 0.972733
 61.425 0.971641
 61.45 0.970543
 61.475 0.96944
 61.5 0.968331
 61.525 0.967216
 61.55 0.966095
 61.575 0.964969
 61.6 0.963837
 61.625 0.9627
 61.65 0.961557
 61.675 0.96041
 61.7 0.959256
 61.725 0.958098
 61.75 0.956934
 61.775 0.955765
 61.8 0.954591
 61.825 0.953413
 61.85 0.952229
 61.875 0.95104
 61.9 0.949846
 61.925 0.948648
 61.95 0.947445
 61.975 0.946237
 62 0.945024
 62.025 0.943807
 62.05 0.942585
 62.075 0.941359
 62.1 0.940129
 62.125 0.938894
 62.15 0.937654
 62.175 0.936411
 62.2 0.935163
 62.225 0.933911
 62.25 0.932654
 62.275 0.931394
 62.3 0.93013
 62.325 0.928862
 62.35 0.92759
 62.375 0.926314
 62.4 0.925034
 62.425 0.92375
 62.45 0.922463
 62.475 0.921172
 62.5 0.919877
 62.525 0.918579
 62.55 0.917277
 62.575 0.915972
 62.6 0.914663
 62.625 0.913351
 62.65 0.912036
 62.675 0.910717
 62.7 0.909395
 62.725 0.90807
 62.75 0.906742
 62.775 0.90541
 62.8 0.904076
 62.825 0.902738
 62.85 0.901398
 62.875 0.900055
 62.9 0.898709
 62.925 0.89736
 62.95 0.896008
 62.975 0.894653
 63 0.893296
 63.025 0.891936
 63.05 0.890574
 63.075 0.889209
 63.1 0.887842
 63.125 0.886472
 63.15 0.885099
 63.175 0.883725
 63.2 0.882348
 63.225 0.880968
 63.25 0.879587
 63.275 0.878203
 63.3 0.876817
 63.325 0.875429
 63.35 0.874039
 63.375 0.872647
 63.4 0.871252
 63.425 0.869856
 63.45 0.868458
 63.475 0.867058
 63.5 0.865657
 63.525 0.864253
 63.55 0.862848
 63.575 0.861441
 63.6 0.860032
 63.625 0.858622
 63.65 0.85721
 63.675 0.855797
 63.7 0.854382
 63.725 0.852966
 63.75 0.851548
 63.775 0.850129
 63.8 0.848709
 63.825 0.847287
 63.85 0.845864
 63.875 0.84444
 63.9 0.843014
 63.925 0.841588
 63.95 0.84016
 63.975 0.838731
 64 0.837301
 64.025 0.835871
 64.05 0.834439
 64.075 0.833006
 64.1 0.831572
 64.125 0.830138
 64.15 0.828702
 64.175 0.827266
 64.2 0.825829
 64.225 0.824392
 64.25 0.822953
 64.275 0.821514
 64.3 0.820075
 64.325 0.818635
 64.35 0.817194
 64.375 0.815753
 64.4 0.814311
 64.425 0.812869
 64.45 0.811426
 64.475 0.809983
 64.5 0.80854
 64.525 0.807096
 64.55 0.805652
 64.575 0.804208
 64.6 0.802763
 64.625 0.801318
 64.65 0.799874
 64.675 0.798429
 64.7 0.796984
 64.725 0.795538
 64.75 0.794093
 64.775 0.792648
 64.8 0.791204
 64.825 0.789759
 64.85 0.788314
 64.875 0.78687
 64.9 0.785426
 64.925 0.783982
 64.95 0.782538
 64.975 0.781095
 65 0.779652
 65.025 0.778209
 65.05 0.776766
 65.075 0.775324
 65.1 0.773883
 65.125 0.772442
 65.15 0.771001
 65.175 0.769561
 65.2 0.768121
 65.225 0.766682
 65.25 0.765244
 65.275 0.763805
 65.3 0.762368
 65.325 0.760931
 65.35 0.759495
 65.375 0.75806
 65.4 0.756625
 65.425 0.755191
 65.45 0.753758
 65.475 0.752325
 65.5 0.750894
 65.525 0.749463
 65.55 0.748033
 65.575 0.746603
 65.6 0.745175
 65.625 0.743748
 65.65 0.742321
 65.675 0.740896
 65.7 0.739471
 65.725 0.738047
 65.75 0.736625
 65.775 0.735203
 65.8 0.733783
 65.825 0.732363
 65.85 0.730945
 65.875 0.729528
 65.9 0.728112
 65.925 0.726697
 65.95 0.725283
 65.975 0.72387
 66 0.722459
 66.025 0.721049
 66.05 0.71964
 66.075 0.718232
 66.1 0.716826
 66.125 0.715421
 66.15 0.714017
 66.175 0.712615
 66.2 0.711214
 66.225 0.709814
 66.25 0.708416
 66.275 0.707019
 66.3 0.705624
 66.325 0.70423
 66.35 0.702837
 66.375 0.701446
 66.4 0.700057
 66.425 0.698669
 66.45 0.697283
 66.475 0.695898
 66.5 0.694514
 66.525 0.693133
 66.55 0.691753
 66.575 0.690374
 66.6 0.688997
 66.625 0.687622
 66.65 0.686249
 66.675 0.684877
 66.7 0.683506
 66.725 0.682138
 66.75 0.680771
 66.775 0.679406
 66.8 0.678043
 66.825 0.676682
 66.85 0.675322
 66.875 0.673964
 66.9 0.672608
 66.925 0.671254
 66.95 0.669902
 66.975 0.668551
 67 0.667202
 67.025 0.665856
 67.05 0.664511
 67.075 0.663168
 67.1 0.661827
 67.125 0.660488
 67.15 0.659151
 67.175 0.657815
 67.2 0.656482
 67.225 0.655151
 67.25 0.653822
 67.275 0.652494
 67.3 0.651169
 67.325 0.649846
 67.35 0.648525
 67.375 0.647206
 67.4 0.645888
 67.425 0.644573
 67.45 0.643261
 67.475 0.64195
 67.5 0.640641
 67.525 0.639334
 67.55 0.63803
 67.575 0.636727
 67.6 0.635427
 67.625 0.634129
 67.65 0.632833
 67.675 0.631539
 67.7 0.630248
 67.725 0.628958
 67.75 0.627671
 67.775 0.626386
 67.8 0.625104
 67.825 0.623823
 67.85 0.622545
 67.875 0.621269
 67.9 0.619995
 67.925 0.618724
 67.95 0.617454
 67.975 0.616187
 68 0.614923
 68.025 0.61366
 68.05 0.6124
 68.075 0.611143
 68.1 0.609887
 68.125 0.608634
 68.15 0.607383
 68.175 0.606135
 68.2 0.604889
 68.225 0.603645
 68.25 0.602404
 68.275 0.601165
 68.3 0.599928
 68.325 0.598694
 68.35 0.597462
 68.375 0.596233
 68.4 0.595006
 68.425 0.593781
 68.45 0.592559
 68.475 0.59134
 68.5 0.590123
 68.525 0.588908
 68.55 0.587696
 68.575 0.586487
 68.6 0.58528
 68.625 0.584075
 68.65 0.582874
 68.675 0.581674
 68.7 0.580477
 68.725 0.579283
 68.75 0.578091
 68.775 0.576902
 68.8 0.575715
 68.825 0.574531
 68.85 0.573349
 68.875 0.57217
 68.9 0.570993
 68.925 0.569819
 68.95 0.568648
 68.975 0.567479
 69 0.566312
 69.025 0.565148
 69.05 0.563987
 69.075 0.562828
 69.1 0.561672
 69.125 0.560519
 69.15 0.559368
 69.175 0.558219
 69.2 0.557073
 69.225 0.55593
 69.25 0.554789
 69.275 0.553651
 69.3 0.552515
 69.325 0.551382
 69.35 0.550252
 69.375 0.549124
 69.4 0.547999
 69.425 0.546877
 69.45 0.545757
 69.475 0.544639
 69.5 0.543524
 69.525 0.542412
 69.55 0.541303
 69.575 0.540196
 69.6 0.539091
 69.625 0.537989
 69.65 0.53689
 69.675 0.535794
 69.7 0.5347
 69.725 0.533609
 69.75 0.53252
 69.775 0.531434
 69.8 0.53035
 69.825 0.52927
 69.85 0.528191
 69.875 0.527116
 69.9 0.526043
 69.925 0.524973
 69.95 0.523905
 69.975 0.52284
 70 0.521778
 70.025 0.520718
 70.05 0.519661
 70.075 0.518606
 70.1 0.517554
 70.125 0.516505
 70.15 0.515458
 70.175 0.514414
 70.2 0.513373
 70.225 0.512334
 70.25 0.511298
 70.275 0.510265
 70.3 0.509234
 70.325 0.508206
 70.35 0.50718
 70.375 0.506158
 70.4 0.505137
 70.425 0.50412
 70.45 0.503105
 70.475 0.502092
 70.5 0.501083
 70.525 0.500076
 70.55 0.499071
 70.575 0.498069
 70.6 0.49707
 70.625 0.496074
 70.65 0.49508
 70.675 0.494089
 70.7 0.4931
 70.725 0.492114
 70.75 0.491131
 70.775 0.49015
 70.8 0.489172
 70.825 0.488196
 70.85 0.487223
 70.875 0.486253
 70.9 0.485286
 70.925 0.484321
 70.95 0.483358
 70.975 0.482399
 71 0.481442
 71.025 0.480487
 71.05 0.479536
 71.075 0.478586
 71.1 0.47764
 71.125 0.476696
 71.15 0.475754
 71.175 0.474816
 71.2 0.47388
 71.225 0.472946
 71.25 0.472015
 71.275 0.471087
 71.3 0.470161
 71.325 0.469238
 71.35 0.468318
 71.375 0.4674
 71.4 0.466485
 71.425 0.465572
 71.45 0.464662
 71.475 0.463755
 71.5 0.46285
 71.525 0.461948
 71.55 0.461048
 71.575 0.460151
 71.6 0.459257
 71.625 0.458365
 71.65 0.457475
 71.675 0.456589
 71.7 0.455705
 71.725 0.454823
 71.75 0.453944
 71.775 0.453067
 71.8 0.452194
 71.825 0.451322
 71.85 0.450454
 71.875 0.449587
 71.9 0.448724
 71.925 0.447863
 71.95 0.447004
 71.975 0.446148
 72 0.445295
 72.025 0.444444
 72.05 0.443596
 72.075 0.44275
 72.1 0.441907
 72.125 0.441066
 72.15 0.440228
 72.175 0.439392
 72.2 0.438559
 72.225 0.437728
 72.25 0.4369
 72.275 0.436075
 72.3 0.435252
 72.325 0.434431
 72.35 0.433613
 72.375 0.432798
 72.4 0.431985
 72.425 0.431174
 72.45 0.430366
 72.475 0.429561
 72.5 0.428758
 72.525 0.427957
 72.55 0.427159
 72.575 0.426364
 72.6 0.425571
 72.625 0.42478
 72.65 0.423992
 72.675 0.423207
 72.7 0.422424
 72.725 0.421643
 72.75 0.420865
 72.775 0.420089
 72.8 0.419316
 72.825 0.418545
 72.85 0.417777
 72.875 0.417011
 72.9 0.416247
 72.925 0.415486
 72.95 0.414728
 72.975 0.413972
 73 0.413218
 73.025 0.412467
 73.05 0.411718
 73.075 0.410972
 73.1 0.410228
 73.125 0.409486
 73.15 0.408747
 73.175 0.40801
 73.2 0.407276
 73.225 0.406544
 73.25 0.405815
 73.275 0.405088
 73.3 0.404363
 73.325 0.403641
 73.35 0.402921
 73.375 0.402203
 73.4 0.401488
 73.425 0.400775
 73.45 0.400065
 73.475 0.399357
 73.5 0.398651
 73.525 0.397948
 73.55 0.397247
 73.575 0.396548
 73.6 0.395852
 73.625 0.395158
 73.65 0.394467
 73.675 0.393778
 73.7 0.393091
 73.725 0.392407
 73.75 0.391725
 73.775 0.391046
 73.8 0.390369
 73.825 0.389694
 73.85 0.389021
 73.875 0.388351
 73.9 0.387683
 73.925 0.387018
 73.95 0.386355
 73.975 0.385694
 74 0.385035
 74.025 0.384379
 74.05 0.383725
 74.075 0.383074
 74.1 0.382424
 74.125 0.381777
 74.15 0.381133
 74.175 0.38049
 74.2 0.37985
 74.225 0.379212
 74.25 0.378576
 74.275 0.377943
 74.3 0.377312
 74.325 0.376683
 74.35 0.376056
 74.375 0.375432
 74.4 0.37481
 74.425 0.37419
 74.45 0.373572
 74.475 0.372957
 74.5 0.372344
 74.525 0.371733
 74.55 0.371124
 74.575 0.370518
 74.6 0.369913
 74.625 0.369311
 74.65 0.368711
 74.675 0.368113
 74.7 0.367518
 74.725 0.366924
 74.75 0.366333
 74.775 0.365744
 74.8 0.365157
 74.825 0.364573
 74.85 0.36399
 74.875 0.36341
 74.9 0.362832
 74.925 0.362256
 74.95 0.361682
 74.975 0.36111
 75 0.360541
 75.025 0.359973
 75.05 0.359408
 75.075 0.358845
 75.1 0.358284
 75.125 0.357725
 75.15 0.357168
 75.175 0.356613
 75.2 0.35606
 75.225 0.35551
 75.25 0.354961
 75.275 0.354415
 75.3 0.353871
 75.325 0.353329
 75.35 0.352789
 75.375 0.352251
 75.4 0.351715
 75.425 0.351181
 75.45 0.350649
 75.475 0.350119
 75.5 0.349592
 75.525 0.349066
 75.55 0.348542
 75.575 0.348021
 75.6 0.347501
 75.625 0.346984
 75.65 0.346469
 75.675 0.345955
 75.7 0.345444
 75.725 0.344934
 75.75 0.344427
 75.775 0.343922
 75.8 0.343418
 75.825 0.342917
 75.85 0.342418
 75.875 0.341921
 75.9 0.341425
 75.925 0.340932
 75.95 0.34044
 75.975 0.339951
 76 0.339464
 76.025 0.338978
 76.05 0.338495
 76.075 0.338013
 76.1 0.337534
 76.125 0.337056
 76.15 0.33658
 76.175 0.336107
 76.2 0.335635
 76.225 0.335165
 76.25 0.334697
 76.275 0.334231
 76.3 0.333767
 76.325 0.333305
 76.35 0.332845
 76.375 0.332386
 76.4 0.33193
 76.425 0.331475
 76.45 0.331023
 76.475 0.330572
 76.5 0.330123
 76.525 0.329676
 76.55 0.329231
 76.575 0.328788
 76.6 0.328347
 76.625 0.327907
 76.65 0.32747
 76.675 0.327034
 76.7 0.3266
 76.725 0.326168
 76.75 0.325738
 76.775 0.32531
 76.8 0.324883
 76.825 0.324459
 76.85 0.324036
 76.875 0.323615
 76.9 0.323196
 76.925 0.322778
 76.95 0.322363
 76.975 0.321949
 77 0.321537
 77.025 0.321127
 77.05 0.320719
 77.075 0.320313
 77.1 0.319908
 77.125 0.319505
 77.15 0.319104
 77.175 0.318705
 77.2 0.318307
 77.225 0.317911
 77.25 0.317517
 77.275 0.317125
 77.3 0.316735
 77.325 0.316346
 77.35 0.315959
 77.375 0.315574
 77.4 0.31519
 77.425 0.314809
 77.45 0.314429
 77.475 0.31405
 77.5 0.313674
 77.525 0.313299
 77.55 0.312926
 77.575 0.312555
 77.6 0.312185
 77.625 0.311817
 77.65 0.311451
 77.675 0.311086
 77.7 0.310723
 77.725 0.310362
 77.75 0.310003
 77.775 0.309645
 77.8 0.309289
 77.825 0.308935
 77.85 0.308582
 77.875 0.308231
 77.9 0.307881
 77.925 0.307534
 77.95 0.307188
 77.975 0.306843
 78 0.306501
 78.025 0.306159
 78.05 0.30582
 78.075 0.305482
 78.1 0.305146
 78.125 0.304811
 78.15 0.304478
 78.175 0.304147
 78.2 0.303817
 78.225 0.303489
 78.25 0.303163
 78.275 0.302838
 78.3 0.302515
 78.325 0.302193
 78.35 0.301873
 78.375 0.301555
 78.4 0.301238
 78.425 0.300922
 78.45 0.300609
 78.475 0.300297
 78.5 0.299986
 78.525 0.299677
 78.55 0.29937
 78.575 0.299064
 78.6 0.29876
 78.625 0.298457
 78.65 0.298156
 78.675 0.297856
 78.7 0.297558
 78.725 0.297262
 78.75 0.296966
 78.775 0.296673
 78.8 0.296381
 78.825 0.296091
 78.85 0.295802
 78.875 0.295514
 78.9 0.295229
 78.925 0.294944
 78.95 0.294661
 78.975 0.29438
 79 0.2941
 79.025 0.293822
 79.05 0.293545
 79.075 0.29327
 79.1 0.292996
 79.125 0.292723
 79.15 0.292453
 79.175 0.292183
 79.2 0.291915
 79.225 0.291649
 79.25 0.291384
 79.275 0.29112
 79.3 0.290858
 79.325 0.290597
 79.35 0.290338
 79.375 0.290081
 79.4 0.289824
 79.425 0.289569
 79.45 0.289316
 79.475 0.289064
 79.5 0.288813
 79.525 0.288564
 79.55 0.288317
 79.575 0.28807
 79.6 0.287825
 79.625 0.287582
 79.65 0.28734
 79.675 0.287099
 79.7 0.28686
 79.725 0.286622
 79.75 0.286386
 79.775 0.286151
 79.8 0.285917
 79.825 0.285685
 79.85 0.285454
 79.875 0.285224
 79.9 0.284996
 79.925 0.28477
 79.95 0.284544
 79.975 0.28432
 80 0.284097
 80.025 0.283876
 80.05 0.283656
 80.075 0.283438
 80.1 0.28322
 80.125 0.283004
 80.15 0.28279
 80.175 0.282577
 80.2 0.282365
 80.225 0.282154
 80.25 0.281945
 80.275 0.281737
 80.3 0.28153
 80.325 0.281325
 80.35 0.281121
 80.375 0.280918
 80.4 0.280717
 80.425 0.280517
 80.45 0.280318
 80.475 0.280121
 80.5 0.279924
 80.525 0.27973
 80.55 0.279536
 80.575 0.279344
 80.6 0.279153
 80.625 0.278963
 80.65 0.278774
 80.675 0.278587
 80.7 0.278401
 80.725 0.278217
 80.75 0.278033
 80.775 0.277851
 80.8 0.27767
 80.825 0.277491
 80.85 0.277312
 80.875 0.277135
 80.9 0.276959
 80.925 0.276784
 80.95 0.276611
 80.975 0.276439
 81 0.276268
 81.025 0.276098
 81.05 0.27593
 81.075 0.275762
 81.1 0.275596
 81.125 0.275431
 81.15 0.275268
 81.175 0.275105
 81.2 0.274944
 81.225 0.274784
 81.25 0.274625
 81.275 0.274467
 81.3 0.274311
 81.325 0.274156
 81.35 0.274001
 81.375 0.273849
 81.4 0.273697
 81.425 0.273546
 81.45 0.273397
 81.475 0.273249
 81.5 0.273102
 81.525 0.272956
 81.55 0.272811
 81.575 0.272667
 81.6 0.272525
 81.625 0.272384
 81.65 0.272244
 81.675 0.272105
 81.7 0.271967
 81.725 0.27183
 81.75 0.271695
 81.775 0.27156
 81.8 0.271427
 81.825 0.271295
 81.85 0.271164
 81.875 0.271034
 81.9 0.270905
 81.925 0.270778
 81.95 0.270651
 81.975 0.270526
 82 0.270401
 82.025 0.270278
 82.05 0.270156
 82.075 0.270035
 82.1 0.269915
 82.125 0.269796
 82.15 0.269678
 82.175 0.269562
 82.2 0.269446
 82.225 0.269332
 82.25 0.269218
 82.275 0.269106
 82.3 0.268995
 82.325 0.268884
 82.35 0.268775
 82.375 0.268667
 82.4 0.26856
 82.425 0.268454
 82.45 0.268349
 82.475 0.268246
 82.5 0.268143
 82.525 0.268041
 82.55 0.26794
 82.575 0.267841
 82.6 0.267742
 82.625 0.267645
 82.65 0.267548
 82.675 0.267453
 82.7 0.267358
 82.725 0.267265
 82.75 0.267172
 82.775 0.267081
 82.8 0.26699
 82.825 0.266901
 82.85 0.266813
 82.875 0.266725
 82.9 0.266639
 82.925 0.266554
 82.95 0.266469
 82.975 0.266386
 83 0.266304
 83.025 0.266222
 83.05 0.266142
 83.075 0.266063
 83.1 0.265984
 83.125 0.265907
 83.15 0.26583
 83.175 0.265755
 83.2 0.265681
 83.225 0.265607
 83.25 0.265535
 83.275 0.265463
 83.3 0.265392
 83.325 0.265323
 83.35 0.265254
 83.375 0.265186
 83.4 0.26512
 83.425 0.265054
 83.45 0.264989
 83.475 0.264925
 83.5 0.264862
 83.525 0.2648
 83.55 0.264739
 83.575 0.264679
 83.6 0.26462
 83.625 0.264561
 83.65 0.264504
 83.675 0.264448
 83.7 0.264392
 83.725 0.264338
 83.75 0.264284
 83.775 0.264231
 83.8 0.264179
 83.825 0.264128
 83.85 0.264078
 83.875 0.264029
 83.9 0.263981
 83.925 0.263934
 83.95 0.263887
 83.975 0.263842
 84 0.263797
 84.025 0.263754
 84.05 0.263711
 84.075 0.263669
 84.1 0.263628
 84.125 0.263588
 84.15 0.263548
 84.175 0.26351
 84.2 0.263472
 84.225 0.263436
 84.25 0.2634
 84.275 0.263365
 84.3 0.263331
 84.325 0.263298
 84.35 0.263265
 84.375 0.263234
 84.4 0.263203
 84.425 0.263173
 84.45 0.263144
 84.475 0.263116
 84.5 0.263089
 84.525 0.263063
 84.55 0.263037
 84.575 0.263012
 84.6 0.262989
 84.625 0.262966
 84.65 0.262943
 84.675 0.262922
 84.7 0.262901
 84.725 0.262882
 84.75 0.262863
 84.775 0.262845
 84.8 0.262828
 84.825 0.262811
 84.85 0.262796
 84.875 0.262781
 84.9 0.262767
 84.925 0.262754
 84.95 0.262741
 84.975 0.26273
 85 0.262719
 85.025 0.262709
 85.05 0.2627
 85.075 0.262691
 85.1 0.262684
 85.125 0.262677
 85.15 0.262671
 85.175 0.262666
 85.2 0.262661
 85.225 0.262657
 85.25 0.262655
 85.275 0.262652
 85.3 0.262651
 85.325 0.262651
 85.35 0.262651
 85.375 0.262652
 85.4 0.262653
 85.425 0.262656
 85.45 0.262659
 85.475 0.262663
 85.5 0.262668
 85.525 0.262674
 85.55 0.26268
 85.575 0.262687
 85.6 0.262695
 85.625 0.262703
 85.65 0.262712
 85.675 0.262722
 85.7 0.262733
 85.725 0.262745
 85.75 0.262757
 85.775 0.26277
 85.8 0.262784
 85.825 0.262798
 85.85 0.262813
 85.875 0.262829
 85.9 0.262846
 85.925 0.262863
 85.95 0.262881
 85.975 0.2629
 86 0.262919
 86.025 0.26294
 86.05 0.262961
 86.075 0.262982
 86.1 0.263005
 86.125 0.263028
 86.15 0.263051
 86.175 0.263076
 86.2 0.263101
 86.225 0.263127
 86.25 0.263153
 86.275 0.263181
 86.3 0.263208
 86.325 0.263237
 86.35 0.263266
 86.375 0.263296
 86.4 0.263327
 86.425 0.263358
 86.45 0.26339
 86.475 0.263423
 86.5 0.263457
 86.525 0.263491
 86.55 0.263525
 86.575 0.263561
 86.6 0.263597
 86.625 0.263634
 86.65 0.263671
 86.675 0.263709
 86.7 0.263748
 86.725 0.263787
 86.75 0.263827
 86.775 0.263868
 86.8 0.263909
 86.825 0.263951
 86.85 0.263994
 86.875 0.264037
 86.9 0.264081
 86.925 0.264126
 86.95 0.264171
 86.975 0.264217
 87 0.264264
 87.025 0.264311
 87.05 0.264359
 87.075 0.264407
 87.1 0.264456
 87.125 0.264506
 87.15 0.264556
 87.175 0.264607
 87.2 0.264659
 87.225 0.264711
 87.25 0.264764
 87.275 0.264817
 87.3 0.264871
 87.325 0.264926
 87.35 0.264981
 87.375 0.265037
 87.4 0.265094
 87.425 0.265151
 87.45 0.265208
 87.475 0.265267
 87.5 0.265326
 87.525 0.265385
 87.55 0.265445
 87.575 0.265506
 87.6 0.265567
 87.625 0.265629
 87.65 0.265692
 87.675 0.265755
 87.7 0.265819
 87.725 0.265883
 87.75 0.265948
 87.775 0.266013
 87.8 0.266079
 87.825 0.266146
 87.85 0.266213
 87.875 0.266281
 87.9 0.266349
 87.925 0.266418
 87.95 0.266488
 87.975 0.266558
 88 0.266628
 88.025 0.2667
 88.05 0.266771
 88.075 0.266844
 88.1 0.266917
 88.125 0.26699
 88.15 0.267064
 88.175 0.267139
 88.2 0.267214
 88.225 0.267289
 88.25 0.267366
 88.275 0.267442
 88.3 0.26752
 88.325 0.267598
 88.35 0.267676
 88.375 0.267755
 88.4 0.267835
 88.425 0.267915
 88.45 0.267995
 88.475 0.268076
 88.5 0.268158
 88.525 0.26824
 88.55 0.268323
 88.575 0.268406
 88.6 0.26849
 88.625 0.268574
 88.65 0.268659
 88.675 0.268745
 88.7 0.26883
 88.725 0.268917
 88.75 0.269004
 88.775 0.269091
 88.8 0.269179
 88.825 0.269268
 88.85 0.269357
 88.875 0.269446
 88.9 0.269536
 88.925 0.269627
 88.95 0.269718
 88.975 0.26981
 89 0.269902
 89.025 0.269994
 89.05 0.270087
 89.075 0.270181
 89.1 0.270275
 89.125 0.27037
 89.15 0.270465
 89.175 0.27056
 89.2 0.270656
 89.225 0.270753
 89.25 0.27085
 89.275 0.270947
 89.3 0.271045
 89.325 0.271144
 89.35 0.271243
 89.375 0.271342
 89.4 0.271442
 89.425 0.271543
 89.45 0.271644
 89.475 0.271745
 89.5 0.271847
 89.525 0.271949
 89.55 0.272052
 89.575 0.272155
 89.6 0.272259
 89.625 0.272363
 89.65 0.272468
 89.675 0.272573
 89.7 0.272679
 89.725 0.272785
 89.75 0.272891
 89.775 0.272998
 89.8 0.273106
 89.825 0.273214
 89.85 0.273322
 89.875 0.273431
 89.9 0.27354
 89.925 0.27365
 89.95 0.27376
 89.975 0.273871
 90 0.273982
 90.025 0.274094
 90.05 0.274206
 90.075 0.274318
 90.1 0.274431
 90.125 0.274544
 90.15 0.274658
 90.175 0.274772
 90.2 0.274887
 90.225 0.275002
 90.25 0.275117
 90.275 0.275233
 90.3 0.27535
 90.325 0.275466
 90.35 0.275584
 90.375 0.275701
 90.4 0.275819
 90.425 0.275938
 90.45 0.276057
 90.475 0.276176
 90.5 0.276296
 90.525 0.276416
 90.55 0.276537
 90.575 0.276658
 90.6 0.276779
 90.625 0.276901
 90.65 0.277023
 90.675 0.277146
 90.7 0.277269
 90.725 0.277393
 90.75 0.277517
 90.775 0.277641
 90.8 0.277766
 90.825 0.277891
 90.85 0.278016
 90.875 0.278142
 90.9 0.278269
 90.925 0.278395
 90.95 0.278522
 90.975 0.27865
 91 0.278778
 91.025 0.278906
 91.05 0.279035
 91.075 0.279164
 91.1 0.279294
 91.125 0.279423
 91.15 0.279554
 91.175 0.279684
 91.2 0.279815
 91.225 0.279947
 91.25 0.280079
 91.275 0.280211
 91.3 0.280343
 91.325 0.280476
 91.35 0.28061
 91.375 0.280744
 91.4 0.280878
 91.425 0.281012
 91.45 0.281147
 91.475 0.281282
 91.5 0.281418
 91.525 0.281554
 91.55 0.28169
 91.575 0.281827
 91.6 0.281964
 91.625 0.282101
 91.65 0.282239
 91.675 0.282377
 91.7 0.282516
 91.725 0.282655
 91.75 0.282794
 91.775 0.282934
 91.8 0.283074
 91.825 0.283214
 91.85 0.283355
 91.875 0.283496
 91.9 0.283637
 91.925 0.283779
 91.95 0.283921
 91.975 0.284063
 92 0.284206
 92.025 0.284349
 92.05 0.284493
 92.075 0.284637
 92.1 0.284781
 92.125 0.284925
 92.15 0.28507
 92.175 0.285215
 92.2 0.285361
 92.225 0.285507
 92.25 0.285653
 92.275 0.2858
 92.3 0.285946
 92.325 0.286094
 92.35 0.286241
 92.375 0.286389
 92.4 0.286537
 92.425 0.286686
 92.45 0.286835
 92.475 0.286984
 92.5 0.287134
 92.525 0.287283
 92.55 0.287434
 92.575 0.287584
 92.6 0.287735
 92.625 0.287886
 92.65 0.288038
 92.675 0.28819
 92.7 0.288342
 92.725 0.288494
 92.75 0.288647
 92.775 0.2888
 92.8 0.288953
 92.825 0.289107
 92.85 0.289261
 92.875 0.289415
 92.9 0.28957
 92.925 0.289725
 92.95 0.28988
 92.975 0.290036
 93 0.290192
 93.025 0.290348
 93.05 0.290504
 93.075 0.290661
 93.1 0.290818
 93.125 0.290976
 93.15 0.291133
 93.175 0.291291
 93.2 0.29145
 93.225 0.291608
 93.25 0.291767
 93.275 0.291926
 93.3 0.292086
 93.325 0.292246
 93.35 0.292406
 93.375 0.292566
 93.4 0.292727
 93.425 0.292888
 93.45 0.293049
 93.475 0.29321
 93.5 0.293372
 93.525 0.293534
 93.55 0.293697
 93.575 0.293859
 93.6 0.294022
 93.625 0.294186
 93.65 0.294349
 93.675 0.294513
 93.7 0.294677
 93.725 0.294841
 93.75 0.295006
 93.775 0.295171
 93.8 0.295336
 93.825 0.295502
 93.85 0.295667
 93.875 0.295833
 93.9 0.296
 93.925 0.296166
 93.95 0.296333
 93.975 0.2965
 94 0.296668
 94.025 0.296835
 94.05 0.297003
 94.075 0.297171
 94.1 0.29734
 94.125 0.297508
 94.15 0.297677
 94.175 0.297847
 94.2 0.298016
 94.225 0.298186
 94.25 0.298356
 94.275 0.298526
 94.3 0.298697
 94.325 0.298868
 94.35 0.299039
 94.375 0.29921
 94.4 0.299382
 94.425 0.299553
 94.45 0.299725
 94.475 0.299898
 94.5 0.30007
 94.525 0.300243
 94.55 0.300416
 94.575 0.30059
 94.6 0.300763
 94.625 0.300937
 94.65 0.301111
 94.675 0.301285
 94.7 0.30146
 94.725 0.301635
 94.75 0.30181
 94.775 0.301985
 94.8 0.302161
 94.825 0.302336
 94.85 0.302512
 94.875 0.302689
 94.9 0.302865
 94.925 0.303042
 94.95 0.303219
 94.975 0.303396
 95 0.303573
 95.025 0.303751
 95.05 0.303929
 95.075 0.304107
 95.1 0.304286
 95.125 0.304464
 95.15 0.304643
 95.175 0.304822
 95.2 0.305001
 95.225 0.305181
 95.25 0.305361
 95.275 0.30554
 95.3 0.305721
 95.325 0.305901
 95.35 0.306082
 95.375 0.306263
 95.4 0.306444
 95.425 0.306625
 95.45 0.306807
 95.475 0.306988
 95.5 0.30717
 95.525 0.307352
 95.55 0.307535
 95.575 0.307717
 95.6 0.3079
 95.625 0.308083
 95.65 0.308267
 95.675 0.30845
 95.7 0.308634
 95.725 0.308818
 95.75 0.309002
 95.775 0.309186
 95.8 0.309371
 95.825 0.309555
 95.85 0.30974
 95.875 0.309925
 95.9 0.310111
 95.925 0.310296
 95.95 0.310482
 95.975 0.310668
 96 0.310854
 96.025 0.311041
 96.05 0.311227
 96.075 0.311414
 96.1 0.311601
 96.125 0.311788
 96.15 0.311976
 96.175 0.312163
 96.2 0.312351
 96.225 0.312539
 96.25 0.312727
 96.275 0.312915
 96.3 0.313104
 96.325 0.313293
 96.35 0.313482
 96.375 0.313671
 96.4 0.31386
 96.425 0.31405
 96.45 0.314239
 96.475 0.314429
 96.5 0.31462
 96.525 0.31481
 96.55 0.315
 96.575 0.315191
 96.6 0.315382
 96.625 0.315573
 96.65 0.315764
 96.675 0.315955
 96.7 0.316147
 96.725 0.316339
 96.75 0.316531
 96.775 0.316723
 96.8 0.316915
 96.825 0.317108
 96.85 0.3173
 96.875 0.317493
 96.9 0.317686
 96.925 0.31788
 96.95 0.318073
 96.975 0.318267
 97 0.31846
 97.025 0.318654
 97.05 0.318848
 97.075 0.319043
 97.1 0.319237
 97.125 0.319432
 97.15 0.319626
 97.175 0.319821
 97.2 0.320017
 97.225 0.320212
 97.25 0.320407
 97.275 0.320603
 97.3 0.320799
 97.325 0.320995
 97.35 0.321191
 97.375 0.321387
 97.4 0.321584
 97.425 0.32178
 97.45 0.321977
 97.475 0.322174
 97.5 0.322371
 97.525 0.322569
 97.55 0.322766
 97.575 0.322964
 97.6 0.323161
 97.625 0.323359
 97.65 0.323557
 97.675 0.323756
 97.7 0.323954
 97.725 0.324153
 97.75 0.324351
 97.775 0.32455
 97.8 0.324749
 97.825 0.324949
 97.85 0.325148
 97.875 0.325347
 97.9 0.325547
 97.925 0.325747
 97.95 0.325947
 97.975 0.326147
 98 0.326347
 98.025 0.326548
 98.05 0.326748
 98.075 0.326949
 98.1 0.32715
 98.125 0.327351
 98.15 0.327552
 98.175 0.327753
 98.2 0.327955
 98.225 0.328156
 98.25 0.328358
 98.275 0.32856
 98.3 0.328762
 98.325 0.328964
 98.35 0.329166
 98.375 0.329369
 98.4 0.329572
 98.425 0.329774
 98.45 0.329977
 98.475 0.33018
 98.5 0.330383
 98.525 0.330587
 98.55 0.33079
 98.575 0.330994
 98.6 0.331197
 98.625 0.331401
 98.65 0.331605
 98.675 0.331809
 98.7 0.332014
 98.725 0.332218
 98.75 0.332423
 98.775 0.332627
 98.8 0.332832
 98.825 0.333037
 98.85 0.333242
 98.875 0.333447
 98.9 0.333653
 98.925 0.333858
 98.95 0.334064
 98.975 0.334269
 99 0.334475
 99.025 0.334681
 99.05 0.334887
 99.075 0.335094
 99.1 0.3353
 99.125 0.335506
 99.15 0.335713
 99.175 0.33592
 99.2 0.336127
 99.225 0.336334
 99.25 0.336541
 99.275 0.336748
 99.3 0.336955
 99.325 0.337163
 99.35 0.33737
 99.375 0.337578
 99.4 0.337786
 99.425 0.337994
 99.45 0.338202
 99.475 0.33841
 99.5 0.338619
 99.525 0.338827
 99.55 0.339036
 99.575 0.339244
 99.6 0.339453
 99.625 0.339662
 99.65 0.339871
 99.675 0.34008
 99.7 0.340289
 99.725 0.340499
 99.75 0.340708
 99.775 0.340918
 99.8 0.341127
 99.825 0.341337
 99.85 0.341547
 99.875 0.341757
 99.9 0.341967
 99.925 0.342178
 99.95 0.342388
 99.975 0.342599
 100 0.342809
