4001 2
 0 0
 0.025 0.00108922
 0.05 0.00243856
 0.075 0.0039871
 0.1 0.00568945
 0.125 0.00751177
 0.15 0.00942874
 0.175 0.0114214
 0.2 0.0134756
 0.225 0.0155804
 0.25 0.0177278
 0.275 0.0199116
 0.3 0.022127
 0.325 0.0243702
 0.35 0.0266383
 0.375 0.0289289
 0.4 0.0312403
 0.425 0.0335708
 0.45 0.0359191
 0.475 0.038284
 0.5 0.0406647
 0.525 0.0430602
 0.55 0.0454697
 0.575 0.0478925
 0.6 0.0503279
 0.625 0.0527754
 0.65 0.0552343
 0.675 0.0577041
 0.7 0.0601842
 0.725 0.0626741
 0.75 0.0651734
 0.775 0.0676815
 0.8 0.0701981
 0.825 0.0727228
 0.85 0.075255
 0.875 0.0777944
 0.9 0.0803406
 0.925 0.0828933
 0.95 0.0854521
 0.975 0.0880166
 1 0.0905866
 1.025 0.0931617
 1.05 0.0957415
 1.075 0.098326
 1.1 0.100915
 1.125 0.103507
 1.15 0.106104
 1.175 0.108703
 1.2 0.111306
 1.225 0.113912
 1.25 0.116521
 1.275 0.119132
 1.3 0.121746
 1.325 0.124362
 1.35 0.12698
 1.375 0.129599
 1.4 0.13222
 1.425 0.134843
 1.45 0.137467
 1.475 0.140092
 1.5 0.142718
 1.525 0.145345
 1.55 0.147972
 1.575 0.1506
 1.6 0.153229
 1.625 0.155858
 1.65 0.158487
 1.675 0.161116
 1.7 0.163745
 1.725 0.166374
 1.75 0.169003
 1.775 0.171632
 1.8 0.17426
 1.825 0.176888
 1.85 0.179515
 1.875 0.182142
 1.9 0.184768
 1.925 0.187393
 1.95 0.190017
 1.975 0.19264
 2 0.195263
 2.025 0.197884
 2.05 0.200505
 2.075 0.203124
 2.1 0.205742
 2.125 0.208359
 2.15 0.210975
 2.175 0.21359
 2.2 0.216203
 2.225 0.218815
 2.25 0.221426
 2.275 0.224036
 2.3 0.226644
 2.325 0.229251
 2.35 0.231857
 2.375 0.234461
 2.4 0.237064
 2.425 0.239665
 2.45 0.242264
 2.475 0.244862
 2.5 0.247458
 2.525 0.250053
 2.55 0.252646
 2.575 0.255237
 2.6 0.257827
 2.625 0.260415
 2.65 0.263001
 2.675 0.265586
 2.7 0.268168
 2.725 0.270749
 2.75 0.273328
 2.775 0.275906
 2.8 0.278481
 2.825 0.281055
 2.85 0.283626
 2.875 0.286196
 2.9 0.288764
 2.925 0.29133
 2.95 0.293895
 2.975 0.296457
 3 0.299017
 3.025 0.301576
 3.05 0.304133
 3.075 0.306687
 3.1 0.30924
 3.125 0.311791
 3.15 0.31434
 3.175 0.316887
 3.2 0.319432
 3.225 0.321975
 3.25 0.324517
 3.275 0.327056
 3.3 0.329593
 3.325 0.332129
 3.35 0.334663
 3.375 0.337194
 3.4 0.339724
 3.425 0.342252
 3.45 0.344777
 3.475 0.347301
 3.5 0.349823
 3.525 0.352343
 3.55 0.354862
 3.575 0.357378
 3.6 0.359892
 3.625 0.362405
 3.65 0.364915
 3.675 0.367424
 3.7 0.369931
 3.725 0.372436
 3.75 0.374939
 3.775 0.37744
 3.8 0.379939
 3.825 0.382437
 3.85 0.384932
 3.875 0.387426
 3.9 0.389918
 3.925 0.392408
 3.95 0.394897
 3.975 0.397383
 4 0.399868
 4.025 0.402351
 4.05 0.404832
 4.075 0.407312
 4.1 0.40979
 4.125 0.412266
 4.15 0.414741
 4.175 0.417214
 4.2 0.419685
 4.225 0.422156
 4.25 0.424624
 4.275 0.427091
 4.3 0.429556
 4.325 0.43202
 4.35 0.434483
 4.375 0.436943
 4.4 0.439403
 4.425 0.44186
 4.45 0.444317
 4.475 0.446771
 4.5 0.449225
 4.525 0.451676
 4.55 0.454127
 4.575 0.456575
 4.6 0.459023
 4.625 0.461468
 4.65 0.463913
 4.675 0.466356
 4.7 0.468797
 4.725 0.471237
 4.75 0.473675
 4.775 0.476112
 4.8 0.478548
 4.825 0.480982
 4.85 0.483415
 4.875 0.485846
 4.9 0.488276
 4.925 0.490705
 4.95 0.493132
 4.975 0.495558
 5 0.497982
 5.025 0.500405
 5.05 0.502827
 5.075 0.505247
 5.1 0.507666
 5.125 0.510084
 5.15 0.5125
 5.175 0.514915
 5.2 0.517329
 5.225 0.519741
 5.25 0.522152
 5.275 0.524562
 5.3 0.52697
 5.325 0.529378
 5.35 0.531783
 5.375 0.534188
 5.4 0.536591
 5.425 0.538994
 5.45 0.541394
 5.475 0.543794
 5.5 0.546193
 5.525 0.54859
 5.55 0.550986
 5.575 0.553381
 5.6 0.555774
 5.625 0.558166
 5.65 0.560558
 5.675 0.562948
 5.7 0.565337
 5.725 0.567724
 5.75 0.570111
 5.775 0.572496
 5.8 0.57488
 5.825 0.577263
 5.85 0.579645
 5.875 0.582026
 5.9 0.584406
 5.925 0.586785
 5.95 0.589162
 5.975 0.591539
 6 0.593914
 6.025 0.596288
 6.05 0.598662
 6.075 0.601034
 6.1 0.603405
 6.125 0.605776
 6.15 0.608145
 6.175 0.610513
 6.2 0.612881
 6.225 0.615248
 6.25 0.617614
 6.275 0.619979
 6.3 0.622344
 6.325 0.624707
 6.35 0.62707
 6.375 0.629432
 6.4 0.631793
 6.425 0.634153
 6.45 0.636513
 6.475 0.638872
 6.5 0.64123
 6.525 0.643587
 6.55 0.645943
 6.575 0.648299
 6.6 0.650654
 6.625 0.653008
 6.65 0.655361
 6.675 0.657714
 6.7 0.660065
 6.725 0.662416
 6.75 0.664767
 6.775 0.667116
 6.8 0.669465
 6.825 0.671813
 6.85 0.67416
 6.875 0.676507
 6.9 0.678853
 6.925 0.681198
 6.95 0.683542
 6.975 0.685886
 7 0.688229
 7.025 0.690571
 7.05 0.692912
 7.075 0.695253
 7.1 0.697593
 7.125 0.699933
 7.15 0.702272
 7.175 0.70461
 7.2 0.706947
 7.225 0.709284
 7.25 0.71162
 7.275 0.713955
 7.3 0.71629
 7.325 0.718624
 7.35 0.720958
 7.375 0.723291
 7.4 0.725623
 7.425 0.727954
 7.45 0.730285
 7.475 0.732615
 7.5 0.734945
 7.525 0.737274
 7.55 0.739603
 7.575 0.74193
 7.6 0.744258
 7.625 0.746584
 7.65 0.74891
 7.675 0.751236
 7.7 0.753561
 7.725 0.755885
 7.75 0.758209
 7.775 0.760532
 7.8 0.762854
 7.825 0.765176
 7.85 0.767498
 7.875 0.769818
 7.9 0.772139
 7.925 0.774458
 7.95 0.776778
 7.975 0.779096
 8 0.781415
 8.025 0.783732
 8.05 0.786049
 8.075 0.788366
 8.1 0.790682
 8.125 0.792997
 8.15 0.795313
 8.175 0.797627
 8.2 0.799941
 8.225 0.802255
 8.25 0.804568
 8.275 0.806881
 8.3 0.809194
 8.325 0.811506
 8.35 0.813818
 8.375 0.816129
 8.4 0.818441
 8.425 0.820752
 8.45 0.823063
 8.475 0.825373
 8.5 0.827684
 8.525 0.829994
 8.55 0.832304
 8.575 0.834613
 8.6 0.836922
 8.625 0.839231
 8.65 0.84154
 8.675 0.843849
 8.7 0.846157
 8.725 0.848465
 8.75 0.850773
 8.775 0.85308
 8.8 0.855387
 8.825 0.857694
 8.85 0.860001
 8.875 0.862307
 8.9 0.864613
 8.925 0.866919
 8.95 0.869225
 8.975 0.87153
 9 0.873835
 9.025 0.87614
 9.05 0.878445
 9.075 0.880749
 9.1 0.883053
 9.125 0.885357
 9.15 0.887661
 9.175 0.889964
 9.2 0.892267
 9.225 0.89457
 9.25 0.896873
 9.275 0.899175
 9.3 0.901477
 9.325 0.903779
 9.35 0.906081
 9.375 0.908383
 9.4 0.910684
 9.425 0.912985
 9.45 0.915286
 9.475 0.917587
 9.5 0.919887
 9.525 0.922188
 9.55 0.924488
 9.575 0.926788
 9.6 0.929087
 9.625 0.931387
 9.65 0.933686
 9.675 0.935985
 9.7 0.938284
 9.725 0.940583
 9.75 0.942881
 9.775 0.94518
 9.8 0.947478
 9.825 0.949776
 9.85 0.952074
 9.875 0.954371
 9.9 0.956669
 9.925 0.958966
 9.95 0.961263
 9.975 0.96356
 10 0.965857
 10.025 0.968154
 10.05 0.97045
 10.075 0.972747
 10.1 0.975043
 10.125 0.977339
 10.15 0.979635
 10.175 0.98193
 10.2 0.984226
 10.225 0.986522
 10.25 0.988817
 10.275 0.991112
 10.3 0.993407
 10.325 0.995702
 10.35 0.997997
 10.375 1.00029
 10.4 1.00259
 10.425 1.00488
 10.45 1.00718
 10.475 1.00947
 10.5 1.01177
 10.525 1.01406
 10.55 1.01636
 10.575 1.01865
 10.6 1.02095
 10.625 1.02324
 10.65 1.02554
 10.675 1.02783
 10.7 1.03013
 10.725 1.03242
 10.75 1.03472
 10.775 1.03701
 10.8 1.03931
 10.825 1.04161
 10.85 1.0439
 10.875 1.0462
 10.9 1.0485
 10.925 1.05079
 10.95 1.05309
 10.975 1.05538
 11 1.05768
 11.025 1.05998
 11.05 1.06228
 11.075 1.06457
 11.1 1.06687
 11.125 1.06917
 11.15 1.07146
 11.175 1.07376
 11.2 1.07606
 11.225 1.07836
 11.25 1.08065
 11.275 1.08295
 11.3 1.08525
 11.325 1.08755
 11.35 1.08984
 11.375 1.09214
 11.4 1.09444
 11.425 1.09674
 11.45 1.09904
 11.475 1.10133
 11.5 1.10363
 11.525 1.10593
 11.55 1.10823
 11.575 1.11053
 11.6 1.11283
 11.625 1.11513
 11.65 1.11742
 11.675 1.11972
 11.7 1.12202
 11.725 1.12432
 11.75 1.12662
 11.775 1.12892
 11.8 1.13122
 11.825 1.13352
 11.85 1.13582
 11.875 1.13812
 11.9 1.14042
 11.925 1.14272
 11.95 1.14502
 11.975 1.14732
 12 1.14962
 12.025 1.15192
 12.05 1.15422
 12.075 1.15652
 12.1 1.15882
 12.125 1.16112
 12.15 1.16343
 12.175 1.16573
 12.2 1.16803
 12.225 1.17033
 12.25 1.17263
 12.275 1.17493
 12.3 1.17724
 12.325 1.17954
 12.35 1.18184
 12.375 1.18414
 12.4 1.18644
 12.425 1.18875
 12.45 1.19105
 12.475 1.19335
 12.5 1.19566
 12.525 1.19796
 12.55 1.20026
 12.575 1.20257
 12.6 1.20487
 12.625 1.20717
 12.65 1.20948
 12.675 1.21178
 12.7 1.21409
 12.725 1.21639
 12.75 1.2187
 12.775 1.22101
 12.8 1.22331
 12.825 1.22562
 12.85 1.22793
 12.875 1.23024
 12.9 1.23254
 12.925 1.23485
 12.95 1.23716
 12.975 1.23947
 13 1.24178
 13.025 1.24409
 13.05 1.2464
 13.075 1.24871
 13.1 1.25102
 13.125 1.25334
 13.15 1.25565
 13.175 1.25796
 13.2 1.26027
 13.225 1.26259
 13.25 1.2649
 13.275 1.26721
 13.3 1.26953
 13.325 1.27184
 13.35 1.27415
 13.375 1.27647
 13.4 1.27879
 13.425 1.2811
 13.45 1.28342
 13.475 1.28573
 13.5 1.28805
 13.525 1.29037
 13.55 1.29268
 13.575 1.295
 13.6 1.29732
 13.625 1.29964
 13.65 1.30196
 13.675 1.30428
 13.7 1.3066
 13.725 1.30892
 13.75 1.31124
 13.775 1.31356
 13.8 1.31588
 13.825 1.3182
 13.85 1.32052
 13.875 1.32284
 13.9 1.32517
 13.925 1.32749
 13.95 1.32981
 13.975 1.33213
 14 1.33446
 14.025 1.33678
 14.05 1.33911
 14.075 1.34143
 14.1 1.34376
 14.125 1.34608
 14.15 1.34841
 14.175 1.35073
 14.2 1.35306
 14.225 1.35539
 14.25 1.35771
 14.275 1.36004
 14.3 1.36237
 14.325 1.3647
 14.35 1.36703
 14.375 1.36936
 14.4 1.37169
 14.425 1.37402
 14.45 1.37635
 14.475 1.37868
 14.5 1.38101
 14.525 1.38334
 14.55 1.38567
 14.575 1.388
 14.6 1.39033
 14.625 1.39267
 14.65 1.395
 14.675 1.39733
 14.7 1.39967
 14.725 1.402
 14.75 1.40434
 14.775 1.40667
 14.8 1.40901
 14.825 1.41135
 14.85 1.41368
 14.875 1.41602
 14.9 1.41836
 14.925 1.4207
 14.95 1.42304
 14.975 1.42538
 15 1.42772
 15.025 1.43006
 15.05 1.4324
 15.075 1.43475
 15.1 1.43709
 15.125 1.43943
 15.15 1.44178
 15.175 1.44412
 15.2 1.44647
 15.225 1.44882
 15.25 1.45116
 15.275 1.45351
 15.3 1.45586
 15.325 1.45821
 15.35 1.46056
 15.375 1.46291
 15.4 1.46526
 15.425 1.46761
 15.45 1.46996
 15.475 1.47232
 15.5 1.47467
 15.525 1.47702
 15.55 1.47938
 15.575 1.48173
 15.6 1.48409
 15.625 1.48644
 15.65 1.4888
 15.675 1.49116
 15.7 1.49351
 15.725 1.49587
 15.75 1.49823
 15.775 1.50059
 15.8 1.50295
 15.825 1.50531
 15.85 1.50767
 15.875 1.51004
 15.9 1.5124
 15.925 1.51476
 15.95 1.51712
 15.975 1.51949
 16 1.52185
 16.025 1.52422
 16.05 1.52658
 16.075 1.52895
 16.1 1.53132
 16.125 1.53369
 16.15 1.53605
 16.175 1.53842
 16.2 1.54079
 16.225 1.54316
 16.25 1.54553
 16.275 1.5479
 16.3 1.55028
 16.325 1.55265
 16.35 1.55502
 16.375 1.5574
 16.4 1.55977
 16.425 1.56214
 16.45 1.56452
 16.475 1.5669
 16.5 1.56927
 16.525 1.57165
 16.55 1.57403
 16.575 1.57641
 16.6 1.57878
 16.625 1.58116
 16.65 1.58354
 16.675 1.58593
 16.7 1.58831
 16.725 1.59069
 16.75 1.59307
 16.775 1.59546
 16.8 1.59784
 16.825 1.60022
 16.85 1.60261
 16.875 1.60499
 16.9 1.60738
 16.925 1.60977
 16.95 1.61216
 16.975 1.61455
 17 1.61694
 17.025 1.61933
 17.05 1.62172
 17.075 1.62411
 17.1 1.62651
 17.125 1.6289
 17.15 1.6313
 17.175 1.63369
 17.2 1.63609
 17.225 1.63849
 17.25 1.64089
 17.275 1.64329
 17.3 1.64569
 17.325 1.64809
 17.35 1.65049
 17.375 1.65289
 17.4 1.6553
 17.425 1.6577
 17.45 1.66011
 17.475 1.66251
 17.5 1.66492
 17.525 1.66733
 17.55 1.66974
 17.575 1.67215
 17.6 1.67456
 17.625 1.67697
 17.65 1.67938
 17.675 1.6818
 17.7 1.68421
 17.725 1.68663
 17.75 1.68904
 17.775 1.69146
 17.8 1.69388
 17.825 1.6963
 17.85 1.69871
 17.875 1.70113
 17.9 1.70356
 17.925 1.70598
 17.95 1.7084
 17.975 1.71082
 18 1.71325
 18.025 1.71567
 18.05 1.7181
 18.075 1.72052
 18.1 1.72295
 18.125 1.72538
 18.15 1.72781
 18.175 1.73024
 18.2 1.73267
 18.225 1.7351
 18.25 1.73753
 18.275 1.73997
 18.3 1.7424
 18.325 1.74484
 18.35 1.74727
 18.375 1.74971
 18.4 1.75215
 18.425 1.75459
 18.45 1.75702
 18.475 1.75946
 18.5 1.76191
 18.525 1.76435
 18.55 1.76679
 18.575 1.76923
 18.6 1.77168
 18.625 1.77412
 18.65 1.77657
 18.675 1.77902
 18.7 1.78146
 18.725 1.78391
 18.75 1.78636
 18.775 1.78881
 18.8 1.79126
 18.825 1.79371
 18.85 1.79617
 18.875 1.79862
 18.9 1.80108
 18.925 1.80353
 18.95 1.80599
 18.975 1.80845
 19 1.8109
 19.025 1.81336
 19.05 1.81583
 19.075 1.81829
 19.1 1.82075
 19.125 1.82322
 19.15 1.82568
 19.175 1.82815
 19.2 1.83062
 19.225 1.83309
 19.25 1.83556
 19.275 1.83803
 19.3 1.8405
 19.325 1.84297
 19.35 1.84545
 19.375 1.84792
 19.4 1.8504
 19.425 1.85288
 19.45 1.85536
 19.475 1.85784
 19.5 1.86032
 19.525 1.8628
 19.55 1.86529
 19.575 1.86777
 19.6 1.87026
 19.625 1.87274
 19.65 1.87523
 19.675 1.87772
 19.7 1.88021
 19.725 1.8827
 19.75 1.8852
 19.775 1.88769
 19.8 1.89019
 19.825 1.89268
 19.85 1.89518
 19.875 1.89768
 19.9 1.90018
 19.925 1.90268
 19.95 1.90518
 19.975 1.90768
 20 1.91019
 20.025 1.91269
 20.05 1.9152
 20.075 1.91771
 20.1 1.92021
 20.125 1.92272
 20.15 1.92523
 20.175 1.92775
 20.2 1.93026
 20.225 1.93277
 20.25 1.93529
 20.275 1.9378
 20.3 1.94032
 20.325 1.94284
 20.35 1.94536
 20.375 1.94788
 20.4 1.9504
 20.425 1.95293
 20.45 1.95545
 20.475 1.95797
 20.5 1.9605
 20.525 1.96303
 20.55 1.96556
 20.575 1.96809
 20.6 1.97062
 20.625 1.97315
 20.65 1.97568
 20.675 1.97822
 20.7 1.98075
 20.725 1.98329
 20.75 1.98583
 20.775 1.98836
 20.8 1.9909
 20.825 1.99345
 20.85 1.99599
 20.875 1.99853
 20.9 2.00108
 20.925 2.00362
 20.95 2.00617
 20.975 2.00872
 21 2.01127
 21.025 2.01382
 21.05 2.01637
 21.075 2.01893
 21.1 2.02148
 21.125 2.02404
 21.15 2.0266
 21.175 2.02916
 21.2 2.03172
 21.225 2.03428
 21.25 2.03685
 21.275 2.03941
 21.3 2.04198
 21.325 2.04455
 21.35 2.04712
 21.375 2.04969
 21.4 2.05226
 21.425 2.05484
 21.45 2.05741
 21.475 2.05999
 21.5 2.06257
 21.525 2.06515
 21.55 2.06773
 21.575 2.07032
 21.6 2.0729
 21.625 2.07549
 21.65 2.07808
 21.675 2.08066
 21.7 2.08325
 21.725 2.08585
 21.75 2.08844
 21.775 2.09104
 21.8 2.09363
 21.825 2.09623
 21.85 2.09883
 21.875 2.10143
 21.9 2.10403
 21.925 2.10663
 21.95 2.10924
 21.975 2.11185
 22 2.11445
 22.025 2.11706
 22.05 2.11967
 22.075 2.12229
 22.1 2.1249
 22.125 2.12751
 22.15 2.13013
 22.175 2.13275
 22.2 2.13537
 22.225 2.13799
 22.25 2.14061
 22.275 2.14324
 22.3 2.14586
 22.325 2.14849
 22.35 2.15112
 22.375 2.15375
 22.4 2.15638
 22.425 2.15901
 22.45 2.16164
 22.475 2.16428
 22.5 2.16691
 22.525 2.16955
 22.55 2.17219
 22.575 2.17483
 22.6 2.17748
 22.625 2.18012
 22.65 2.18277
 22.675 2.18541
 22.7 2.18806
 22.725 2.19071
 22.75 2.19336
 22.775 2.19602
 22.8 2.19867
 22.825 2.20133
 22.85 2.20398
 22.875 2.20664
 22.9 2.2093
 22.925 2.21197
 22.95 2.21463
 22.975 2.2173
 23 2.21997
 23.025 2.22264
 23.05 2.22531
 23.075 2.22798
 23.1 2.23066
 23.125 2.23333
 23.15 2.23601
 23.175 2.23869
 23.2 2.24138
 23.225 2.24406
 23.25 2.24675
 23.275 2.24944
 23.3 2.25213
 23.325 2.25482
 23.35 2.25751
 23.375 2.26021
 23.4 2.26291
 23.425 2.26561
 23.45 2.26831
 23.475 2.27101
 23.5 2.27371
 23.525 2.27642
 23.55 2.27913
 23.575 2.28184
 23.6 2.28455
 23.625 2.28726
 23.65 2.28998
 23.675 2.2927
 23.7 2.29542
 23.725 2.29814
 23.75 2.30086
 23.775 2.30359
 23.8 2.30631
 23.825 2.30904
 23.85 2.31177
 23.875 2.3145
 23.9 2.31724
 23.925 2.31997
 23.95 2.32271
 23.975 2.32545
 24 2.32819
 24.025 2.33094
 24.05 2.33368
 24.075 2.33643
 24.1 2.33918
 24.125 2.34193
 24.15 2.34468
 24.175 2.34743
 24.2 2.35019
 24.225 2.35295
 24.25 2.35571
 24.275 2.35847
 24.3 2.36123
 24.325 2.364
 24.35 2.36676
 24.375 2.36953
 24.4 2.3723
 24.425 2.37508
 24.45 2.37785
 24.475 2.38063
 24.5 2.3834
 24.525 2.38618
 24.55 2.38897
 24.575 2.39175
 24.6 2.39454
 24.625 2.39732
 24.65 2.40011
 24.675 2.4029
 24.7 2.4057
 24.725 2.40849
 24.75 2.41129
 24.775 2.41409
 24.8 2.41689
 24.825 2.4197
 24.85 2.4225
 24.875 2.42531
 24.9 2.42812
 24.925 2.43094
 24.95 2.43375
 24.975 2.43657
 25 2.43939
 25.025 2.44222
 25.05 2.44504
 25.075 2.44787
 25.1 2.4507
 25.125 2.45353
 25.15 2.45636
 25.175 2.4592
 25.2 2.46204
 25.225 2.46488
 25.25 2.46772
 25.275 2.47057
 25.3 2.47341
 25.325 2.47626
 25.35 2.47912
 25.375 2.48197
 25.4 2.48483
 25.425 2.48769
 25.45 2.49055
 25.475 2.49341
 25.5 2.49628
 25.525 2.49915
 25.55 2.50202
 25.575 2.50489
 25.6 2.50776
 25.625 2.51064
 25.65 2.51352
 25.675 2.5164
 25.7 2.51929
 25.725 2.52217
 25.75 2.52506
 25.775 2.52795
 25.8 2.53085
 25.825 2.53374
 25.85 2.53664
 25.875 2.53954
 25.9 2.54244
 25.925 2.54535
 25.95 2.54826
 25.975 2.55117
 26 2.55408
 26.025 2.55699
 26.05 2.55991
 26.075 2.56283
 26.1 2.56575
 26.125 2.56867
 26.15 2.5716
 26.175 2.57453
 26.2 2.57746
 26.225 2.58039
 26.25 2.58332
 26.275 2.58626
 26.3 2.5892
 26.325 2.59214
 26.35 2.59509
 26.375 2.59804
 26.4 2.60099
 26.425 2.60394
 26.45 2.60689
 26.475 2.60985
 26.5 2.61281
 26.525 2.61577
 26.55 2.61874
 26.575 2.6217
 26.6 2.62467
 26.625 2.62765
 26.65 2.63062
 26.675 2.6336
 26.7 2.63659
 26.725 2.63957
 26.75 2.64256
 26.775 2.64555
 26.8 2.64854
 26.825 2.65154
 26.85 2.65454
 26.875 2.65754
 26.9 2.66054
 26.925 2.66355
 26.95 2.66656
 26.975 2.66957
 27 2.67259
 27.025 2.67561
 27.05 2.67863
 27.075 2.68165
 27.1 2.68468
 27.125 2.68771
 27.15 2.69074
 27.175 2.69378
 27.2 2.69682
 27.225 2.69986
 27.25 2.7029
 27.275 2.70595
 27.3 2.709
 27.325 2.71205
 27.35 2.71511
 27.375 2.71816
 27.4 2.72123
 27.425 2.72429
 27.45 2.72736
 27.475 2.73043
 27.5 2.7335
 27.525 2.73657
 27.55 2.73965
 27.575 2.74273
 27.6 2.74582
 27.625 2.7489
 27.65 2.75199
 27.675 2.75509
 27.7 2.75818
 27.725 2.76128
 27.75 2.76438
 27.775 2.76749
 27.8 2.77059
 27.825 2.7737
 27.85 2.77682
 27.875 2.77993
 27.9 2.78305
 27.925 2.78617
 27.95 2.7893
 27.975 2.79243
 28 2.79556
 28.025 2.79869
 28.05 2.80183
 28.075 2.80497
 28.1 2.80811
 28.125 2.81125
 28.15 2.8144
 28.175 2.81756
 28.2 2.82071
 28.225 2.82387
 28.25 2.82703
 28.275 2.8302
 28.3 2.83337
 28.325 2.83654
 28.35 2.83972
 28.375 2.8429
 28.4 2.84608
 28.425 2.84927
 28.45 2.85246
 28.475 2.85566
 28.5 2.85885
 28.525 2.86206
 28.55 2.86526
 28.575 2.86847
 28.6 2.87168
 28.625 2.87489
 28.65 2.87811
 28.675 2.88133
 28.7 2.88456
 28.725 2.88779
 28.75 2.89102
 28.775 2.89426
 28.8 2.8975
 28.825 2.90074
 28.85 2.90399
 28.875 2.90723
 28.9 2.91049
 28.925 2.91375
 28.95 2.91701
 28.975 2.92027
 29 2.92354
 29.025 2.92681
 29.05 2.93008
 29.075 2.93336
 29.1 2.93664
 29.125 2.93993
 29.15 2.94322
 29.175 2.94651
 29.2 2.9498
 29.225 2.9531
 29.25 2.95641
 29.275 2.95971
 29.3 2.96302
 29.325 2.96634
 29.35 2.96965
 29.375 2.97298
 29.4 2.9763
 29.425 2.97963
 29.45 2.98296
 29.475 2.9863
 29.5 2.98964
 29.525 2.99298
 29.55 2.99632
 29.575 2.99967
 29.6 3.00303
 29.625 3.00639
 29.65 3.00975
 29.675 3.01311
 29.7 3.01648
 29.725 3.01986
 29.75 3.02323
 29.775 3.02662
 29.8 3.03
 29.825 3.03339
 29.85 3.03679
 29.875 3.04019
 29.9 3.04359
 29.925 3.047
 29.95 3.05041
 29.975 3.05383
 30 3.05725
 30.025 3.06067
 30.05 3.0641
 30.075 3.06753
 30.1 3.07097
 30.125 3.07441
 30.15 3.07786
 30.175 3.08131
 30.2 3.08476
 30.225 3.08822
 30.25 3.09169
 30.275 3.09515
 30.3 3.09863
 30.325 3.1021
 30.35 3.10558
 30.375 3.10907
 30.4 3.11256
 30.425 3.11605
 30.45 3.11955
 30.475 3.12305
 30.5 3.12656
 30.525 3.13007
 30.55 3.13358
 30.575 3.1371
 30.6 3.14063
 30.625 3.14415
 30.65 3.14769
 30.675 3.15122
 30.7 3.15477
 30.725 3.15831
 30.75 3.16186
 30.775 3.16542
 30.8 3.16898
 30.825 3.17254
 30.85 3.17611
 30.875 3.17968
 30.9 3.18326
 30.925 3.18684
 30.95 3.19043
 30.975 3.19402
 31 3.19761
 31.025 3.20121
 31.05 3.20482
 31.075 3.20843
 31.1 3.21204
 31.125 3.21566
 31.15 3.21928
 31.175 3.22291
 31.2 3.22655
 31.225 3.23019
 31.25 3.23383
 31.275 3.23748
 31.3 3.24113
 31.325 3.24479
 31.35 3.24846
 31.375 3.25213
 31.4 3.25581
 31.425 3.25949
 31.45 3.26317
 31.475 3.26687
 31.5 3.27056
 31.525 3.27426
 31.55 3.27797
 31.575 3.28168
 31.6 3.2854
 31.625 3.28913
 31.65 3.29285
 31.675 3.29659
 31.7 3.30033
 31.725 3.30407
 31.75 3.30782
 31.775 3.31158
 31.8 3.31534
 31.825 3.3191
 31.85 3.32287
 31.875 3.32665
 31.9 3.33043
 31.925 3.33422
 31.95 3.33801
 31.975 3.34181
 32 3.34561
 32.025 3.34942
 32.05 3.35323
 32.075 3.35705
 32.1 3.36088
 32.125 3.36471
 32.15 3.36855
 32.175 3.37239
 32.2 3.37623
 32.225 3.38009
 32.25 3.38394
 32.275 3.38781
 32.3 3.39168
 32.325 3.39555
 32.35 3.39943
 32.375 3.40332
 32.4 3.40721
 32.425 3.4111
 32.45 3.41501
 32.475 3.41892
 32.5 3.42283
 32.525 3.42676
 32.55 3.43068
 32.575 3.43462
 32.6 3.43856
 32.625 3.44251
 32.65 3.44646
 32.675 3.45042
 32.7 3.45439
 32.725 3.45836
 32.75 3.46234
 32.775 3.46633
 32.8 3.47032
 32.825 3.47432
 32.85 3.47832
 32.875 3.48233
 32.9 3.48635
 32.925 3.49038
 32.95 3.49441
 32.975 3.49844
 33 3.50249
 33.025 3.50654
 33.05 3.5106
 33.075 3.51466
 33.1 3.51873
 33.125 3.52281
 33.15 3.52689
 33.175 3.53098
 33.2 3.53508
 33.225 3.53918
 33.25 3.54329
 33.275 3.54741
 33.3 3.55153
 33.325 3.55566
 33.35 3.5598
 33.375 3.56394
 33.4 3.56809
 33.425 3.57224
 33.45 3.57641
 33.475 3.58058
 33.5 3.58476
 33.525 3.58894
 33.55 3.59313
 33.575 3.59733
 33.6 3.60153
 33.625 3.60574
 33.65 3.60996
 33.675 3.61419
 33.7 3.61842
 33.725 3.62266
 33.75 3.62691
 33.775 3.63116
 33.8 3.63543
 33.825 3.6397
 33.85 3.64398
 33.875 3.64827
 33.9 3.65256
 33.925 3.65686
 33.95 3.66117
 33.975 3.66549
 34 3.66982
 34.025 3.67415
 34.05 3.67849
 34.075 3.68284
 34.1 3.6872
 34.125 3.69157
 34.15 3.69594
 34.175 3.70032
 34.2 3.70471
 34.225 3.70911
 34.25 3.71352
 34.275 3.71793
 34.3 3.72235
 34.325 3.72678
 34.35 3.73122
 34.375 3.73567
 34.4 3.74012
 34.425 3.74458
 34.45 3.74905
 34.475 3.75353
 34.5 3.75802
 34.525 3.76251
 34.55 3.76702
 34.575 3.77153
 34.6 3.77605
 34.625 3.78058
 34.65 3.78511
 34.675 3.78966
 34.7 3.79421
 34.725 3.79877
 34.75 3.80335
 34.775 3.80792
 34.8 3.81251
 34.825 3.81711
 34.85 3.82171
 34.875 3.82633
 34.9 3.83095
 34.925 3.83559
 34.95 3.84023
 34.975 3.84488
 35 3.84955
 35.025 3.85422
 35.05 3.8589
 35.075 3.86359
 35.1 3.86829
 35.125 3.873
 35.15 3.87772
 35.175 3.88245
 35.2 3.88719
 35.225 3.89194
 35.25 3.8967
 35.275 3.90147
 35.3 3.90624
 35.325 3.91103
 35.35 3.91583
 35.375 3.92064
 35.4 3.92545
 35.425 3.93028
 35.45 3.93512
 35.475 3.93997
 35.5 3.94482
 35.525 3.94969
 35.55 3.95457
 35.575 3.95946
 35.6 3.96435
 35.625 3.96926
 35.65 3.97418
 35.675 3.97911
 35.7 3.98405
 35.725 3.989
 35.75 3.99395
 35.775 3.99892
 35.8 4.0039
 35.825 4.00889
 35.85 4.01389
 35.875 4.01891
 35.9 4.02393
 35.925 4.02896
 35.95 4.03401
 35.975 4.03907
 36 4.04414
 36.025 4.04922
 36.05 4.05431
 36.075 4.05941
 36.1 4.06453
 36.125 4.06966
 36.15 4.0748
 36.175 4.07995
 36.2 4.08511
 36.225 4.09028
 36.25 4.09547
 36.275 4.10067
 36.3 4.10588
 36.325 4.1111
 36.35 4.11633
 36.375 4.12158
 36.4 4.12684
 36.425 4.13211
 36.45 4.13739
 36.475 4.14269
 36.5 4.14799
 36.525 4.15331
 36.55 4.15865
 36.575 4.16399
 36.6 4.16935
 36.625 4.17472
 36.65 4.1801
 36.675 4.18549
 36.7 4.1909
 36.725 4.19632
 36.75 4.20175
 36.775 4.20719
 36.8 4.21265
 36.825 4.21812
 36.85 4.22361
 36.875 4.22911
 36.9 4.23462
 36.925 4.24015
 36.95 4.24569
 36.975 4.25124
 37 4.25681
 37.025 4.26239
 37.05 4.26799
 37.075 4.2736
 37.1 4.27923
 37.125 4.28487
 37.15 4.29052
 37.175 4.29619
 37.2 4.30188
 37.225 4.30758
 37.25 4.31329
 37.275 4.31902
 37.3 4.32476
 37.325 4.33052
 37.35 4.33629
 37.375 4.34208
 37.4 4.34788
 37.425 4.3537
 37.45 4.35953
 37.475 4.36537
 37.5 4.37124
 37.525 4.37712
 37.55 4.38301
 37.575 4.38892
 37.6 4.39484
 37.625 4.40078
 37.65 4.40673
 37.675 4.41271
 37.7 4.41869
 37.725 4.4247
 37.75 4.43072
 37.775 4.43676
 37.8 4.44281
 37.825 4.44888
 37.85 4.45497
 37.875 4.46108
 37.9 4.4672
 37.925 4.47334
 37.95 4.4795
 37.975 4.48568
 38 4.49187
 38.025 4.49809
 38.05 4.50431
 38.075 4.51056
 38.1 4.51683
 38.125 4.52311
 38.15 4.52941
 38.175 4.53573
 38.2 4.54207
 38.225 4.54842
 38.25 4.5548
 38.275 4.56119
 38.3 4.5676
 38.325 4.57403
 38.35 4.58048
 38.375 4.58694
 38.4 4.59343
 38.425 4.59993
 38.45 4.60646
 38.475 4.613
 38.5 4.61956
 38.525 4.62615
 38.55 4.63275
 38.575 4.63937
 38.6 4.64602
 38.625 4.65268
 38.65 4.65937
 38.675 4.66608
 38.7 4.67281
 38.725 4.67956
 38.75 4.68633
 38.775 4.69313
 38.8 4.69994
 38.825 4.70678
 38.85 4.71364
 38.875 4.72052
 38.9 4.72742
 38.925 4.73434
 38.95 4.74129
 38.975 4.74826
 39 4.75525
 39.025 4.76226
 39.05 4.7693
 39.075 4.77635
 39.1 4.78344
 39.125 4.79054
 39.15 4.79767
 39.175 4.80482
 39.2 4.81199
 39.225 4.81919
 39.25 4.82641
 39.275 4.83366
 39.3 4.84093
 39.325 4.84823
 39.35 4.85555
 39.375 4.8629
 39.4 4.87027
 39.425 4.87767
 39.45 4.8851
 39.475 4.89255
 39.5 4.90003
 39.525 4.90754
 39.55 4.91507
 39.575 4.92263
 39.6 4.93021
 39.625 4.93782
 39.65 4.94546
 39.675 4.95313
 39.7 4.96082
 39.725 4.96854
 39.75 4.97629
 39.775 4.98406
 39.8 4.99186
 39.825 4.99969
 39.85 5.00755
 39.875 5.01544
 39.9 5.02336
 39.925 5.03131
 39.95 5.03929
 39.975 5.04729
 40 5.05533
 40.025 5.0634
 40.05 5.07151
 40.075 5.07964
 40.1 5.08781
 40.125 5.096
 40.15 5.10423
 40.175 5.11249
 40.2 5.12078
 40.225 5.12911
 40.25 5.13747
 40.275 5.14586
 40.3 5.15428
 40.325 5.16274
 40.35 5.17123
 40.375 5.17975
 40.4 5.18831
 40.425 5.1969
 40.45 5.20552
 40.475 5.21418
 40.5 5.22288
 40.525 5.23161
 40.55 5.24038
 40.575 5.24918
 40.6 5.25802
 40.625 5.26691
 40.65 5.27582
 40.675 5.28478
 40.7 5.29378
 40.725 5.30281
 40.75 5.31188
 40.775 5.321
 40.8 5.33015
 40.825 5.33934
 40.85 5.34857
 40.875 5.35784
 40.9 5.36715
 40.925 5.3765
 40.95 5.38589
 40.975 5.39532
 41 5.4048
 41.025 5.41431
 41.05 5.42387
 41.075 5.43347
 41.1 5.44312
 41.125 5.45281
 41.15 5.46255
 41.175 5.47234
 41.2 5.48217
 41.225 5.49204
 41.25 5.50197
 41.275 5.51194
 41.3 5.52195
 41.325 5.53202
 41.35 5.54213
 41.375 5.55229
 41.4 5.5625
 41.425 5.57276
 41.45 5.58306
 41.475 5.59342
 41.5 5.60383
 41.525 5.61428
 41.55 5.62479
 41.575 5.63535
 41.6 5.64597
 41.625 5.65664
 41.65 5.66737
 41.675 5.67815
 41.7 5.68898
 41.725 5.69988
 41.75 5.71083
 41.775 5.72183
 41.8 5.7329
 41.825 5.74402
 41.85 5.7552
 41.875 5.76644
 41.9 5.77774
 41.925 5.7891
 41.95 5.80051
 41.975 5.81199
 42 5.82353
 42.025 5.83514
 42.05 5.8468
 42.075 5.85854
 42.1 5.87034
 42.125 5.88221
 42.15 5.89414
 42.175 5.90615
 42.2 5.91822
 42.225 5.93036
 42.25 5.94257
 42.275 5.95485
 42.3 5.9672
 42.325 5.97963
 42.35 5.99212
 42.375 6.00469
 42.4 6.01733
 42.425 6.03004
 42.45 6.04284
 42.475 6.05571
 42.5 6.06866
 42.525 6.08169
 42.55 6.0948
 42.575 6.108
 42.6 6.12128
 42.625 6.13464
 42.65 6.14808
 42.675 6.16161
 42.7 6.17523
 42.725 6.18893
 42.75 6.20272
 42.775 6.21659
 42.8 6.23056
 42.825 6.24462
 42.85 6.25877
 42.875 6.27302
 42.9 6.28736
 42.925 6.3018
 42.95 6.31635
 42.975 6.33099
 43 6.34573
 43.025 6.36057
 43.05 6.37552
 43.075 6.39057
 43.1 6.40572
 43.125 6.42098
 43.15 6.43635
 43.175 6.45183
 43.2 6.46742
 43.225 6.48313
 43.25 6.49895
 43.275 6.5149
 43.3 6.53096
 43.325 6.54714
 43.35 6.56344
 43.375 6.57987
 43.4 6.59642
 43.425 6.6131
 43.45 6.6299
 43.475 6.64684
 43.5 6.66391
 43.525 6.68112
 43.55 6.69846
 43.575 6.71595
 43.6 6.73358
 43.625 6.75135
 43.65 6.76927
 43.675 6.78733
 43.7 6.80555
 43.725 6.82391
 43.75 6.84244
 43.775 6.86112
 43.8 6.87996
 43.825 6.89897
 43.85 6.91814
 43.875 6.93749
 43.9 6.957
 43.925 6.97669
 43.95 6.99656
 43.975 7.0166
 44 7.03683
 44.025 7.05725
 44.05 7.07785
 44.075 7.09866
 44.1 7.11966
 44.125 7.14086
 44.15 7.16227
 44.175 7.18388
 44.2 7.2057
 44.225 7.22774
 44.25 7.25
 44.275 7.27248
 44.3 7.2952
 44.325 7.31815
 44.35 7.34133
 44.375 7.36476
 44.4 7.38843
 44.425 7.41236
 44.45 7.43654
 44.475 7.46098
 44.5 7.48569
 44.525 7.51067
 44.55 7.53594
 44.575 7.56149
 44.6 7.58733
 44.625 7.61346
 44.65 7.6399
 44.675 7.66664
 44.7 7.69371
 44.725 7.7211
 44.75 7.74882
 44.775 7.77688
 44.8 7.80528
 44.825 7.83404
 44.85 7.86315
 44.875 7.89264
 44.9 7.92252
 44.925 7.95278
 44.95 7.98344
 44.975 8.01451
 45 8.04599
 45.025 8.07791
 45.05 8.11026
 45.075 8.14307
 45.1 8.17634
 45.125 8.21009
 45.15 8.24432
 45.175 8.27905
 45.2 8.3143
 45.225 8.35008
 45.25 8.3864
 45.275 8.42328
 45.3 8.46073
 45.325 8.49878
 45.35 8.53743
 45.375 8.57671
 45.4 8.61664
 45.425 8.65723
 45.45 8.69851
 45.475 8.74049
 45.5 8.78321
 45.525 8.82668
 45.55 8.87092
 45.575 8.91597
 45.6 8.96184
 45.625 9.00858
 45.65 9.0562
 45.675 9.10474
 45.7 9.15423
 45.725 9.2047
 45.75 9.2562
 45.775 9.30875
 45.8 9.3624
 45.825 9.4172
 45.85 9.47317
 45.875 9.53038
 45.9 9.58887
 45.925 9.64869
 45.95 9.70989
 45.975 9.77255
 46 9.83671
 46.025 9.90245
 46.05 9.96984
 46.075 10.0389
 46.1 10.1098
 46.125 10.1826
 46.15 10.2574
 46.175 10.3342
 46.2 10.4132
 46.225 10.4945
 46.25 10.5782
 46.275 10.6644
 46.3 10.7533
 46.325 10.845
 46.35 10.9397
 46.375 11.0375
 46.4 11.1387
 46.425 11.2434
 46.45 11.3519
 46.475 11.4643
 46.5 11.5811
 46.525 11.7024
 46.55 11.8285
 46.575 11.9599
 46.6 12.0968
 46.625 12.2397
 46.65 12.3892
 46.675 12.5456
 46.7 12.7095
 46.725 12.8817
 46.75 13.0627
 46.775 13.2535
 46.8 13.4549
 46.825 13.668
 46.85 13.8939
 46.875 14.1339
 46.9 14.3895
 46.925 14.6626
 46.95 14.9551
 46.975 15.2694
 47 15.6082
 47.025 15.9748
 47.05 16.3729
 47.075 16.8072
 47.1 17.283
 47.125 17.807
 47.15 18.387
 47.175 19.0327
 47.2 19.756
 47.225 20.5718
 47.25 21.4982
 47.275 22.558
 47.3 23.7795
 47.325 25.1978
 47.35 26.8555
 47.375 28.8028
 47.4 31.0948
 47.425 33.7833
 47.45 36.8986
 47.475 40.4197
 47.5 44.2459
 47.525 48.201
 47.55 52.0808
 47.575 55.7047
 47.6 58.9451
 47.625 61.7345
 47.65 64.0552
 47.675 65.9226
 47.7 67.37
 47.725 68.4371
 47.75 69.1641
 47.775 69.589
 47.8 69.7469
 47.825 69.6698
 47.85 69.3874
 47.875 68.9268
 47.9 68.3132
 47.925 67.5699
 47.95 66.7181
 47.975 65.7777
 48 64.7667
 48.025 63.7017
 48.05 62.5976
 48.075 61.4682
 48.1 60.3257
 48.125 59.1809
 48.15 58.0434
 48.175 56.9212
 48.2 55.821
 48.225 54.748
 48.25 53.7062
 48.275 52.6982
 48.3 51.7257
 48.325 50.7894
 48.35 49.8891
 48.375 49.0241
 48.4 48.1933
 48.425 47.3952
 48.45 46.6283
 48.475 45.8905
 48.5 45.1798
 48.525 44.4943
 48.55 43.8319
 48.575 43.1906
 48.6 42.5686
 48.625 41.9641
 48.65 41.3755
 48.675 40.8015
 48.7 40.2407
 48.725 39.6923
 48.75 39.1552
 48.775 38.6285
 48.8 38.1118
 48.825 37.6042
 48.85 37.1055
 48.875 36.6151
 48.9 36.1327
 48.925 35.6581
 48.95 35.1909
 48.975 34.731
 49 34.2783
 49.025 33.8326
 49.05 33.3937
 49.075 32.9616
 49.1 32.5361
 49.125 32.1172
 49.15 31.7049
 49.175 31.299
 49.2 30.8994
 49.225 30.5061
 49.25 30.119
 49.275 29.7381
 49.3 29.3632
 49.325 28.9943
 49.35 28.6312
 49.375 28.274
 49.4 27.9226
 49.425 27.5767
 49.45 27.2365
 49.475 26.9017
 49.5 26.5723
 49.525 26.2482
 49.55 25.9293
 49.575 25.6156
 49.6 25.307
 49.625 25.0033
 49.65 24.7045
 49.675 24.4106
 49.7 24.1214
 49.725 23.8369
 49.75 23.557
 49.775 23.2817
 49.8 23.0109
 49.825 22.7444
 49.85 22.4823
 49.875 22.2246
 49.9 21.971
 49.925 21.7217
 49.95 21.4765
 49.975 21.2354
 50 20.9984
 50.025 20.7653
 50.05 20.5362
 50.075 20.3111
 50.1 20.0898
 50.125 19.8723
 50.15 19.6587
 50.175 19.4488
 50.2 19.2427
 50.225 19.0402
 50.25 18.8415
 50.275 18.6463
 50.3 18.4548
 50.325 18.2668
 50.35 18.0824
 50.375 17.9014
 50.4 17.7239
 50.425 17.5499
 50.45 17.3793
 50.475 17.212
 50.5 17.0481
 50.525 16.8875
 50.55 16.7302
 50.575 16.5761
 50.6 16.4252
 50.625 16.2775
 50.65 16.1329
 50.675 15.9915
 50.7 15.8531
 50.725 15.7178
 50.75 15.5854
 50.775 15.456
 50.8 15.3296
 50.825 15.2061
 50.85 15.0854
 50.875 14.9675
 50.9 14.8525
 50.925 14.7402
 50.95 14.6306
 50.975 14.5237
 51 14.4194
 51.025 14.3178
 51.05 14.2188
 51.075 14.1223
 51.1 14.0283
 51.125 13.9368
 51.15 13.8478
 51.175 13.7612
 51.2 13.677
 51.225 13.5952
 51.25 13.5157
 51.275 13.4385
 51.3 13.3636
 51.325 13.2909
 51.35 13.2205
 51.375 13.1522
 51.4 13.0862
 51.425 13.0223
 51.45 12.9606
 51.475 12.901
 51.5 12.8434
 51.525 12.788
 51.55 12.7346
 51.575 12.6833
 51.6 12.634
 51.625 12.5867
 51.65 12.5414
 51.675 12.4982
 51.7 12.4569
 51.725 12.4176
 51.75 12.3802
 51.775 12.3449
 51.8 12.3115
 51.825 12.28
 51.85 12.2505
 51.875 12.223
 51.9 12.1974
 51.925 12.1738
 51.95 12.1521
 51.975 12.1325
 52 12.1147
 52.025 12.099
 52.05 12.0852
 52.075 12.0735
 52.1 12.0637
 52.125 12.056
 52.15 12.0503
 52.175 12.0467
 52.2 12.0452
 52.225 12.0457
 52.25 12.0483
 52.275 12.0531
 52.3 12.0601
 52.325 12.0692
 52.35 12.0805
 52.375 12.0941
 52.4 12.11
 52.425 12.1281
 52.45 12.1486
 52.475 12.1715
 52.5 12.1968
 52.525 12.2245
 52.55 12.2548
 52.575 12.2876
 52.6 12.323
 52.625 12.3611
 52.65 12.4018
 52.675 12.4453
 52.7 12.4917
 52.725 12.5409
 52.75 12.5931
 52.775 12.6483
 52.8 12.7067
 52.825 12.7682
 52.85 12.833
 52.875 12.9012
 52.9 12.9729
 52.925 13.0481
 52.95 13.1271
 52.975 13.2098
 53 13.2965
 53.025 13.3873
 53.05 13.4824
 53.075 13.5818
 53.1 13.6858
 53.125 13.7945
 53.15 13.9082
 53.175 14.027
 53.2 14.1512
 53.225 14.281
 53.25 14.4168
 53.275 14.5587
 53.3 14.707
 53.325 14.8623
 53.35 15.0247
 53.375 15.1947
 53.4 15.3728
 53.425 15.5594
 53.45 15.7551
 53.475 15.9604
 53.5 16.176
 53.525 16.4026
 53.55 16.641
 53.575 16.892
 53.6 17.1567
 53.625 17.436
 53.65 17.7313
 53.675 18.0439
 53.7 18.3753
 53.725 18.7272
 53.75 19.1015
 53.775 19.5004
 53.8 19.9264
 53.825 20.3822
 53.85 20.8709
 53.875 21.3962
 53.9 21.9621
 53.925 22.573
 53.95 23.2341
 53.975 23.9511
 54 24.7303
 54.025 25.5787
 54.05 26.5037
 54.075 27.5129
 54.1 28.6142
 54.125 29.8142
 54.15 31.1182
 54.175 32.5282
 54.2 34.0411
 54.225 35.6464
 54.25 37.324
 54.275 39.0435
 54.3 40.7642
 54.325 42.4396
 54.35 44.0218
 54.375 45.4679
 54.4 46.7438
 54.425 47.8266
 54.45 48.7039
 54.475 49.3731
 54.5 49.8391
 54.525 50.1119
 54.55 50.2055
 54.575 50.1356
 54.6 49.9188
 54.625 49.5716
 54.65 49.1105
 54.675 48.5511
 54.7 47.9083
 54.725 47.1962
 54.75 46.4276
 54.775 45.6143
 54.8 44.7673
 54.825 43.8963
 54.85 43.01
 54.875 42.1164
 54.9 41.222
 54.925 40.3328
 54.95 39.4536
 54.975 38.5885
 55 37.7407
 55.025 36.9128
 55.05 36.1066
 55.075 35.3235
 55.1 34.5643
 55.125 33.8295
 55.15 33.1192
 55.175 32.4333
 55.2 31.7715
 55.225 31.1334
 55.25 30.5183
 55.275 29.9257
 55.3 29.3548
 55.325 28.805
 55.35 28.2755
 55.375 27.7656
 55.4 27.2746
 55.425 26.8018
 55.45 26.3466
 55.475 25.9082
 55.5 25.4862
 55.525 25.0799
 55.55 24.6887
 55.575 24.3121
 55.6 23.9498
 55.625 23.601
 55.65 23.2655
 55.675 22.9428
 55.7 22.6326
 55.725 22.3343
 55.75 22.0478
 55.775 21.7726
 55.8 21.5084
 55.825 21.255
 55.85 21.0119
 55.875 20.7791
 55.9 20.5561
 55.925 20.3428
 55.95 20.1389
 55.975 19.9443
 56 19.7585
 56.025 19.5816
 56.05 19.4132
 56.075 19.2532
 56.1 19.1014
 56.125 18.9577
 56.15 18.8218
 56.175 18.6936
 56.2 18.5729
 56.225 18.4597
 56.25 18.3537
 56.275 18.2549
 56.3 18.163
 56.325 18.0781
 56.35 17.9998
 56.375 17.9283
 56.4 17.8632
 56.425 17.8046
 56.45 17.7524
 56.475 17.7064
 56.5 17.6666
 56.525 17.6328
 56.55 17.6051
 56.575 17.5833
 56.6 17.5673
 56.625 17.5572
 56.65 17.5529
 56.675 17.5543
 56.7 17.5614
 56.725 17.5741
 56.75 17.5924
 56.775 17.6163
 56.8 17.6458
 56.825 17.6809
 56.85 17.7215
 56.875 17.7677
 56.9 17.8195
 56.925 17.8768
 56.95 17.9398
 56.975 18.0085
 57 18.0829
 57.025 18.163
 57.05 18.2489
 57.075 18.3408
 57.1 18.4386
 57.125 18.5425
 57.15 18.6525
 57.175 18.7689
 57.2 18.8917
 57.225 19.0211
 57.25 19.1572
 57.275 19.3003
 57.3 19.4504
 57.325 19.608
 57.35 19.7731
 57.375 19.946
 57.4 20.1271
 57.425 20.3166
 57.45 20.5148
 57.475 20.7222
 57.5 20.939
 57.525 21.1657
 57.55 21.4029
 57.575 21.6508
 57.6 21.9101
 57.625 22.1813
 57.65 22.4649
 57.675 22.7617
 57.7 23.0722
 57.725 23.3971
 57.75 23.7372
 57.775 24.0932
 57.8 24.4659
 57.825 24.856
 57.85 25.2643
 57.875 25.6917
 57.9 26.1387
 57.925 26.6061
 57.95 27.0945
 57.975 27.6043
 58 28.1357
 58.025 28.6888
 58.05 29.2632
 58.075 29.8583
 58.1 30.473
 58.125 31.1055
 58.15 31.7534
 58.175 32.4136
 58.2 33.0822
 58.225 33.7544
 58.25 34.4247
 58.275 35.0867
 58.3 35.7335
 58.325 36.3578
 58.35 36.952
 58.375 37.5087
 58.4 38.0211
 58.425 38.483
 58.45 38.8891
 58.475 39.2354
 58.5 39.5192
 58.525 39.739
 58.55 39.8944
 58.575 39.9865
 58.6 40.0171
 58.625 39.9888
 58.65 39.905
 58.675 39.7695
 58.7 39.5865
 58.725 39.3603
 58.75 39.0954
 58.775 38.7961
 58.8 38.4667
 58.825 38.1114
 58.85 37.734
 58.875 37.3383
 58.9 36.9276
 58.925 36.505
 58.95 36.0733
 58.975 35.6352
 59 35.1928
 59.025 34.7482
 59.05 34.3032
 59.075 33.8592
 59.1 33.4178
 59.125 32.9799
 59.15 32.5466
 59.175 32.1187
 59.2 31.6969
 59.225 31.2817
 59.25 30.8737
 59.275 30.4733
 59.3 30.0806
 59.325 29.6959
 59.35 29.3194
 59.375 28.9513
 59.4 28.5915
 59.425 28.2401
 59.45 27.8972
 59.475 27.5627
 59.5 27.2365
 59.525 26.9186
 59.55 26.609
 59.575 26.3074
 59.6 26.014
 59.625 25.7284
 59.65 25.4507
 59.675 25.1807
 59.7 24.9183
 59.725 24.6634
 59.75 24.4158
 59.775 24.1755
 59.8 23.9424
 59.825 23.7163
 59.85 23.497
 59.875 23.2846
 59.9 23.0789
 59.925 22.8798
 59.95 22.6872
 59.975 22.5009
 60 22.3209
 60.025 22.1472
 60.05 21.9794
 60.075 21.8177
 60.1 21.6619
 60.125 21.5119
 60.15 21.3675
 60.175 21.2288
 60.2 21.0956
 60.225 20.9678
 60.25 20.8454
 60.275 20.7283
 60.3 20.6163
 60.325 20.5095
 60.35 20.4077
 60.375 20.3108
 60.4 20.2189
 60.425 20.1317
 60.45 20.0494
 60.475 19.9717
 60.5 19.8986
 60.525 19.8301
 60.55 19.7662
 60.575 19.7067
 60.6 19.6516
 60.625 19.6008
 60.65 19.5544
 60.675 19.5122
 60.7 19.4743
 60.725 19.4406
 60.75 19.411
 60.775 19.3856
 60.8 19.3642
 60.825 19.347
 60.85 19.3338
 60.875 19.3247
 60.9 19.3197
 60.925 19.3186
 60.95 19.3216
 60.975 19.3287
 61 19.3398
 61.025 19.3549
 61.05 19.3742
 61.075 19.3975
 61.1 19.4249
 61.125 19.4565
 61.15 19.4923
 61.175 19.5324
 61.2 19.5768
 61.225 19.6255
 61.25 19.6786
 61.275 19.7363
 61.3 19.7985
 61.325 19.8654
 61.35 19.9371
 61.375 20.0136
 61.4 20.0952
 61.425 20.1819
 61.45 20.2739
 61.475 20.3713
 61.5 20.4743
 61.525 20.583
 61.55 20.6978
 61.575 20.8187
 61.6 20.946
 61.625 21.0799
 61.65 21.2208
 61.675 21.3688
 61.7 21.5243
 61.725 21.6876
 61.75 21.859
 61.775 22.0389
 61.8 22.2278
 61.825 22.4259
 61.85 22.6337
 61.875 22.8518
 61.9 23.0806
 61.925 23.3206
 61.95 23.5724
 61.975 23.8365
 62 24.1136
 62.025 24.4043
 62.05 24.7093
 62.075 25.0291
 62.1 25.3645
 62.125 25.7162
 62.15 26.0848
 62.175 26.4708
 62.2 26.875
 62.225 27.2978
 62.25 27.7396
 62.275 28.2007
 62.3 28.6811
 62.325 29.1808
 62.35 29.6992
 62.375 30.2356
 62.4 30.7889
 62.425 31.3572
 62.45 31.9385
 62.475 32.5299
 62.5 33.1279
 62.525 33.7283
 62.55 34.3265
 62.575 34.9171
 62.6 35.4942
 62.625 36.0518
 62.65 36.5835
 62.675 37.0834
 62.7 37.5454
 62.725 37.9644
 62.75 38.3358
 62.775 38.6559
 62.8 38.9221
 62.825 39.1327
 62.85 39.287
 62.875 39.3851
 62.9 39.4283
 62.925 39.4184
 62.95 39.3576
 62.975 39.2491
 63 39.0959
 63.025 38.9016
 63.05 38.6698
 63.075 38.4042
 63.1 38.1084
 63.125 37.7861
 63.15 37.4406
 63.175 37.0752
 63.2 36.693
 63.225 36.2969
 63.25 35.8895
 63.275 35.4732
 63.3 35.0502
 63.325 34.6225
 63.35 34.1918
 63.375 33.7598
 63.4 33.3276
 63.425 32.8967
 63.45 32.4679
 63.475 32.0422
 63.5 31.6204
 63.525 31.203
 63.55 30.7907
 63.575 30.3839
 63.6 29.9829
 63.625 29.5881
 63.65 29.1997
 63.675 28.8178
 63.7 28.4427
 63.725 28.0744
 63.75 27.7131
 63.775 27.3586
 63.8 27.0111
 63.825 26.6706
 63.85 26.337
 63.875 26.0103
 63.9 25.6905
 63.925 25.3775
 63.95 25.0713
 63.975 24.7717
 64 24.4788
 64.025 24.1924
 64.05 23.9125
 64.075 23.6391
 64.1 23.3719
 64.125 23.111
 64.15 22.8563
 64.175 22.6077
 64.2 22.3652
 64.225 22.1286
 64.25 21.8978
 64.275 21.6729
 64.3 21.4538
 64.325 21.2403
 64.35 21.0324
 64.375 20.83
 64.4 20.6331
 64.425 20.4416
 64.45 20.2554
 64.475 20.0745
 64.5 19.8988
 64.525 19.7282
 64.55 19.5627
 64.575 19.4021
 64.6 19.2465
 64.625 19.0958
 64.65 18.9499
 64.675 18.8088
 64.7 18.6723
 64.725 18.5405
 64.75 18.4132
 64.775 18.2905
 64.8 18.1722
 64.825 18.0583
 64.85 17.9487
 64.875 17.8434
 64.9 17.7424
 64.925 17.6455
 64.95 17.5527
 64.975 17.464
 65 17.3793
 65.025 17.2986
 65.05 17.2218
 65.075 17.1488
 65.1 17.0797
 65.125 17.0143
 65.15 16.9527
 65.175 16.8948
 65.2 16.8405
 65.225 16.7898
 65.25 16.7427
 65.275 16.6992
 65.3 16.6592
 65.325 16.6226
 65.35 16.5895
 65.375 16.5598
 65.4 16.5336
 65.425 16.5107
 65.45 16.4912
 65.475 16.475
 65.5 16.4622
 65.525 16.4528
 65.55 16.4466
 65.575 16.4438
 65.6 16.4443
 65.625 16.4481
 65.65 16.4553
 65.675 16.4658
 65.7 16.4797
 65.725 16.4969
 65.75 16.5176
 65.775 16.5417
 65.8 16.5692
 65.825 16.6003
 65.85 16.6349
 65.875 16.6731
 65.9 16.7149
 65.925 16.7604
 65.95 16.8098
 65.975 16.8629
 66 16.92
 66.025 16.9811
 66.05 17.0463
 66.075 17.1158
 66.1 17.1895
 66.125 17.2678
 66.15 17.3506
 66.175 17.4382
 66.2 17.5307
 66.225 17.6283
 66.25 17.7312
 66.275 17.8396
 66.3 17.9537
 66.325 18.0737
 66.35 18.2
 66.375 18.3329
 66.4 18.4725
 66.425 18.6194
 66.45 18.7738
 66.475 18.9362
 66.5 19.107
 66.525 19.2867
 66.55 19.4758
 66.575 19.6749
 66.6 19.8846
 66.625 20.1056
 66.65 20.3387
 66.675 20.5846
 66.7 20.8443
 66.725 21.1188
 66.75 21.409
 66.775 21.7162
 66.8 22.0416
 66.825 22.3866
 66.85 22.7528
 66.875 23.1417
 66.9 23.5551
 66.925 23.995
 66.95 24.4633
 66.975 24.9622
 67 25.494
 67.025 26.0611
 67.05 26.6658
 67.075 27.3104
 67.1 27.9971
 67.125 28.7279
 67.15 29.5042
 67.175 30.3267
 67.2 31.195
 67.225 32.1075
 67.25 33.0607
 67.275 34.049
 67.3 35.0641
 67.325 36.095
 67.35 37.1282
 67.375 38.1477
 67.4 39.1361
 67.425 40.0756
 67.45 40.949
 67.475 41.7409
 67.5 42.439
 67.525 43.0339
 67.55 43.5198
 67.575 43.8942
 67.6 44.1576
 67.625 44.3128
 67.65 44.3646
 67.675 44.3192
 67.7 44.1838
 67.725 43.9662
 67.75 43.6745
 67.775 43.3168
 67.8 42.9013
 67.825 42.4357
 67.85 41.9276
 67.875 41.384
 67.9 40.8114
 67.925 40.2159
 67.95 39.603
 67.975 38.9777
 68 38.3444
 68.025 37.7069
 68.05 37.0687
 68.075 36.4327
 68.1 35.8012
 68.125 35.1764
 68.15 34.5598
 68.175 33.9529
 68.2 33.3567
 68.225 32.772
 68.25 32.1994
 68.275 31.6392
 68.3 31.0918
 68.325 30.5571
 68.35 30.0354
 68.375 29.5264
 68.4 29.0301
 68.425 28.5463
 68.45 28.0747
 68.475 27.6152
 68.5 27.1674
 68.525 26.731
 68.55 26.3058
 68.575 25.8915
 68.6 25.4877
 68.625 25.0942
 68.65 24.7108
 68.675 24.337
 68.7 23.9727
 68.725 23.6177
 68.75 23.2716
 68.775 22.9342
 68.8 22.6053
 68.825 22.2848
 68.85 21.9723
 68.875 21.6676
 68.9 21.3707
 68.925 21.0814
 68.95 20.7993
 68.975 20.5245
 69 20.2567
 69.025 19.9959
 69.05 19.7418
 69.075 19.4943
 69.1 19.2533
 69.125 19.0186
 69.15 18.7902
 69.175 18.568
 69.2 18.3517
 69.225 18.1414
 69.25 17.9369
 69.275 17.738
 69.3 17.5448
 69.325 17.357
 69.35 17.1747
 69.375 16.9976
 69.4 16.8257
 69.425 16.6589
 69.45 16.4971
 69.475 16.3402
 69.5 16.1882
 69.525 16.0409
 69.55 15.8982
 69.575 15.7601
 69.6 15.6264
 69.625 15.4972
 69.65 15.3722
 69.675 15.2514
 69.7 15.1348
 69.725 15.0222
 69.75 14.9136
 69.775 14.8088
 69.8 14.7079
 69.825 14.6107
 69.85 14.5172
 69.875 14.4272
 69.9 14.3408
 69.925 14.2578
 69.95 14.1782
 69.975 14.1018
 70 14.0288
 70.025 13.9589
 70.05 13.8921
 70.075 13.8283
 70.1 13.7675
 70.125 13.7097
 70.15 13.6548
 70.175 13.6026
 70.2 13.5533
 70.225 13.5066
 70.25 13.4626
 70.275 13.4212
 70.3 13.3824
 70.325 13.3461
 70.35 13.3123
 70.375 13.2809
 70.4 13.252
 70.425 13.2253
 70.45 13.201
 70.475 13.179
 70.5 13.1593
 70.525 13.1418
 70.55 13.1264
 70.575 13.1132
 70.6 13.1022
 70.625 13.0933
 70.65 13.0864
 70.675 13.0817
 70.7 13.0789
 70.725 13.0782
 70.75 13.0795
 70.775 13.0828
 70.8 13.0881
 70.825 13.0954
 70.85 13.1046
 70.875 13.1157
 70.9 13.1288
 70.925 13.1438
 70.95 13.1608
 70.975 13.1797
 71 13.2006
 71.025 13.2233
 71.05 13.248
 71.075 13.2747
 71.1 13.3033
 71.125 13.3339
 71.15 13.3665
 71.175 13.4011
 71.2 13.4377
 71.225 13.4763
 71.25 13.517
 71.275 13.5599
 71.3 13.6048
 71.325 13.6519
 71.35 13.7011
 71.375 13.7526
 71.4 13.8064
 71.425 13.8625
 71.45 13.921
 71.475 13.9819
 71.5 14.0454
 71.525 14.1113
 71.55 14.1799
 71.575 14.2513
 71.6 14.3254
 71.625 14.4024
 71.65 14.4824
 71.675 14.5655
 71.7 14.6518
 71.725 14.7414
 71.75 14.8345
 71.775 14.9312
 71.8 15.0317
 71.825 15.1361
 71.85 15.2447
 71.875 15.3575
 71.9 15.4749
 71.925 15.5971
 71.95 15.7242
 71.975 15.8567
 72 15.9948
 72.025 16.1388
 72.05 16.2891
 72.075 16.4461
 72.1 16.6102
 72.125 16.7818
 72.15 16.9616
 72.175 17.15
 72.2 17.3478
 72.225 17.5555
 72.25 17.7739
 72.275 18.0039
 72.3 18.2465
 72.325 18.5026
 72.35 18.7735
 72.375 19.0604
 72.4 19.3647
 72.425 19.6881
 72.45 20.0324
 72.475 20.3996
 72.5 20.7921
 72.525 21.2122
 72.55 21.6631
 72.575 22.1478
 72.6 22.67
 72.625 23.2337
 72.65 23.8436
 72.675 24.5046
 72.7 25.2222
 72.725 26.0024
 72.75 26.8515
 72.775 27.776
 72.8 28.7823
 72.825 29.876
 72.85 31.0616
 72.875 32.3406
 72.9 33.7112
 72.925 35.1654
 72.95 36.6885
 72.975 38.2572
 73 39.8401
 73.025 41.4
 73.05 42.8969
 73.075 44.293
 73.1 45.556
 73.125 46.6618
 73.15 47.5948
 73.175 48.348
 73.2 48.921
 73.225 49.3185
 73.25 49.5494
 73.275 49.6246
 73.3 49.5565
 73.325 49.3583
 73.35 49.0433
 73.375 48.6248
 73.4 48.1154
 73.425 47.5277
 73.45 46.8732
 73.475 46.163
 73.5 45.4076
 73.525 44.6165
 73.55 43.7986
 73.575 42.9621
 73.6 42.1142
 73.625 41.2614
 73.65 40.4094
 73.675 39.5631
 73.7 38.7266
 73.725 37.9034
 73.75 37.0963
 73.775 36.3074
 73.8 35.5384
 73.825 34.7904
 73.85 34.0641
 73.875 33.36
 73.9 32.6781
 73.925 32.0184
 73.95 31.3806
 73.975 30.7641
 74 30.1686
 74.025 29.5933
 74.05 29.0376
 74.075 28.5007
 74.1 27.9819
 74.125 27.4805
 74.15 26.9958
 74.175 26.5269
 74.2 26.0732
 74.225 25.634
 74.25 25.2086
 74.275 24.7964
 74.3 24.3967
 74.325 24.0091
 74.35 23.6329
 74.375 23.2676
 74.4 22.9127
 74.425 22.5678
 74.45 22.2323
 74.475 21.906
 74.5 21.5884
 74.525 21.2791
 74.55 20.9777
 74.575 20.6841
 74.6 20.3977
 74.625 20.1184
 74.65 19.8459
 74.675 19.5799
 74.7 19.3202
 74.725 19.0666
 74.75 18.8188
 74.775 18.5766
 74.8 18.3398
 74.825 18.1083
 74.85 17.8818
 74.875 17.6603
 74.9 17.4435
 74.925 17.2313
 74.95 17.0236
 74.975 16.8202
 75 16.621
 75.025 16.4258
 75.05 16.2346
 75.075 16.0472
 75.1 15.8635
 75.125 15.6835
 75.15 15.507
 75.175 15.3339
 75.2 15.1641
 75.225 14.9975
 75.25 14.8341
 75.275 14.6737
 75.3 14.5163
 75.325 14.3619
 75.35 14.2102
 75.375 14.0613
 75.4 13.9151
 75.425 13.7715
 75.45 13.6304
 75.475 13.4918
 75.5 13.3557
 75.525 13.2219
 75.55 13.0904
 75.575 12.9612
 75.6 12.8341
 75.625 12.7092
 75.65 12.5865
 75.675 12.4658
 75.7 12.347
 75.725 12.2303
 75.75 12.1155
 75.775 12.0025
 75.8 11.8914
 75.825 11.7822
 75.85 11.6747
 75.875 11.5689
 75.9 11.4648
 75.925 11.3624
 75.95 11.2617
 75.975 11.1626
 76 11.065
 76.025 10.969
 76.05 10.8746
 76.075 10.7817
 76.1 10.6902
 76.125 10.6002
 76.15 10.5117
 76.175 10.4245
 76.2 10.3388
 76.225 10.2544
 76.25 10.1714
 76.275 10.0897
 76.3 10.0094
 76.325 9.93036
 76.35 9.85261
 76.375 9.77612
 76.4 9.70088
 76.425 9.62688
 76.45 9.55411
 76.475 9.48253
 76.5 9.41215
 76.525 9.34295
 76.55 9.27491
 76.575 9.20802
 76.6 9.14226
 76.625 9.07763
 76.65 9.0141
 76.675 8.95167
 76.7 8.89032
 76.725 8.83005
 76.75 8.77083
 76.775 8.71266
 76.8 8.65553
 76.825 8.59941
 76.85 8.54431
 76.875 8.4902
 76.9 8.43709
 76.925 8.38495
 76.95 8.33378
 76.975 8.28356
 77 8.23428
 77.025 8.18594
 77.05 8.13852
 77.075 8.092
 77.1 8.04639
 77.125 8.00167
 77.15 7.95783
 77.175 7.91486
 77.2 7.87275
 77.225 7.83149
 77.25 7.79106
 77.275 7.75147
 77.3 7.71269
 77.325 7.67472
 77.35 7.63756
 77.375 7.60118
 77.4 7.56558
 77.425 7.53076
 77.45 7.49669
 77.475 7.46338
 77.5 7.43081
 77.525 7.39898
 77.55 7.36787
 77.575 7.33747
 77.6 7.30778
 77.625 7.27879
 77.65 7.25049
 77.675 7.22287
 77.7 7.19592
 77.725 7.16964
 77.75 7.144
 77.775 7.11902
 77.8 7.09467
 77.825 7.07095
 77.85 7.04786
 77.875 7.02537
 77.9 7.00349
 77.925 6.98221
 77.95 6.96152
 77.975 6.9414
 78 6.92186
 78.025 6.90289
 78.05 6.88447
 78.075 6.86661
 78.1 6.84929
 78.125 6.8325
 78.15 6.81624
 78.175 6.8005
 78.2 6.78527
 78.225 6.77054
 78.25 6.75632
 78.275 6.74258
 78.3 6.72934
 78.325 6.71657
 78.35 6.70427
 78.375 6.69243
 78.4 6.68106
 78.425 6.67013
 78.45 6.65965
 78.475 6.6496
 78.5 6.63998
 78.525 6.63079
 78.55 6.62201
 78.575 6.61365
 78.6 6.60568
 78.625 6.59812
 78.65 6.59094
 78.675 6.58416
 78.7 6.57775
 78.725 6.57172
 78.75 6.56605
 78.775 6.56075
 78.8 6.5558
 78.825 6.55121
 78.85 6.54696
 78.875 6.54304
 78.9 6.53946
 78.925 6.53621
 78.95 6.53328
 78.975 6.53067
 79 6.52836
 79.025 6.52636
 79.05 6.52466
 79.075 6.52325
 79.1 6.52214
 79.125 6.5213
 79.15 6.52075
 79.175 6.52046
 79.2 6.52045
 79.225 6.52069
 79.25 6.5212
 79.275 6.52196
 79.3 6.52296
 79.325 6.5242
 79.35 6.52569
 79.375 6.5274
 79.4 6.52934
 79.425 6.53151
 79.45 6.53389
 79.475 6.53648
 79.5 6.53928
 79.525 6.54229
 79.55 6.54549
 79.575 6.54888
 79.6 6.55247
 79.625 6.55624
 79.65 6.56019
 79.675 6.56431
 79.7 6.5686
 79.725 6.57306
 79.75 6.57768
 79.775 6.58245
 79.8 6.58738
 79.825 6.59245
 79.85 6.59767
 79.875 6.60303
 79.9 6.60852
 79.925 6.61414
 79.95 6.61989
 79.975 6.62575
 80 6.63174
 80.025 6.63784
 80.05 6.64405
 80.075 6.65036
 80.1 6.65678
 80.125 6.66329
 80.15 6.66989
 80.175 6.67658
 80.2 6.68335
 80.225 6.6902
 80.25 6.69713
 80.275 6.70413
 80.3 6.71119
 80.325 6.71832
 80.35 6.7255
 80.375 6.73274
 80.4 6.74003
 80.425 6.74736
 80.45 6.75473
 80.475 6.76214
 80.5 6.76958
 80.525 6.77706
 80.55 6.78455
 80.575 6.79207
 80.6 6.7996
 80.625 6.80714
 80.65 6.81469
 80.675 6.82225
 80.7 6.82981
 80.725 6.83736
 80.75 6.84491
 80.775 6.85245
 80.8 6.85998
 80.825 6.86748
 80.85 6.87496
 80.875 6.88242
 80.9 6.88984
 80.925 6.89723
 80.95 6.90459
 80.975 6.91189
 81 6.91916
 81.025 6.92637
 81.05 6.93352
 81.075 6.94062
 81.1 6.94765
 81.125 6.95462
 81.15 6.96152
 81.175 6.96834
 81.2 6.97508
 81.225 6.98174
 81.25 6.98831
 81.275 6.9948
 81.3 7.00119
 81.325 7.00748
 81.35 7.01367
 81.375 7.01976
 81.4 7.02574
 81.425 7.03161
 81.45 7.03737
 81.475 7.04301
 81.5 7.04853
 81.525 7.05392
 81.55 7.05918
 81.575 7.06432
 81.6 7.06931
 81.625 7.07417
 81.65 7.07889
 81.675 7.08346
 81.7 7.08788
 81.725 7.09215
 81.75 7.09626
 81.775 7.10022
 81.8 7.10401
 81.825 7.10764
 81.85 7.1111
 81.875 7.11439
 81.9 7.1175
 81.925 7.12044
 81.95 7.12319
 81.975 7.12577
 82 7.12816
 82.025 7.13036
 82.05 7.13237
 82.075 7.13418
 82.1 7.1358
 82.125 7.13722
 82.15 7.13844
 82.175 7.13945
 82.2 7.14026
 82.225 7.14086
 82.25 7.14125
 82.275 7.14143
 82.3 7.1414
 82.325 7.14114
 82.35 7.14067
 82.375 7.13998
 82.4 7.13906
 82.425 7.13792
 82.45 7.13656
 82.475 7.13497
 82.5 7.13315
 82.525 7.1311
 82.55 7.12881
 82.575 7.1263
 82.6 7.12355
 82.625 7.12056
 82.65 7.11734
 82.675 7.11388
 82.7 7.11018
 82.725 7.10624
 82.75 7.10206
 82.775 7.09764
 82.8 7.09298
 82.825 7.08807
 82.85 7.08292
 82.875 7.07753
 82.9 7.07189
 82.925 7.06601
 82.95 7.05988
 82.975 7.0535
 83 7.04688
 83.025 7.04002
 83.05 7.0329
 83.075 7.02555
 83.1 7.01794
 83.125 7.01009
 83.15 7.00199
 83.175 6.99365
 83.2 6.98506
 83.225 6.97622
 83.25 6.96715
 83.275 6.95783
 83.3 6.94827
 83.325 6.93847
 83.35 6.92843
 83.375 6.91816
 83.4 6.90764
 83.425 6.89688
 83.45 6.88589
 83.475 6.87466
 83.5 6.8632
 83.525 6.8515
 83.55 6.83956
 83.575 6.8274
 83.6 6.815
 83.625 6.80237
 83.65 6.78951
 83.675 6.77643
 83.7 6.76312
 83.725 6.74958
 83.75 6.73583
 83.775 6.72185
 83.8 6.70766
 83.825 6.69325
 83.85 6.67863
 83.875 6.66379
 83.9 6.64874
 83.925 6.63348
 83.95 6.61801
 83.975 6.60233
 84 6.58644
 84.025 6.57035
 84.05 6.55406
 84.075 6.53757
 84.1 6.52089
 84.125 6.50401
 84.15 6.48694
 84.175 6.46968
 84.2 6.45223
 84.225 6.4346
 84.25 6.41678
 84.275 6.39877
 84.3 6.38059
 84.325 6.36222
 84.35 6.34368
 84.375 6.32497
 84.4 6.30609
 84.425 6.28704
 84.45 6.26782
 84.475 6.24844
 84.5 6.2289
 84.525 6.2092
 84.55 6.18934
 84.575 6.16932
 84.6 6.14915
 84.625 6.12883
 84.65 6.10836
 84.675 6.08775
 84.7 6.067
 84.725 6.04611
 84.75 6.02508
 84.775 6.00391
 84.8 5.98261
 84.825 5.96117
 84.85 5.93961
 84.875 5.91792
 84.9 5.89611
 84.925 5.87418
 84.95 5.85213
 84.975 5.82996
 85 5.80768
 85.025 5.78529
 85.05 5.76278
 85.075 5.74017
 85.1 5.71746
 85.125 5.69464
 85.15 5.67172
 85.175 5.64871
 85.2 5.6256
 85.225 5.6024
 85.25 5.5791
 85.275 5.55572
 85.3 5.53225
 85.325 5.5087
 85.35 5.48507
 85.375 5.46135
 85.4 5.43756
 85.425 5.4137
 85.45 5.38976
 85.475 5.36575
 85.5 5.34167
 85.525 5.31752
 85.55 5.29331
 85.575 5.26904
 85.6 5.24471
 85.625 5.22032
 85.65 5.19588
 85.675 5.17137
 85.7 5.14682
 85.725 5.12221
 85.75 5.09756
 85.775 5.07286
 85.8 5.04812
 85.825 5.02333
 85.85 4.99851
 85.875 4.97364
 85.9 4.94873
 85.925 4.92379
 85.95 4.89882
 85.975 4.87381
 86 4.84878
 86.025 4.82371
 86.05 4.79862
 86.075 4.7735
 86.1 4.74836
 86.125 4.7232
 86.15 4.69801
 86.175 4.67281
 86.2 4.64759
 86.225 4.62236
 86.25 4.59711
 86.275 4.57184
 86.3 4.54657
 86.325 4.52128
 86.35 4.49599
 86.375 4.47069
 86.4 4.44538
 86.425 4.42007
 86.45 4.39475
 86.475 4.36943
 86.5 4.34412
 86.525 4.3188
 86.55 4.29348
 86.575 4.26817
 86.6 4.24286
 86.625 4.21756
 86.65 4.19226
 86.675 4.16697
 86.7 4.14169
 86.725 4.11642
 86.75 4.09116
 86.775 4.06591
 86.8 4.04068
 86.825 4.01546
 86.85 3.99025
 86.875 3.96506
 86.9 3.93989
 86.925 3.91473
 86.95 3.88959
 86.975 3.86448
 87 3.83938
 87.025 3.81431
 87.05 3.78925
 87.075 3.76422
 87.1 3.73921
 87.125 3.71423
 87.15 3.68928
 87.175 3.66435
 87.2 3.63944
 87.225 3.61457
 87.25 3.58972
 87.275 3.5649
 87.3 3.54011
 87.325 3.51535
 87.35 3.49062
 87.375 3.46593
 87.4 3.44127
 87.425 3.41664
 87.45 3.39204
 87.475 3.36747
 87.5 3.34294
 87.525 3.31845
 87.55 3.29399
 87.575 3.26957
 87.6 3.24518
 87.625 3.22084
 87.65 3.19653
 87.675 3.17225
 87.7 3.14802
 87.725 3.12382
 87.75 3.09967
 87.775 3.07555
 87.8 3.05148
 87.825 3.02745
 87.85 3.00345
 87.875 2.9795
 87.9 2.95559
 87.925 2.93172
 87.95 2.90789
 87.975 2.88411
 88 2.86037
 88.025 2.83668
 88.05 2.81303
 88.075 2.78942
 88.1 2.76585
 88.125 2.74233
 88.15 2.71886
 88.175 2.69543
 88.2 2.67205
 88.225 2.64871
 88.25 2.62542
 88.275 2.60217
 88.3 2.57897
 88.325 2.55582
 88.35 2.53271
 88.375 2.50965
 88.4 2.48664
 88.425 2.46368
 88.45 2.44076
 88.475 2.41789
 88.5 2.39507
 88.525 2.37229
 88.55 2.34957
 88.575 2.32689
 88.6 2.30426
 88.625 2.28168
 88.65 2.25915
 88.675 2.23666
 88.7 2.21423
 88.725 2.19184
 88.75 2.16951
 88.775 2.14722
 88.8 2.12498
 88.825 2.10279
 88.85 2.08065
 88.875 2.05856
 88.9 2.03652
 88.925 2.01453
 88.95 1.99258
 88.975 1.97069
 89 1.94885
 89.025 1.92705
 89.05 1.90531
 89.075 1.88361
 89.1 1.86197
 89.125 1.84038
 89.15 1.81883
 89.175 1.79734
 89.2 1.77589
 89.225 1.75449
 89.25 1.73315
 89.275 1.71185
 89.3 1.69061
 89.325 1.66941
 89.35 1.64827
 89.375 1.62717
 89.4 1.60612
 89.425 1.58513
 89.45 1.56418
 89.475 1.54328
 89.5 1.52243
 89.525 1.50163
 89.55 1.48089
 89.575 1.46019
 89.6 1.43954
 89.625 1.41894
 89.65 1.39839
 89.675 1.37789
 89.7 1.35743
 89.725 1.33703
 89.75 1.31668
 89.775 1.29637
 89.8 1.27612
 89.825 1.25591
 89.85 1.23575
 89.875 1.21565
 89.9 1.19559
 89.925 1.17557
 89.95 1.15561
 89.975 1.1357
 90 1.11583
 90.025 1.09602
 90.05 1.07625
 90.075 1.05653
 90.1 1.03686
 90.125 1.01724
 90.15 0.997661
 90.175 0.978133
 90.2 0.958654
 90.225 0.939222
 90.25 0.919838
 90.275 0.900502
 90.3 0.881213
 90.325 0.861973
 90.35 0.842779
 90.375 0.823633
 90.4 0.804534
 90.425 0.785481
 90.45 0.766476
 90.475 0.747517
 90.5 0.728606
 90.525 0.709741
 90.55 0.690924
 90.575 0.672153
 90.6 0.653429
 90.625 0.634752
 90.65 0.616121
 90.675 0.597536
 90.7 0.578997
 90.725 0.560504
 90.75 0.542058
 90.775 0.523658
 90.8 0.505304
 90.825 0.486997
 90.85 0.468735
 90.875 0.45052
 90.9 0.43235
 90.925 0.414226
 90.95 0.396147
 90.975 0.378114
 91 0.360126
 91.025 0.342183
 91.05 0.324286
 91.075 0.306435
 91.1 0.288628
 91.125 0.270867
 91.15 0.253151
 91.175 0.23548
 91.2 0.217853
 91.225 0.200271
 91.25 0.182733
 91.275 0.165239
 91.3 0.14779
 91.325 0.130386
 91.35 0.113025
 91.375 0.0957093
 91.4 0.0784373
 91.425 0.0612093
 91.45 0.0440249
 91.475 0.0268841
 91.5 0.0097867
 91.525 -0.00726759
 91.55 -0.0242787
 91.575 -0.0412467
 91.6 -0.0581714
 91.625 -0.0750529
 91.65 -0.0918914
 91.675 -0.108687
 91.7 -0.12544
 91.725 -0.14215
 91.75 -0.158818
 91.775 -0.175444
 91.8 -0.192028
 91.825 -0.20857
 91.85 -0.22507
 91.875 -0.241529
 91.9 -0.257945
 91.925 -0.27432
 91.95 -0.290653
 91.975 -0.306945
 92 -0.323195
 92.025 -0.339404
 92.05 -0.355573
 92.075 -0.3717
 92.1 -0.387787
 92.125 -0.403834
 92.15 -0.41984
 92.175 -0.435806
 92.2 -0.451731
 92.225 -0.467616
 92.25 -0.483461
 92.275 -0.499266
 92.3 -0.515031
 92.325 -0.530756
 92.35 -0.546441
 92.375 -0.562087
 92.4 -0.577694
 92.425 -0.593262
 92.45 -0.608791
 92.475 -0.624281
 92.5 -0.639732
 92.525 -0.655143
 92.55 -0.670516
 92.575 -0.685851
 92.6 -0.701146
 92.625 -0.716403
 92.65 -0.731622
 92.675 -0.746802
 92.7 -0.761944
 92.725 -0.777049
 92.75 -0.792115
 92.775 -0.807144
 92.8 -0.822136
 92.825 -0.837089
 92.85 -0.852005
 92.875 -0.866884
 92.9 -0.881724
 92.925 -0.896528
 92.95 -0.911294
 92.975 -0.926022
 93 -0.940714
 93.025 -0.955369
 93.05 -0.969987
 93.075 -0.984568
 93.1 -0.999112
 93.125 -1.01362
 93.15 -1.02809
 93.175 -1.04253
 93.2 -1.05692
 93.225 -1.07129
 93.25 -1.08561
 93.275 -1.0999
 93.3 -1.11415
 93.325 -1.12837
 93.35 -1.14255
 93.375 -1.15669
 93.4 -1.1708
 93.425 -1.18488
 93.45 -1.19891
 93.475 -1.21292
 93.5 -1.22688
 93.525 -1.24081
 93.55 -1.25471
 93.575 -1.26857
 93.6 -1.2824
 93.625 -1.29619
 93.65 -1.30994
 93.675 -1.32366
 93.7 -1.33735
 93.725 -1.351
 93.75 -1.36461
 93.775 -1.3782
 93.8 -1.39174
 93.825 -1.40526
 93.85 -1.41874
 93.875 -1.43218
 93.9 -1.44559
 93.925 -1.45897
 93.95 -1.47231
 93.975 -1.48562
 94 -1.4989
 94.025 -1.51214
 94.05 -1.52535
 94.075 -1.53852
 94.1 -1.55167
 94.125 -1.56478
 94.15 -1.57785
 94.175 -1.59089
 94.2 -1.60391
 94.225 -1.61688
 94.25 -1.62983
 94.275 -1.64274
 94.3 -1.65562
 94.325 -1.66847
 94.35 -1.68128
 94.375 -1.69407
 94.4 -1.70682
 94.425 -1.71954
 94.45 -1.73222
 94.475 -1.74488
 94.5 -1.7575
 94.525 -1.77009
 94.55 -1.78265
 94.575 -1.79518
 94.6 -1.80768
 94.625 -1.82015
 94.65 -1.83259
 94.675 -1.84499
 94.7 -1.85737
 94.725 -1.86971
 94.75 -1.88202
 94.775 -1.8943
 94.8 -1.90655
 94.825 -1.91877
 94.85 -1.93096
 94.875 -1.94312
 94.9 -1.95526
 94.925 -1.96736
 94.95 -1.97943
 94.975 -1.99147
 95 -2.00348
 95.025 -2.01546
 95.05 -2.02741
 95.075 -2.03933
 95.1 -2.05123
 95.125 -2.06309
 95.15 -2.07492
 95.175 -2.08673
 95.2 -2.0985
 95.225 -2.11025
 95.25 -2.12197
 95.275 -2.13366
 95.3 -2.14532
 95.325 -2.15695
 95.35 -2.16856
 95.375 -2.18013
 95.4 -2.19168
 95.425 -2.2032
 95.45 -2.21469
 95.475 -2.22615
 95.5 -2.23759
 95.525 -2.24899
 95.55 -2.26037
 95.575 -2.27173
 95.6 -2.28305
 95.625 -2.29435
 95.65 -2.30562
 95.675 -2.31686
 95.7 -2.32807
 95.725 -2.33926
 95.75 -2.35042
 95.775 -2.36155
 95.8 -2.37266
 95.825 -2.38374
 95.85 -2.39479
 95.875 -2.40582
 95.9 -2.41682
 95.925 -2.42779
 95.95 -2.43874
 95.975 -2.44966
 96 -2.46055
 96.025 -2.47142
 96.05 -2.48226
 96.075 -2.49308
 96.1 -2.50387
 96.125 -2.51463
 96.15 -2.52537
 96.175 -2.53608
 96.2 -2.54677
 96.225 -2.55743
 96.25 -2.56807
 96.275 -2.57868
 96.3 -2.58927
 96.325 -2.59983
 96.35 -2.61036
 96.375 -2.62087
 96.4 -2.63136
 96.425 -2.64182
 96.45 -2.65225
 96.475 -2.66266
 96.5 -2.67305
 96.525 -2.68341
 96.55 -2.69374
 96.575 -2.70406
 96.6 -2.71434
 96.625 -2.72461
 96.65 -2.73485
 96.675 -2.74506
 96.7 -2.75525
 96.725 -2.76542
 96.75 -2.77556
 96.775 -2.78568
 96.8 -2.79577
 96.825 -2.80584
 96.85 -2.81589
 96.875 -2.82591
 96.9 -2.83591
 96.925 -2.84589
 96.95 -2.85584
 96.975 -2.86577
 97 -2.87567
 97.025 -2.88555
 97.05 -2.89541
 97.075 -2.90525
 97.1 -2.91506
 97.125 -2.92485
 97.15 -2.93461
 97.175 -2.94435
 97.2 -2.95407
 97.225 -2.96377
 97.25 -2.97344
 97.275 -2.98309
 97.3 -2.99272
 97.325 -3.00233
 97.35 -3.01191
 97.375 -3.02147
 97.4 -3.03101
 97.425 -3.04053
 97.45 -3.05002
 97.475 -3.05949
 97.5 -3.06894
 97.525 -3.07837
 97.55 -3.08777
 97.575 -3.09715
 97.6 -3.10651
 97.625 -3.11585
 97.65 -3.12517
 97.675 -3.13446
 97.7 -3.14373
 97.725 -3.15298
 97.75 -3.16221
 97.775 -3.17142
 97.8 -3.18061
 97.825 -3.18977
 97.85 -3.19891
 97.875 -3.20804
 97.9 -3.21714
 97.925 -3.22622
 97.95 -3.23527
 97.975 -3.24431
 98 -3.25333
 98.025 -3.26232
 98.05 -3.2713
 98.075 -3.28025
 98.1 -3.28918
 98.125 -3.29809
 98.15 -3.30698
 98.175 -3.31585
 98.2 -3.3247
 98.225 -3.33353
 98.25 -3.34234
 98.275 -3.35112
 98.3 -3.35989
 98.325 -3.36864
 98.35 -3.37736
 98.375 -3.38607
 98.4 -3.39476
 98.425 -3.40342
 98.45 -3.41207
 98.475 -3.42069
 98.5 -3.4293
 98.525 -3.43789
 98.55 -3.44645
 98.575 -3.455
 98.6 -3.46353
 98.625 -3.47203
 98.65 -3.48052
 98.675 -3.48899
 98.7 -3.49744
 98.725 -3.50586
 98.75 -3.51427
 98.775 -3.52266
 98.8 -3.53103
 98.825 -3.53938
 98.85 -3.54772
 98.875 -3.55603
 98.9 -3.56432
 98.925 -3.5726
 98.95 -3.58085
 98.975 -3.58909
 99 -3.59731
 99.025 -3.60551
 99.05 -3.61369
 99.075 -3.62185
 99.1 -3.62999
 99.125 -3.63811
 99.15 -3.64622
 99.175 -3.65431
 99.2 -3.66237
 99.225 -3.67042
 99.25 -3.67846
 99.275 -3.68647
 99.3 -3.69446
 99.325 -3.70244
 99.35 -3.7104
 99.375 -3.71834
 99.4 -3.72626
 99.425 -3.73417
 99.45 -3.74205
 99.475 -3.74992
 99.5 -3.75777
 99.525 -3.7656
 99.55 -3.77342
 99.575 -3.78121
 99.6 -3.78899
 99.625 -3.79675
 99.65 -3.8045
 99.675 -3.81222
 99.7 -3.81993
 99.725 -3.82762
 99.75 -3.8353
 99.775 -3.84295
 99.8 -3.85059
 99.825 -3.85822
 99.85 -3.86582
 99.875 -3.87341
 99.9 -3.88098
 99.925 -3.88853
 99.95 -3.89607
 99.975 -3.90359
 100 -3.91109
