4001 2
 0 0
 0.025 0.0140169
 0.05 0.0270081
 0.075 0.0391536
 0.1 0.0505964
 0.125 0.0614506
 0.15 0.0718079
 0.175 0.0817422
 0.2 0.0913137
 0.225 0.100571
 0.25 0.109556
 0.275 0.1183
 0.3 0.126832
 0.325 0.135175
 0.35 0.143349
 0.375 0.151371
 0.4 0.159254
 0.425 0.167011
 0.45 0.174652
 0.475 0.182187
 0.5 0.189624
 0.525 0.196969
 0.55 0.204229
 0.575 0.21141
 0.6 0.218516
 0.625 0.225552
 0.65 0.232521
 0.675 0.239429
 0.7 0.246277
 0.725 0.253068
 0.75 0.259806
 0.775 0.266492
 0.8 0.273129
 0.825 0.279719
 0.85 0.286264
 0.875 0.292765
 0.9 0.299225
 0.925 0.305644
 0.95 0.312024
 0.975 0.318366
 1 0.324672
 1.025 0.330942
 1.05 0.337178
 1.075 0.343381
 1.1 0.349551
 1.125 0.355689
 1.15 0.361797
 1.175 0.367876
 1.2 0.373925
 1.225 0.379945
 1.25 0.385938
 1.275 0.391903
 1.3 0.397843
 1.325 0.403756
 1.35 0.409644
 1.375 0.415507
 1.4 0.421346
 1.425 0.427161
 1.45 0.432954
 1.475 0.438723
 1.5 0.444471
 1.525 0.450197
 1.55 0.455901
 1.575 0.461584
 1.6 0.467247
 1.625 0.472889
 1.65 0.478512
 1.675 0.484115
 1.7 0.489698
 1.725 0.495262
 1.75 0.500808
 1.775 0.506335
 1.8 0.511844
 1.825 0.517336
 1.85 0.522809
 1.875 0.528266
 1.9 0.533705
 1.925 0.539127
 1.95 0.544533
 1.975 0.549923
 2 0.555296
 2.025 0.560653
 2.05 0.565995
 2.075 0.571321
 2.1 0.576632
 2.125 0.581928
 2.15 0.587209
 2.175 0.592475
 2.2 0.597727
 2.225 0.602964
 2.25 0.608187
 2.275 0.613396
 2.3 0.618592
 2.325 0.623774
 2.35 0.628944
 2.375 0.6341
 2.4 0.639243
 2.425 0.644373
 2.45 0.649491
 2.475 0.654597
 2.5 0.65969
 2.525 0.664771
 2.55 0.669839
 2.575 0.674896
 2.6 0.679942
 2.625 0.684975
 2.65 0.689997
 2.675 0.695007
 2.7 0.700007
 2.725 0.704995
 2.75 0.709972
 2.775 0.714938
 2.8 0.719893
 2.825 0.724838
 2.85 0.729772
 2.875 0.734696
 2.9 0.739609
 2.925 0.744513
 2.95 0.749406
 2.975 0.754289
 3 0.759162
 3.025 0.764025
 3.05 0.768879
 3.075 0.773723
 3.1 0.778558
 3.125 0.783383
 3.15 0.788199
 3.175 0.793005
 3.2 0.797803
 3.225 0.802591
 3.25 0.807371
 3.275 0.812142
 3.3 0.816904
 3.325 0.821658
 3.35 0.826404
 3.375 0.831141
 3.4 0.83587
 3.425 0.840592
 3.45 0.845305
 3.475 0.85001
 3.5 0.854708
 3.525 0.859397
 3.55 0.86408
 3.575 0.868754
 3.6 0.873421
 3.625 0.87808
 3.65 0.882732
 3.675 0.887377
 3.7 0.892014
 3.725 0.896644
 3.75 0.901267
 3.775 0.905883
 3.8 0.910492
 3.825 0.915093
 3.85 0.919689
 3.875 0.924277
 3.9 0.928858
 3.925 0.933433
 3.95 0.938002
 3.975 0.942564
 4 0.947119
 4.025 0.951668
 4.05 0.956211
 4.075 0.960747
 4.1 0.965277
 4.125 0.969801
 4.15 0.974319
 4.175 0.978831
 4.2 0.983337
 4.225 0.987837
 4.25 0.992331
 4.275 0.996819
 4.3 1.0013
 4.325 1.00578
 4.35 1.01025
 4.375 1.01472
 4.4 1.01918
 4.425 1.02363
 4.45 1.02808
 4.475 1.03253
 4.5 1.03697
 4.525 1.0414
 4.55 1.04583
 4.575 1.05026
 4.6 1.05468
 4.625 1.0591
 4.65 1.06351
 4.675 1.06791
 4.7 1.07231
 4.725 1.07671
 4.75 1.0811
 4.775 1.08549
 4.8 1.08987
 4.825 1.09425
 4.85 1.09863
 4.875 1.103
 4.9 1.10736
 4.925 1.11172
 4.95 1.11608
 4.975 1.12043
 5 1.12478
 5.025 1.12912
 5.05 1.13346
 5.075 1.1378
 5.1 1.14213
 5.125 1.14646
 5.15 1.15078
 5.175 1.1551
 5.2 1.15942
 5.225 1.16373
 5.25 1.16804
 5.275 1.17235
 5.3 1.17665
 5.325 1.18095
 5.35 1.18524
 5.375 1.18953
 5.4 1.19382
 5.425 1.1981
 5.45 1.20238
 5.475 1.20666
 5.5 1.21093
 5.525 1.2152
 5.55 1.21947
 5.575 1.22373
 5.6 1.22799
 5.625 1.23225
 5.65 1.23651
 5.675 1.24076
 5.7 1.24501
 5.725 1.24926
 5.75 1.2535
 5.775 1.25774
 5.8 1.26198
 5.825 1.26621
 5.85 1.27045
 5.875 1.27468
 5.9 1.27891
 5.925 1.28313
 5.95 1.28735
 5.975 1.29157
 6 1.29579
 6.025 1.3
 6.05 1.30422
 6.075 1.30843
 6.1 1.31263
 6.125 1.31684
 6.15 1.32104
 6.175 1.32524
 6.2 1.32944
 6.225 1.33363
 6.25 1.33783
 6.275 1.34202
 6.3 1.34621
 6.325 1.35039
 6.35 1.35458
 6.375 1.35876
 6.4 1.36294
 6.425 1.36712
 6.45 1.3713
 6.475 1.37547
 6.5 1.37964
 6.525 1.38381
 6.55 1.38798
 6.575 1.39215
 6.6 1.39631
 6.625 1.40048
 6.65 1.40464
 6.675 1.4088
 6.7 1.41296
 6.725 1.41711
 6.75 1.42127
 6.775 1.42542
 6.8 1.42957
 6.825 1.43372
 6.85 1.43787
 6.875 1.44202
 6.9 1.44617
 6.925 1.45031
 6.95 1.45446
 6.975 1.4586
 7 1.46274
 7.025 1.46688
 7.05 1.47102
 7.075 1.47516
 7.1 1.4793
 7.125 1.48343
 7.15 1.48757
 7.175 1.4917
 7.2 1.49583
 7.225 1.49996
 7.25 1.50409
 7.275 1.50822
 7.3 1.51235
 7.325 1.51647
 7.35 1.5206
 7.375 1.52472
 7.4 1.52885
 7.425 1.53297
 7.45 1.53709
 7.475 1.54121
 7.5 1.54533
 7.525 1.54945
 7.55 1.55357
 7.575 1.55769
 7.6 1.56181
 7.625 1.56592
 7.65 1.57004
 7.675 1.57415
 7.7 1.57827
 7.725 1.58238
 7.75 1.58649
 7.775 1.5906
 7.8 1.59471
 7.825 1.59882
 7.85 1.60293
 7.875 1.60704
 7.9 1.61115
 7.925 1.61526
 7.95 1.61937
 7.975 1.62348
 8 1.62759
 8.025 1.63169
 8.05 1.6358
 8.075 1.63991
 8.1 1.64402
 8.125 1.64812
 8.15 1.65223
 8.175 1.65634
 8.2 1.66044
 8.225 1.66455
 8.25 1.66866
 8.275 1.67276
 8.3 1.67687
 8.325 1.68097
 8.35 1.68508
 8.375 1.68919
 8.4 1.69329
 8.425 1.6974
 8.45 1.70151
 8.475 1.70561
 8.5 1.70972
 8.525 1.71382
 8.55 1.71793
 8.575 1.72203
 8.6 1.72614
 8.625 1.73025
 8.65 1.73435
 8.675 1.73846
 8.7 1.74257
 8.725 1.74667
 8.75 1.75078
 8.775 1.75489
 8.8 1.75899
 8.825 1.7631
 8.85 1.76721
 8.875 1.77132
 8.9 1.77543
 8.925 1.77953
 8.95 1.78364
 8.975 1.78775
 9 1.79186
 9.025 1.79597
 9.05 1.80008
 9.075 1.80419
 9.1 1.8083
 9.125 1.81242
 9.15 1.81653
 9.175 1.82064
 9.2 1.82475
 9.225 1.82887
 9.25 1.83298
 9.275 1.8371
 9.3 1.84122
 9.325 1.84533
 9.35 1.84945
 9.375 1.85357
 9.4 1.85769
 9.425 1.86181
 9.45 1.86593
 9.475 1.87006
 9.5 1.87418
 9.525 1.8783
 9.55 1.88243
 9.575 1.88656
 9.6 1.89068
 9.625 1.89481
 9.65 1.89894
 9.675 1.90307
 9.7 1.9072
 9.725 1.91133
 9.75 1.91546
 9.775 1.91959
 9.8 1.92373
 9.825 1.92786
 9.85 1.932
 9.875 1.93613
 9.9 1.94027
 9.925 1.94441
 9.95 1.94855
 9.975 1.95269
 10 1.95683
 10.025 1.96097
 10.05 1.96512
 10.075 1.96926
 10.1 1.97341
 10.125 1.97756
 10.15 1.9817
 10.175 1.98585
 10.2 1.99
 10.225 1.99415
 10.25 1.99831
 10.275 2.00246
 10.3 2.00662
 10.325 2.01077
 10.35 2.01493
 10.375 2.01909
 10.4 2.02325
 10.425 2.02741
 10.45 2.03158
 10.475 2.03574
 10.5 2.03991
 10.525 2.04408
 10.55 2.04825
 10.575 2.05242
 10.6 2.0566
 10.625 2.06077
 10.65 2.06495
 10.675 2.06913
 10.7 2.07331
 10.725 2.07749
 10.75 2.08168
 10.775 2.08586
 10.8 2.09005
 10.825 2.09424
 10.85 2.09843
 10.875 2.10262
 10.9 2.10681
 10.925 2.11101
 10.95 2.11521
 10.975 2.11941
 11 2.12361
 11.025 2.12781
 11.05 2.13201
 11.075 2.13622
 11.1 2.14042
 11.125 2.14463
 11.15 2.14884
 11.175 2.15306
 11.2 2.15727
 11.225 2.16149
 11.25 2.16571
 11.275 2.16993
 11.3 2.17415
 11.325 2.17837
 11.35 2.1826
 11.375 2.18683
 11.4 2.19105
 11.425 2.19529
 11.45 2.19952
 11.475 2.20375
 11.5 2.20799
 11.525 2.21223
 11.55 2.21647
 11.575 2.22072
 11.6 2.22496
 11.625 2.22921
 11.65 2.23346
 11.675 2.23772
 11.7 2.24197
 11.725 2.24623
 11.75 2.25049
 11.775 2.25475
 11.8 2.25902
 11.825 2.26329
 11.85 2.26756
 11.875 2.27183
 11.9 2.27611
 11.925 2.28038
 11.95 2.28466
 11.975 2.28895
 12 2.29323
 12.025 2.29752
 12.05 2.30181
 12.075 2.3061
 12.1 2.31039
 12.125 2.31469
 12.15 2.31899
 12.175 2.32329
 12.2 2.32759
 12.225 2.3319
 12.25 2.33621
 12.275 2.34052
 12.3 2.34483
 12.325 2.34915
 12.35 2.35347
 12.375 2.35779
 12.4 2.36212
 12.425 2.36644
 12.45 2.37077
 12.475 2.37511
 12.5 2.37944
 12.525 2.38378
 12.55 2.38812
 12.575 2.39246
 12.6 2.3968
 12.625 2.40115
 12.65 2.4055
 12.675 2.40986
 12.7 2.41421
 12.725 2.41857
 12.75 2.42294
 12.775 2.4273
 12.8 2.43167
 12.825 2.43604
 12.85 2.44042
 12.875 2.4448
 12.9 2.44918
 12.925 2.45356
 12.95 2.45795
 12.975 2.46234
 13 2.46674
 13.025 2.47114
 13.05 2.47554
 13.075 2.47994
 13.1 2.48435
 13.125 2.48876
 13.15 2.49317
 13.175 2.49759
 13.2 2.50201
 13.225 2.50643
 13.25 2.51086
 13.275 2.51529
 13.3 2.51972
 13.325 2.52416
 13.35 2.52859
 13.375 2.53304
 13.4 2.53748
 13.425 2.54193
 13.45 2.54638
 13.475 2.55084
 13.5 2.5553
 13.525 2.55976
 13.55 2.56423
 13.575 2.5687
 13.6 2.57317
 13.625 2.57764
 13.65 2.58212
 13.675 2.58661
 13.7 2.59109
 13.725 2.59558
 13.75 2.60007
 13.775 2.60457
 13.8 2.60907
 13.825 2.61357
 13.85 2.61808
 13.875 2.62259
 13.9 2.62711
 13.925 2.63163
 13.95 2.63615
 13.975 2.64068
 14 2.64521
 14.025 2.64975
 14.05 2.65429
 14.075 2.65883
 14.1 2.66338
 14.125 2.66793
 14.15 2.67249
 14.175 2.67705
 14.2 2.68161
 14.225 2.68618
 14.25 2.69075
 14.275 2.69533
 14.3 2.69991
 14.325 2.70449
 14.35 2.70908
 14.375 2.71367
 14.4 2.71827
 14.425 2.72287
 14.45 2.72747
 14.475 2.73208
 14.5 2.73669
 14.525 2.74131
 14.55 2.74593
 14.575 2.75056
 14.6 2.75519
 14.625 2.75982
 14.65 2.76446
 14.675 2.7691
 14.7 2.77374
 14.725 2.7784
 14.75 2.78305
 14.775 2.78771
 14.8 2.79237
 14.825 2.79704
 14.85 2.80171
 14.875 2.80639
 14.9 2.81107
 14.925 2.81575
 14.95 2.82044
 14.975 2.82514
 15 2.82984
 15.025 2.83455
 15.05 2.83926
 15.075 2.84397
 15.1 2.84869
 15.125 2.85342
 15.15 2.85815
 15.175 2.86288
 15.2 2.86762
 15.225 2.87237
 15.25 2.87712
 15.275 2.88187
 15.3 2.88663
 15.325 2.8914
 15.35 2.89617
 15.375 2.90094
 15.4 2.90572
 15.425 2.91051
 15.45 2.9153
 15.475 2.92009
 15.5 2.92489
 15.525 2.92969
 15.55 2.9345
 15.575 2.93932
 15.6 2.94414
 15.625 2.94896
 15.65 2.95379
 15.675 2.95863
 15.7 2.96347
 15.725 2.96832
 15.75 2.97317
 15.775 2.97802
 15.8 2.98288
 15.825 2.98775
 15.85 2.99262
 15.875 2.9975
 15.9 3.00238
 15.925 3.00727
 15.95 3.01216
 15.975 3.01706
 16 3.02197
 16.025 3.02688
 16.05 3.0318
 16.075 3.03672
 16.1 3.04165
 16.125 3.04659
 16.15 3.05153
 16.175 3.05648
 16.2 3.06143
 16.225 3.06639
 16.25 3.07136
 16.275 3.07633
 16.3 3.08131
 16.325 3.08629
 16.35 3.09128
 16.375 3.09628
 16.4 3.10128
 16.425 3.10629
 16.45 3.1113
 16.475 3.11632
 16.5 3.12135
 16.525 3.12638
 16.55 3.13142
 16.575 3.13647
 16.6 3.14152
 16.625 3.14657
 16.65 3.15164
 16.675 3.15671
 16.7 3.16178
 16.725 3.16687
 16.75 3.17195
 16.775 3.17705
 16.8 3.18215
 16.825 3.18726
 16.85 3.19237
 16.875 3.19749
 16.9 3.20262
 16.925 3.20775
 16.95 3.21289
 16.975 3.21804
 17 3.2232
 17.025 3.22836
 17.05 3.23353
 17.075 3.2387
 17.1 3.24389
 17.125 3.24908
 17.15 3.25428
 17.175 3.25948
 17.2 3.2647
 17.225 3.26992
 17.25 3.27514
 17.275 3.28038
 17.3 3.28562
 17.325 3.29087
 17.35 3.29613
 17.375 3.30139
 17.4 3.30667
 17.425 3.31195
 17.45 3.31723
 17.475 3.32253
 17.5 3.32783
 17.525 3.33314
 17.55 3.33845
 17.575 3.34378
 17.6 3.34911
 17.625 3.35444
 17.65 3.35979
 17.675 3.36514
 17.7 3.37051
 17.725 3.37587
 17.75 3.38125
 17.775 3.38664
 17.8 3.39203
 17.825 3.39743
 17.85 3.40284
 17.875 3.40825
 17.9 3.41367
 17.925 3.41911
 17.95 3.42455
 17.975 3.43
 18 3.43546
 18.025 3.44092
 18.05 3.4464
 18.075 3.45188
 18.1 3.45738
 18.125 3.46288
 18.15 3.46839
 18.175 3.47391
 18.2 3.47944
 18.225 3.48498
 18.25 3.49053
 18.275 3.49608
 18.3 3.50165
 18.325 3.50722
 18.35 3.5128
 18.375 3.51839
 18.4 3.52399
 18.425 3.5296
 18.45 3.53522
 18.475 3.54084
 18.5 3.54648
 18.525 3.55212
 18.55 3.55778
 18.575 3.56344
 18.6 3.56911
 18.625 3.57479
 18.65 3.58048
 18.675 3.58618
 18.7 3.59189
 18.725 3.59761
 18.75 3.60334
 18.775 3.60907
 18.8 3.61482
 18.825 3.62058
 18.85 3.62635
 18.875 3.63212
 18.9 3.63791
 18.925 3.64371
 18.95 3.64952
 18.975 3.65534
 19 3.66117
 19.025 3.66701
 19.05 3.67287
 19.075 3.67873
 19.1 3.6846
 19.125 3.69049
 19.15 3.69638
 19.175 3.70229
 19.2 3.7082
 19.225 3.71413
 19.25 3.72006
 19.275 3.72601
 19.3 3.73197
 19.325 3.73794
 19.35 3.74392
 19.375 3.74991
 19.4 3.75591
 19.425 3.76192
 19.45 3.76795
 19.475 3.77398
 19.5 3.78003
 19.525 3.78608
 19.55 3.79215
 19.575 3.79823
 19.6 3.80432
 19.625 3.81042
 19.65 3.81654
 19.675 3.82266
 19.7 3.8288
 19.725 3.83495
 19.75 3.84112
 19.775 3.84729
 19.8 3.85348
 19.825 3.85968
 19.85 3.8659
 19.875 3.87212
 19.9 3.87836
 19.925 3.88461
 19.95 3.89088
 19.975 3.89716
 20 3.90345
 20.025 3.90975
 20.05 3.91607
 20.075 3.9224
 20.1 3.92874
 20.125 3.93509
 20.15 3.94146
 20.175 3.94784
 20.2 3.95423
 20.225 3.96064
 20.25 3.96706
 20.275 3.97349
 20.3 3.97994
 20.325 3.9864
 20.35 3.99287
 20.375 3.99936
 20.4 4.00586
 20.425 4.01237
 20.45 4.0189
 20.475 4.02544
 20.5 4.032
 20.525 4.03857
 20.55 4.04516
 20.575 4.05176
 20.6 4.05838
 20.625 4.06501
 20.65 4.07166
 20.675 4.07832
 20.7 4.085
 20.725 4.09169
 20.75 4.0984
 20.775 4.10513
 20.8 4.11187
 20.825 4.11862
 20.85 4.12539
 20.875 4.13218
 20.9 4.13898
 20.925 4.1458
 20.95 4.15263
 20.975 4.15948
 21 4.16634
 21.025 4.17322
 21.05 4.18012
 21.075 4.18703
 21.1 4.19395
 21.125 4.2009
 21.15 4.20786
 21.175 4.21483
 21.2 4.22183
 21.225 4.22884
 21.25 4.23587
 21.275 4.24291
 21.3 4.24998
 21.325 4.25706
 21.35 4.26416
 21.375 4.27128
 21.4 4.27842
 21.425 4.28558
 21.45 4.29275
 21.475 4.29994
 21.5 4.30715
 21.525 4.31438
 21.55 4.32163
 21.575 4.3289
 21.6 4.33618
 21.625 4.34349
 21.65 4.35081
 21.675 4.35815
 21.7 4.36551
 21.725 4.37289
 21.75 4.38028
 21.775 4.3877
 21.8 4.39513
 21.825 4.40259
 21.85 4.41006
 21.875 4.41756
 21.9 4.42507
 21.925 4.43261
 21.95 4.44017
 21.975 4.44775
 22 4.45535
 22.025 4.46297
 22.05 4.47061
 22.075 4.47828
 22.1 4.48596
 22.125 4.49367
 22.15 4.5014
 22.175 4.50916
 22.2 4.51693
 22.225 4.52473
 22.25 4.53255
 22.275 4.54039
 22.3 4.54826
 22.325 4.55614
 22.35 4.56405
 22.375 4.57198
 22.4 4.57994
 22.425 4.58792
 22.45 4.59592
 22.475 4.60394
 22.5 4.61199
 22.525 4.62006
 22.55 4.62815
 22.575 4.63627
 22.6 4.64442
 22.625 4.65259
 22.65 4.66079
 22.675 4.66901
 22.7 4.67726
 22.725 4.68554
 22.75 4.69384
 22.775 4.70217
 22.8 4.71052
 22.825 4.7189
 22.85 4.72731
 22.875 4.73574
 22.9 4.7442
 22.925 4.75269
 22.95 4.76121
 22.975 4.76975
 23 4.77832
 23.025 4.78691
 23.05 4.79554
 23.075 4.80419
 23.1 4.81287
 23.125 4.82157
 23.15 4.83031
 23.175 4.83908
 23.2 4.84787
 23.225 4.8567
 23.25 4.86556
 23.275 4.87445
 23.3 4.88337
 23.325 4.89232
 23.35 4.90131
 23.375 4.91032
 23.4 4.91937
 23.425 4.92845
 23.45 4.93756
 23.475 4.9467
 23.5 4.95588
 23.525 4.96509
 23.55 4.97433
 23.575 4.9836
 23.6 4.9929
 23.625 5.00224
 23.65 5.01161
 23.675 5.02102
 23.7 5.03046
 23.725 5.03993
 23.75 5.04945
 23.775 5.059
 23.8 5.06858
 23.825 5.0782
 23.85 5.08786
 23.875 5.09756
 23.9 5.10729
 23.925 5.11707
 23.95 5.12688
 23.975 5.13673
 24 5.14661
 24.025 5.15654
 24.05 5.1665
 24.075 5.17651
 24.1 5.18655
 24.125 5.19663
 24.15 5.20675
 24.175 5.21691
 24.2 5.22712
 24.225 5.23736
 24.25 5.24765
 24.275 5.25798
 24.3 5.26835
 24.325 5.27877
 24.35 5.28924
 24.375 5.29974
 24.4 5.3103
 24.425 5.32089
 24.45 5.33154
 24.475 5.34223
 24.5 5.35296
 24.525 5.36374
 24.55 5.37457
 24.575 5.38545
 24.6 5.39637
 24.625 5.40734
 24.65 5.41835
 24.675 5.42942
 24.7 5.44054
 24.725 5.4517
 24.75 5.46292
 24.775 5.4742
 24.8 5.48552
 24.825 5.4969
 24.85 5.50833
 24.875 5.51981
 24.9 5.53135
 24.925 5.54295
 24.95 5.55459
 24.975 5.5663
 25 5.57806
 25.025 5.58987
 25.05 5.60174
 25.075 5.61367
 25.1 5.62566
 25.125 5.63771
 25.15 5.64981
 25.175 5.66198
 25.2 5.67421
 25.225 5.6865
 25.25 5.69886
 25.275 5.71128
 25.3 5.72376
 25.325 5.73631
 25.35 5.74893
 25.375 5.76161
 25.4 5.77435
 25.425 5.78717
 25.45 5.80005
 25.475 5.81299
 25.5 5.82601
 25.525 5.8391
 25.55 5.85226
 25.575 5.86549
 25.6 5.8788
 25.625 5.89218
 25.65 5.90564
 25.675 5.91917
 25.7 5.93278
 25.725 5.94647
 25.75 5.96023
 25.775 5.97408
 25.8 5.988
 25.825 6.00201
 25.85 6.01609
 25.875 6.03026
 25.9 6.04451
 25.925 6.05885
 25.95 6.07328
 25.975 6.08779
 26 6.10239
 26.025 6.11709
 26.05 6.13187
 26.075 6.14675
 26.1 6.16172
 26.125 6.17679
 26.15 6.19195
 26.175 6.2072
 26.2 6.22255
 26.225 6.238
 26.25 6.25356
 26.275 6.26921
 26.3 6.28497
 26.325 6.30084
 26.35 6.31681
 26.375 6.33289
 26.4 6.34908
 26.425 6.36538
 26.45 6.3818
 26.475 6.39832
 26.5 6.41496
 26.525 6.43172
 26.55 6.44859
 26.575 6.46559
 26.6 6.48271
 26.625 6.49996
 26.65 6.51733
 26.675 6.53483
 26.7 6.55246
 26.725 6.57023
 26.75 6.58812
 26.775 6.60615
 26.8 6.62432
 26.825 6.64262
 26.85 6.66107
 26.875 6.67967
 26.9 6.69841
 26.925 6.7173
 26.95 6.73635
 26.975 6.75554
 27 6.7749
 27.025 6.79441
 27.05 6.81408
 27.075 6.83391
 27.1 6.85391
 27.125 6.87408
 27.15 6.89443
 27.175 6.91495
 27.2 6.93566
 27.225 6.95654
 27.25 6.97761
 27.275 6.99886
 27.3 7.0203
 27.325 7.04194
 27.35 7.06378
 27.375 7.08581
 27.4 7.10806
 27.425 7.13052
 27.45 7.15319
 27.475 7.17607
 27.5 7.19918
 27.525 7.22251
 27.55 7.24607
 27.575 7.26986
 27.6 7.2939
 27.625 7.31818
 27.65 7.3427
 27.675 7.36749
 27.7 7.39252
 27.725 7.41782
 27.75 7.44339
 27.775 7.46924
 27.8 7.49536
 27.825 7.52178
 27.85 7.54848
 27.875 7.57549
 27.9 7.6028
 27.925 7.63041
 27.95 7.65835
 27.975 7.68662
 28 7.71521
 28.025 7.74416
 28.05 7.77345
 28.075 7.80309
 28.1 7.8331
 28.125 7.86348
 28.15 7.89425
 28.175 7.92541
 28.2 7.95697
 28.225 7.98895
 28.25 8.02134
 28.275 8.05416
 28.3 8.08743
 28.325 8.12116
 28.35 8.15536
 28.375 8.19003
 28.4 8.2252
 28.425 8.26086
 28.45 8.29705
 28.475 8.33378
 28.5 8.37105
 28.525 8.40889
 28.55 8.44731
 28.575 8.48632
 28.6 8.52595
 28.625 8.56622
 28.65 8.60713
 28.675 8.64872
 28.7 8.691
 28.725 8.734
 28.75 8.77773
 28.775 8.82223
 28.8 8.86751
 28.825 8.9136
 28.85 8.96054
 28.875 9.00834
 28.9 9.05704
 28.925 9.10667
 28.95 9.15726
 28.975 9.20885
 29 9.26148
 29.025 9.31517
 29.05 9.36999
 29.075 9.42596
 29.1 9.48313
 29.125 9.54155
 29.15 9.60127
 29.175 9.66234
 29.2 9.72482
 29.225 9.78878
 29.25 9.85427
 29.275 9.92135
 29.3 9.99012
 29.325 10.0606
 29.35 10.133
 29.375 10.2072
 29.4 10.2835
 29.425 10.3619
 29.45 10.4425
 29.475 10.5254
 29.5 10.6108
 29.525 10.6988
 29.55 10.7895
 29.575 10.8831
 29.6 10.9797
 29.625 11.0795
 29.65 11.1828
 29.675 11.2897
 29.7 11.4004
 29.725 11.5153
 29.75 11.6345
 29.775 11.7584
 29.8 11.8873
 29.825 12.0216
 29.85 12.1616
 29.875 12.3079
 29.9 12.4608
 29.925 12.6209
 29.95 12.7889
 29.975 12.9653
 30 13.151
 30.025 13.3467
 30.05 13.5536
 30.075 13.7725
 30.1 14.0048
 30.125 14.2518
 30.15 14.5153
 30.175 14.797
 30.2 15.0991
 30.225 15.4241
 30.25 15.775
 30.275 16.1552
 30.3 16.5689
 30.325 17.0209
 30.35 17.5172
 30.375 18.0649
 30.4 18.6726
 30.425 19.351
 30.45 20.113
 30.475 20.9749
 30.5 21.9568
 30.525 23.0837
 30.55 24.3867
 30.575 25.9041
 30.6 27.6818
 30.625 29.7726
 30.65 32.2316
 30.675 35.1037
 30.7 38.4007
 30.725 42.0687
 30.75 45.9701
 30.775 49.9097
 30.8 53.6887
 30.825 57.1484
 30.85 60.1885
 30.875 62.7659
 30.9 64.8803
 30.925 66.5568
 30.95 67.8325
 30.975 68.7476
 31 69.3411
 31.025 69.6495
 31.05 69.706
 31.075 69.5413
 31.1 69.1833
 31.125 68.6583
 31.15 67.9902
 31.175 67.2014
 31.2 66.3123
 31.225 65.3419
 31.25 64.3074
 31.275 63.2247
 31.3 62.1081
 31.325 60.9707
 31.35 59.8242
 31.375 58.679
 31.4 57.544
 31.425 56.4269
 31.45 55.3341
 31.475 54.2703
 31.5 53.2394
 31.525 52.2437
 31.55 51.2847
 31.575 50.3627
 31.6 49.4774
 31.625 48.628
 31.65 47.8132
 31.675 47.0316
 31.7 46.2811
 31.725 45.5598
 31.75 44.8655
 31.775 44.1962
 31.8 43.5496
 31.825 42.9238
 31.85 42.3167
 31.875 41.7267
 31.9 41.1521
 31.925 40.5916
 31.95 40.0439
 31.975 39.5079
 32 38.9827
 32.025 38.4675
 32.05 37.9616
 32.075 37.4645
 32.1 36.9757
 32.125 36.4947
 32.15 36.0213
 32.175 35.5552
 32.2 35.0961
 32.225 34.6439
 32.25 34.1985
 32.275 33.7597
 32.3 33.3274
 32.325 32.9015
 32.35 32.482
 32.375 32.0688
 32.4 31.6618
 32.425 31.2611
 32.45 30.8664
 32.475 30.4778
 32.5 30.0952
 32.525 29.7186
 32.55 29.3479
 32.575 28.9829
 32.6 28.6237
 32.625 28.2702
 32.65 27.9224
 32.675 27.58
 32.7 27.2431
 32.725 26.9116
 32.75 26.5854
 32.775 26.2645
 32.8 25.9487
 32.825 25.638
 32.85 25.3322
 32.875 25.0315
 32.9 24.7355
 32.925 24.4444
 32.95 24.158
 32.975 23.8762
 33 23.599
 33.025 23.3264
 33.05 23.0582
 33.075 22.7944
 33.1 22.5349
 33.125 22.2797
 33.15 22.0288
 33.175 21.782
 33.2 21.5394
 33.225 21.3008
 33.25 21.0663
 33.275 20.8358
 33.3 20.6092
 33.325 20.3866
 33.35 20.1678
 33.375 19.9528
 33.4 19.7417
 33.425 19.5343
 33.45 19.3306
 33.475 19.1306
 33.5 18.9343
 33.525 18.7416
 33.55 18.5524
 33.575 18.3669
 33.6 18.1848
 33.625 18.0063
 33.65 17.8312
 33.675 17.6595
 33.7 17.4913
 33.725 17.3264
 33.75 17.1648
 33.775 17.0065
 33.8 16.8515
 33.825 16.6997
 33.85 16.5511
 33.875 16.4056
 33.9 16.2633
 33.925 16.1241
 33.95 15.9879
 33.975 15.8548
 34 15.7246
 34.025 15.5974
 34.05 15.4731
 34.075 15.3517
 34.1 15.2331
 34.125 15.1174
 34.15 15.0044
 34.175 14.8942
 34.2 14.7866
 34.225 14.6818
 34.25 14.5796
 34.275 14.4799
 34.3 14.3829
 34.325 14.2884
 34.35 14.1964
 34.375 14.1068
 34.4 14.0197
 34.425 13.935
 34.45 13.8527
 34.475 13.7728
 34.5 13.6951
 34.525 13.6198
 34.55 13.5467
 34.575 13.4759
 34.6 13.4072
 34.625 13.3408
 34.65 13.2766
 34.675 13.2145
 34.7 13.1545
 34.725 13.0966
 34.75 13.0408
 34.775 12.9871
 34.8 12.9354
 34.825 12.8858
 34.85 12.8382
 34.875 12.7926
 34.9 12.749
 34.925 12.7074
 34.95 12.6678
 34.975 12.6302
 35 12.5945
 35.025 12.5608
 35.05 12.529
 35.075 12.4992
 35.1 12.4713
 35.125 12.4454
 35.15 12.4214
 35.175 12.3994
 35.2 12.3794
 35.225 12.3613
 35.25 12.3452
 35.275 12.3311
 35.3 12.3189
 35.325 12.3088
 35.35 12.3006
 35.375 12.2945
 35.4 12.2905
 35.425 12.2885
 35.45 12.2886
 35.475 12.2908
 35.5 12.2951
 35.525 12.3015
 35.55 12.3102
 35.575 12.321
 35.6 12.3341
 35.625 12.3494
 35.65 12.367
 35.675 12.387
 35.7 12.4093
 35.725 12.434
 35.75 12.4612
 35.775 12.4909
 35.8 12.5232
 35.825 12.558
 35.85 12.5955
 35.875 12.6357
 35.9 12.6786
 35.925 12.7244
 35.95 12.7731
 35.975 12.8248
 36 12.8795
 36.025 12.9373
 36.05 12.9984
 36.075 13.0627
 36.1 13.1304
 36.125 13.2017
 36.15 13.2765
 36.175 13.3551
 36.2 13.4375
 36.225 13.5239
 36.25 13.6144
 36.275 13.7092
 36.3 13.8085
 36.325 13.9123
 36.35 14.021
 36.375 14.1347
 36.4 14.2536
 36.425 14.378
 36.45 14.5082
 36.475 14.6443
 36.5 14.7867
 36.525 14.9358
 36.55 15.0918
 36.575 15.2552
 36.6 15.4264
 36.625 15.6059
 36.65 15.7941
 36.675 15.9915
 36.7 16.199
 36.725 16.4169
 36.75 16.6462
 36.775 16.8877
 36.8 17.1422
 36.825 17.4108
 36.85 17.6946
 36.875 17.9948
 36.9 18.3129
 36.925 18.6505
 36.95 19.0093
 36.975 19.3913
 37 19.7988
 37.025 20.2343
 37.05 20.7008
 37.075 21.2013
 37.1 21.7398
 37.125 22.3201
 37.15 22.9471
 37.175 23.6259
 37.2 24.3624
 37.225 25.1628
 37.25 26.0342
 37.275 26.9837
 37.3 28.0187
 37.325 29.1463
 37.35 30.3723
 37.375 31.7004
 37.4 33.1303
 37.425 34.6563
 37.45 36.2642
 37.475 37.9307
 37.5 39.622
 37.525 41.2964
 37.55 42.9077
 37.575 44.4111
 37.6 45.768
 37.625 46.9493
 37.65 47.9365
 37.675 48.7212
 37.7 49.3037
 37.725 49.6905
 37.75 49.8928
 37.775 49.9248
 37.8 49.8021
 37.825 49.541
 37.85 49.1578
 37.875 48.6683
 37.9 48.0877
 37.925 47.4301
 37.95 46.7089
 37.975 45.9364
 38 45.1239
 38.025 44.2816
 38.05 43.4189
 38.075 42.5439
 38.1 41.664
 38.125 40.7854
 38.15 39.9136
 38.175 39.053
 38.2 38.2074
 38.225 37.3796
 38.25 36.572
 38.275 35.7861
 38.3 35.0232
 38.325 34.2839
 38.35 33.5686
 38.375 32.8774
 38.4 32.2101
 38.425 31.5664
 38.45 30.9458
 38.475 30.3477
 38.5 29.7714
 38.525 29.2164
 38.55 28.6818
 38.575 28.167
 38.6 27.6713
 38.625 27.194
 38.65 26.7345
 38.675 26.292
 38.7 25.866
 38.725 25.4559
 38.75 25.0612
 38.775 24.6813
 38.8 24.3156
 38.825 23.9638
 38.85 23.6254
 38.875 23.3
 38.9 22.9871
 38.925 22.6864
 38.95 22.3975
 38.975 22.1201
 39 21.8538
 39.025 21.5984
 39.05 21.3535
 39.075 21.1189
 39.1 20.8943
 39.125 20.6795
 39.15 20.4741
 39.175 20.2781
 39.2 20.0911
 39.225 19.9129
 39.25 19.7435
 39.275 19.5824
 39.3 19.4296
 39.325 19.285
 39.35 19.1482
 39.375 19.0192
 39.4 18.8979
 39.425 18.7839
 39.45 18.6774
 39.475 18.578
 39.5 18.4856
 39.525 18.4002
 39.55 18.3217
 39.575 18.2498
 39.6 18.1845
 39.625 18.1258
 39.65 18.0734
 39.675 18.0274
 39.7 17.9876
 39.725 17.954
 39.75 17.9264
 39.775 17.9049
 39.8 17.8893
 39.825 17.8797
 39.85 17.8759
 39.875 17.8779
 39.9 17.8857
 39.925 17.8992
 39.95 17.9185
 39.975 17.9435
 40 17.9741
 40.025 18.0104
 40.05 18.0524
 40.075 18.1001
 40.1 18.1536
 40.125 18.2127
 40.15 18.2776
 40.175 18.3483
 40.2 18.4249
 40.225 18.5074
 40.25 18.5959
 40.275 18.6905
 40.3 18.7912
 40.325 18.8982
 40.35 19.0115
 40.375 19.1314
 40.4 19.2579
 40.425 19.3912
 40.45 19.5315
 40.475 19.6789
 40.5 19.8337
 40.525 19.9962
 40.55 20.1664
 40.575 20.3448
 40.6 20.5316
 40.625 20.727
 40.65 20.9316
 40.675 21.1455
 40.7 21.3693
 40.725 21.6033
 40.75 21.8479
 40.775 22.1037
 40.8 22.3712
 40.825 22.6509
 40.85 22.9433
 40.875 23.2492
 40.9 23.569
 40.925 23.9035
 40.95 24.2534
 40.975 24.6192
 41 25.0018
 41.025 25.4018
 41.05 25.8198
 41.075 26.2566
 41.1 26.7125
 41.125 27.1881
 41.15 27.6838
 41.175 28.1995
 41.2 28.7354
 41.225 29.2908
 41.25 29.8652
 41.275 30.4573
 41.3 31.0654
 41.325 31.6871
 41.35 32.3197
 41.375 32.9593
 41.4 33.6015
 41.425 34.2413
 41.45 34.8729
 41.475 35.4899
 41.5 36.0857
 41.525 36.6534
 41.55 37.1864
 41.575 37.6781
 41.6 38.1231
 41.625 38.5163
 41.65 38.8539
 41.675 39.1332
 41.7 39.3527
 41.725 39.5117
 41.75 39.611
 41.775 39.6519
 41.8 39.6368
 41.825 39.5687
 41.85 39.4508
 41.875 39.287
 41.9 39.0812
 41.925 38.8375
 41.95 38.56
 41.975 38.2528
 42 37.9196
 42.025 37.5642
 42.05 37.1902
 42.075 36.8007
 42.1 36.3987
 42.125 35.9871
 42.15 35.5683
 42.175 35.1445
 42.2 34.7177
 42.225 34.2897
 42.25 33.8621
 42.275 33.4361
 42.3 33.013
 42.325 32.5938
 42.35 32.1794
 42.375 31.7703
 42.4 31.3674
 42.425 30.9709
 42.45 30.5815
 42.475 30.1994
 42.5 29.8248
 42.525 29.458
 42.55 29.099
 42.575 28.7481
 42.6 28.4053
 42.625 28.0706
 42.65 27.7439
 42.675 27.4254
 42.7 27.1149
 42.725 26.8125
 42.75 26.5179
 42.775 26.2312
 42.8 25.9523
 42.825 25.681
 42.85 25.4173
 42.875 25.1611
 42.9 24.9122
 42.925 24.6706
 42.95 24.4361
 42.975 24.2086
 43 23.9881
 43.025 23.7744
 43.05 23.5674
 43.075 23.367
 43.1 23.1731
 43.125 22.9857
 43.15 22.8045
 43.175 22.6296
 43.2 22.4608
 43.225 22.298
 43.25 22.1412
 43.275 21.9902
 43.3 21.845
 43.325 21.7055
 43.35 21.5715
 43.375 21.4431
 43.4 21.32
 43.425 21.2023
 43.45 21.0899
 43.475 20.9826
 43.5 20.8805
 43.525 20.7834
 43.55 20.6913
 43.575 20.604
 43.6 20.5216
 43.625 20.444
 43.65 20.3711
 43.675 20.3029
 43.7 20.2392
 43.725 20.1801
 43.75 20.1255
 43.775 20.0754
 43.8 20.0297
 43.825 19.9884
 43.85 19.9514
 43.875 19.9187
 43.9 19.8903
 43.925 19.8661
 43.95 19.8462
 43.975 19.8304
 44 19.8189
 44.025 19.8115
 44.05 19.8084
 44.075 19.8093
 44.1 19.8145
 44.125 19.8238
 44.15 19.8374
 44.175 19.8551
 44.2 19.8771
 44.225 19.9033
 44.25 19.9338
 44.275 19.9686
 44.3 20.0079
 44.325 20.0515
 44.35 20.0996
 44.375 20.1523
 44.4 20.2095
 44.425 20.2715
 44.45 20.3383
 44.475 20.41
 44.5 20.4866
 44.525 20.5684
 44.55 20.6554
 44.575 20.7477
 44.6 20.8456
 44.625 20.9492
 44.65 21.0587
 44.675 21.1741
 44.7 21.2959
 44.725 21.424
 44.75 21.5589
 44.775 21.7007
 44.8 21.8498
 44.825 22.0063
 44.85 22.1706
 44.875 22.3429
 44.9 22.5238
 44.925 22.7134
 44.95 22.9123
 44.975 23.1207
 45 23.3392
 45.025 23.5681
 45.05 23.808
 45.075 24.0592
 45.1 24.3225
 45.125 24.5981
 45.15 24.8868
 45.175 25.189
 45.2 25.5052
 45.225 25.836
 45.25 26.182
 45.275 26.5435
 45.3 26.921
 45.325 27.3149
 45.35 27.7255
 45.375 28.1528
 45.4 28.597
 45.425 29.0577
 45.45 29.5346
 45.475 30.0269
 45.5 30.5337
 45.525 31.0534
 45.55 31.5842
 45.575 32.1238
 45.6 32.6694
 45.625 33.2176
 45.65 33.7645
 45.675 34.3059
 45.7 34.8371
 45.725 35.353
 45.75 35.8484
 45.775 36.3182
 45.8 36.7573
 45.825 37.161
 45.85 37.525
 45.875 37.8459
 45.9 38.1207
 45.925 38.3473
 45.95 38.5246
 45.975 38.652
 46 38.7297
 46.025 38.7589
 46.05 38.7411
 46.075 38.6782
 46.1 38.5729
 46.125 38.4278
 46.15 38.2459
 46.175 38.0304
 46.2 37.7843
 46.225 37.5109
 46.25 37.2132
 46.275 36.8942
 46.3 36.5568
 46.325 36.2036
 46.35 35.8373
 46.375 35.4601
 46.4 35.0742
 46.425 34.6816
 46.45 34.284
 46.475 33.8831
 46.5 33.4803
 46.525 33.0768
 46.55 32.6738
 46.575 32.2723
 46.6 31.873
 46.625 31.4768
 46.65 31.0843
 46.675 30.696
 46.7 30.3124
 46.725 29.9338
 46.75 29.5607
 46.775 29.1931
 46.8 28.8314
 46.825 28.4758
 46.85 28.1263
 46.875 27.783
 46.9 27.446
 46.925 27.1155
 46.95 26.7913
 46.975 26.4735
 47 26.1621
 47.025 25.8571
 47.05 25.5585
 47.075 25.2662
 47.1 24.9801
 47.125 24.7003
 47.15 24.4267
 47.175 24.1592
 47.2 23.8978
 47.225 23.6424
 47.25 23.393
 47.275 23.1494
 47.3 22.9117
 47.325 22.6798
 47.35 22.4536
 47.375 22.233
 47.4 22.018
 47.425 21.8086
 47.45 21.6046
 47.475 21.406
 47.5 21.2127
 47.525 21.0247
 47.55 20.842
 47.575 20.6644
 47.6 20.4919
 47.625 20.3245
 47.65 20.162
 47.675 20.0045
 47.7 19.8519
 47.725 19.7041
 47.75 19.561
 47.775 19.4227
 47.8 19.289
 47.825 19.1599
 47.85 19.0354
 47.875 18.9153
 47.9 18.7997
 47.925 18.6885
 47.95 18.5816
 47.975 18.479
 48 18.3807
 48.025 18.2865
 48.05 18.1965
 48.075 18.1106
 48.1 18.0288
 48.125 17.951
 48.15 17.8771
 48.175 17.8072
 48.2 17.7412
 48.225 17.679
 48.25 17.6206
 48.275 17.5661
 48.3 17.5153
 48.325 17.4682
 48.35 17.4248
 48.375 17.3851
 48.4 17.349
 48.425 17.3166
 48.45 17.2878
 48.475 17.2625
 48.5 17.2409
 48.525 17.2228
 48.55 17.2082
 48.575 17.1972
 48.6 17.1898
 48.625 17.1859
 48.65 17.1855
 48.675 17.1887
 48.7 17.1955
 48.725 17.2059
 48.75 17.2199
 48.775 17.2375
 48.8 17.2588
 48.825 17.2838
 48.85 17.3126
 48.875 17.3451
 48.9 17.3815
 48.925 17.4217
 48.95 17.4659
 48.975 17.5142
 49 17.5665
 49.025 17.6231
 49.05 17.6839
 49.075 17.7491
 49.1 17.8188
 49.125 17.8932
 49.15 17.9723
 49.175 18.0563
 49.2 18.1454
 49.225 18.2397
 49.25 18.3395
 49.275 18.4448
 49.3 18.5561
 49.325 18.6734
 49.35 18.7971
 49.375 18.9275
 49.4 19.0647
 49.425 19.2093
 49.45 19.3615
 49.475 19.5217
 49.5 19.6904
 49.525 19.868
 49.55 20.0551
 49.575 20.2521
 49.6 20.4597
 49.625 20.6786
 49.65 20.9093
 49.675 21.1528
 49.7 21.4098
 49.725 21.6812
 49.75 21.968
 49.775 22.2713
 49.8 22.5922
 49.825 22.932
 49.85 23.2921
 49.875 23.6738
 49.9 24.0787
 49.925 24.5084
 49.95 24.9647
 49.975 25.4494
 50 25.9644
 50.025 26.5114
 50.05 27.0923
 50.075 27.7089
 50.1 28.3626
 50.125 29.0546
 50.15 29.7856
 50.175 30.5556
 50.2 31.3636
 50.225 32.2073
 50.25 33.0832
 50.275 33.9857
 50.3 34.9073
 50.325 35.8385
 50.35 36.7676
 50.375 37.6815
 50.4 38.5659
 50.425 39.4061
 50.45 40.188
 50.475 40.8989
 50.5 41.5282
 50.525 42.0678
 50.55 42.5122
 50.575 42.8589
 50.6 43.1074
 50.625 43.2596
 50.65 43.3193
 50.675 43.2911
 50.7 43.1812
 50.725 42.9959
 50.75 42.7421
 50.775 42.4271
 50.8 42.0578
 50.825 41.6411
 50.85 41.1837
 50.875 40.692
 50.9 40.1717
 50.925 39.6285
 50.95 39.0673
 50.975 38.4927
 51 37.9087
 51.025 37.3191
 51.05 36.7269
 51.075 36.1349
 51.1 35.5455
 51.125 34.9606
 51.15 34.382
 51.175 33.8109
 51.2 33.2484
 51.225 32.6955
 51.25 32.1528
 51.275 31.6207
 51.3 31.0996
 51.325 30.5898
 51.35 30.0914
 51.375 29.6043
 51.4 29.1286
 51.425 28.6642
 51.45 28.2109
 51.475 27.7686
 51.5 27.337
 51.525 26.9161
 51.55 26.5056
 51.575 26.1052
 51.6 25.7147
 51.625 25.3339
 51.65 24.9625
 51.675 24.6004
 51.7 24.2472
 51.725 23.9029
 51.75 23.5671
 51.775 23.2397
 51.8 22.9205
 51.825 22.6093
 51.85 22.3059
 51.875 22.0102
 51.9 21.7219
 51.925 21.441
 51.95 21.1672
 51.975 20.9004
 52 20.6405
 52.025 20.3874
 52.05 20.1408
 52.075 19.9008
 52.1 19.6671
 52.125 19.4397
 52.15 19.2184
 52.175 19.0032
 52.2 18.7938
 52.225 18.5903
 52.25 18.3925
 52.275 18.2003
 52.3 18.0136
 52.325 17.8323
 52.35 17.6564
 52.375 17.4857
 52.4 17.3202
 52.425 17.1597
 52.45 17.0041
 52.475 16.8535
 52.5 16.7076
 52.525 16.5665
 52.55 16.43
 52.575 16.298
 52.6 16.1704
 52.625 16.0473
 52.65 15.9284
 52.675 15.8138
 52.7 15.7033
 52.725 15.5969
 52.75 15.4945
 52.775 15.396
 52.8 15.3014
 52.825 15.2105
 52.85 15.1233
 52.875 15.0398
 52.9 14.9599
 52.925 14.8834
 52.95 14.8104
 52.975 14.7408
 53 14.6746
 53.025 14.6116
 53.05 14.5518
 53.075 14.4951
 53.1 14.4416
 53.125 14.3911
 53.15 14.3436
 53.175 14.299
 53.2 14.2574
 53.225 14.2186
 53.25 14.1826
 53.275 14.1494
 53.3 14.119
 53.325 14.0912
 53.35 14.0661
 53.375 14.0436
 53.4 14.0238
 53.425 14.0065
 53.45 13.9917
 53.475 13.9794
 53.5 13.9697
 53.525 13.9624
 53.55 13.9575
 53.575 13.9551
 53.6 13.9551
 53.625 13.9575
 53.65 13.9623
 53.675 13.9694
 53.7 13.979
 53.725 13.9909
 53.75 14.0052
 53.775 14.0218
 53.8 14.0408
 53.825 14.0622
 53.85 14.086
 53.875 14.1121
 53.9 14.1407
 53.925 14.1717
 53.95 14.2051
 53.975 14.2411
 54 14.2795
 54.025 14.3204
 54.05 14.3639
 54.075 14.41
 54.1 14.4587
 54.125 14.5101
 54.15 14.5643
 54.175 14.6212
 54.2 14.681
 54.225 14.7437
 54.25 14.8094
 54.275 14.8782
 54.3 14.9502
 54.325 15.0254
 54.35 15.1039
 54.375 15.1859
 54.4 15.2715
 54.425 15.3608
 54.45 15.454
 54.475 15.5512
 54.5 15.6525
 54.525 15.7582
 54.55 15.8685
 54.575 15.9834
 54.6 16.1034
 54.625 16.2286
 54.65 16.3592
 54.675 16.4957
 54.7 16.6383
 54.725 16.7873
 54.75 16.9431
 54.775 17.1062
 54.8 17.277
 54.825 17.456
 54.85 17.6437
 54.875 17.8408
 54.9 18.0478
 54.925 18.2656
 54.95 18.4949
 54.975 18.7366
 55 18.9917
 55.025 19.2612
 55.05 19.5465
 55.075 19.8487
 55.1 20.1695
 55.125 20.5104
 55.15 20.8733
 55.175 21.2602
 55.2 21.6735
 55.225 22.1157
 55.25 22.5896
 55.275 23.0984
 55.3 23.6456
 55.325 24.235
 55.35 24.8707
 55.375 25.5572
 55.4 26.2995
 55.425 27.1023
 55.45 27.9707
 55.475 28.9093
 55.5 29.9221
 55.525 31.0119
 55.55 32.1792
 55.575 33.4214
 55.6 34.7319
 55.625 36.0984
 55.65 37.5026
 55.675 38.9201
 55.7 40.3214
 55.725 41.6746
 55.75 42.9478
 55.775 44.1128
 55.8 45.1466
 55.825 46.0331
 55.85 46.7629
 55.875 47.3328
 55.9 47.7444
 55.925 48.0035
 55.95 48.1182
 55.975 48.0987
 56 47.9562
 56.025 47.7025
 56.05 47.3494
 56.075 46.9086
 56.1 46.3915
 56.125 45.8091
 56.15 45.1715
 56.175 44.4886
 56.2 43.7695
 56.225 43.0224
 56.25 42.2549
 56.275 41.474
 56.3 40.6857
 56.325 39.8954
 56.35 39.1077
 56.375 38.3266
 56.4 37.5553
 56.425 36.7966
 56.45 36.0525
 56.475 35.3248
 56.5 34.6146
 56.525 33.9227
 56.55 33.2497
 56.575 32.5957
 56.6 31.9609
 56.625 31.3451
 56.65 30.748
 56.675 30.1691
 56.7 29.6082
 56.725 29.0646
 56.75 28.5377
 56.775 28.027
 56.8 27.5319
 56.825 27.0518
 56.85 26.5861
 56.875 26.1342
 56.9 25.6956
 56.925 25.2696
 56.95 24.8558
 56.975 24.4537
 57 24.0628
 57.025 23.6827
 57.05 23.3128
 57.075 22.9528
 57.1 22.6024
 57.125 22.2611
 57.15 21.9286
 57.175 21.6045
 57.2 21.2886
 57.225 20.9806
 57.25 20.6803
 57.275 20.3872
 57.3 20.1013
 57.325 19.8222
 57.35 19.5498
 57.375 19.2839
 57.4 19.0242
 57.425 18.7706
 57.45 18.5229
 57.475 18.2809
 57.5 18.0445
 57.525 17.8136
 57.55 17.5879
 57.575 17.3673
 57.6 17.1517
 57.625 16.9411
 57.65 16.7351
 57.675 16.5338
 57.7 16.337
 57.725 16.1446
 57.75 15.9565
 57.775 15.7726
 57.8 15.5928
 57.825 15.4169
 57.85 15.2449
 57.875 15.0768
 57.9 14.9123
 57.925 14.7514
 57.95 14.5941
 57.975 14.4401
 58 14.2896
 58.025 14.1423
 58.05 13.9982
 58.075 13.8572
 58.1 13.7192
 58.125 13.5842
 58.15 13.4521
 58.175 13.3228
 58.2 13.1963
 58.225 13.0724
 58.25 12.9512
 58.275 12.8325
 58.3 12.7163
 58.325 12.6025
 58.35 12.4911
 58.375 12.382
 58.4 12.2752
 58.425 12.1706
 58.45 12.0682
 58.475 11.9678
 58.5 11.8695
 58.525 11.7732
 58.55 11.6789
 58.575 11.5864
 58.6 11.4959
 58.625 11.4072
 58.65 11.3202
 58.675 11.235
 58.7 11.1515
 58.725 11.0697
 58.75 10.9896
 58.775 10.911
 58.8 10.834
 58.825 10.7585
 58.85 10.6846
 58.875 10.6121
 58.9 10.5411
 58.925 10.4714
 58.95 10.4032
 58.975 10.3363
 59 10.2708
 59.025 10.2066
 59.05 10.1437
 59.075 10.082
 59.1 10.0216
 59.125 9.96238
 59.15 9.90438
 59.175 9.84757
 59.2 9.79191
 59.225 9.7374
 59.25 9.68402
 59.275 9.63174
 59.3 9.58055
 59.325 9.53043
 59.35 9.48137
 59.375 9.43335
 59.4 9.38635
 59.425 9.34037
 59.45 9.29538
 59.475 9.25138
 59.5 9.20834
 59.525 9.16626
 59.55 9.12512
 59.575 9.08491
 59.6 9.04562
 59.625 9.00724
 59.65 8.96975
 59.675 8.93314
 59.7 8.89741
 59.725 8.86254
 59.75 8.82852
 59.775 8.79535
 59.8 8.763
 59.825 8.73147
 59.85 8.70076
 59.875 8.67085
 59.9 8.64174
 59.925 8.61341
 59.95 8.58586
 59.975 8.55907
 60 8.53304
 60.025 8.50777
 60.05 8.48324
 60.075 8.45944
 60.1 8.43638
 60.125 8.41403
 60.15 8.3924
 60.175 8.37147
 60.2 8.35124
 60.225 8.3317
 60.25 8.31285
 60.275 8.29468
 60.3 8.27718
 60.325 8.26035
 60.35 8.24418
 60.375 8.22866
 60.4 8.21378
 60.425 8.19955
 60.45 8.18595
 60.475 8.17298
 60.5 8.16064
 60.525 8.14891
 60.55 8.1378
 60.575 8.1273
 60.6 8.1174
 60.625 8.1081
 60.65 8.0994
 60.675 8.09128
 60.7 8.08375
 60.725 8.07679
 60.75 8.07041
 60.775 8.0646
 60.8 8.05936
 60.825 8.05468
 60.85 8.05055
 60.875 8.04698
 60.9 8.04395
 60.925 8.04148
 60.95 8.03954
 60.975 8.03814
 61 8.03727
 61.025 8.03694
 61.05 8.03713
 61.075 8.03785
 61.1 8.03909
 61.125 8.04084
 61.15 8.04312
 61.175 8.0459
 61.2 8.0492
 61.225 8.053
 61.25 8.0573
 61.275 8.06211
 61.3 8.06742
 61.325 8.07323
 61.35 8.07953
 61.375 8.08633
 61.4 8.09362
 61.425 8.1014
 61.45 8.10966
 61.475 8.11841
 61.5 8.12765
 61.525 8.13737
 61.55 8.14758
 61.575 8.15826
 61.6 8.16943
 61.625 8.18107
 61.65 8.1932
 61.675 8.2058
 61.7 8.21887
 61.725 8.23243
 61.75 8.24646
 61.775 8.26098
 61.8 8.27597
 61.825 8.29144
 61.85 8.30739
 61.875 8.32383
 61.9 8.34074
 61.925 8.35814
 61.95 8.37601
 61.975 8.39437
 62 8.41322
 62.025 8.43255
 62.05 8.45237
 62.075 8.47268
 62.1 8.49349
 62.125 8.51479
 62.15 8.5366
 62.175 8.5589
 62.2 8.58172
 62.225 8.60503
 62.25 8.62886
 62.275 8.65321
 62.3 8.67808
 62.325 8.70347
 62.35 8.72939
 62.375 8.75585
 62.4 8.78285
 62.425 8.8104
 62.45 8.83849
 62.475 8.86714
 62.5 8.89636
 62.525 8.92616
 62.55 8.95653
 62.575 8.98749
 62.6 9.01904
 62.625 9.0512
 62.65 9.08397
 62.675 9.11737
 62.7 9.1514
 62.725 9.18607
 62.75 9.2214
 62.775 9.2574
 62.8 9.29407
 62.825 9.33144
 62.85 9.36952
 62.875 9.40832
 62.9 9.44785
 62.925 9.48814
 62.95 9.52919
 62.975 9.57103
 63 9.61368
 63.025 9.65715
 63.05 9.70147
 63.075 9.74665
 63.1 9.79272
 63.125 9.8397
 63.15 9.88763
 63.175 9.93651
 63.2 9.98639
 63.225 10.0373
 63.25 10.0892
 63.275 10.1423
 63.3 10.1964
 63.325 10.2518
 63.35 10.3083
 63.375 10.366
 63.4 10.425
 63.425 10.4854
 63.45 10.5471
 63.475 10.6102
 63.5 10.6748
 63.525 10.741
 63.55 10.8087
 63.575 10.8781
 63.6 10.9492
 63.625 11.0222
 63.65 11.097
 63.675 11.1737
 63.7 11.2526
 63.725 11.3335
 63.75 11.4168
 63.775 11.5023
 63.8 11.5904
 63.825 11.6811
 63.85 11.7744
 63.875 11.8707
 63.9 11.97
 63.925 12.0726
 63.95 12.1785
 63.975 12.288
 64 12.4013
 64.025 12.5187
 64.05 12.6403
 64.075 12.7666
 64.1 12.8977
 64.125 13.034
 64.15 13.1759
 64.175 13.3237
 64.2 13.478
 64.225 13.6392
 64.25 13.8079
 64.275 13.9846
 64.3 14.17
 64.325 14.3648
 64.35 14.57
 64.375 14.7864
 64.4 15.0151
 64.425 15.2573
 64.45 15.5143
 64.475 15.7878
 64.5 16.0794
 64.525 16.3912
 64.55 16.7256
 64.575 17.0852
 64.6 17.4733
 64.625 17.8934
 64.65 18.35
 64.675 18.8481
 64.7 19.3938
 64.725 19.9942
 64.75 20.658
 64.775 21.3953
 64.8 22.2185
 64.825 23.1423
 64.85 24.1842
 64.875 25.365
 64.9 26.7089
 64.925 28.243
 64.95 29.9962
 64.975 31.9958
 65 34.2614
 65.025 36.7939
 65.05 39.5622
 65.075 42.4931
 65.1 45.4749
 65.125 48.3796
 65.15 51.0893
 65.175 53.516
 65.2 55.608
 65.225 57.3457
 65.25 58.7341
 65.275 59.7929
 65.3 60.5495
 65.325 61.0331
 65.35 61.2718
 65.375 61.2917
 65.4 61.116
 65.425 60.7663
 65.45 60.2621
 65.475 59.6219
 65.5 58.8626
 65.525 58.0001
 65.55 57.0492
 65.575 56.0239
 65.6 54.9367
 65.625 53.7996
 65.65 52.6234
 65.675 51.418
 65.7 50.1929
 65.725 48.9567
 65.75 47.7186
 65.775 46.4867
 65.8 45.2684
 65.825 44.0699
 65.85 42.8967
 65.875 41.7532
 65.9 40.6432
 65.925 39.5694
 65.95 38.534
 65.975 37.5385
 66 36.5836
 66.025 35.6698
 66.05 34.797
 66.075 33.9648
 66.1 33.1726
 66.125 32.4195
 66.15 31.7044
 66.175 31.026
 66.2 30.383
 66.225 29.7737
 66.25 29.1966
 66.275 28.65
 66.3 28.1319
 66.325 27.6406
 66.35 27.1742
 66.375 26.7308
 66.4 26.3086
 66.425 25.9057
 66.45 25.5206
 66.475 25.1516
 66.5 24.797
 66.525 24.4556
 66.55 24.126
 66.575 23.807
 66.6 23.4974
 66.625 23.1963
 66.65 22.9028
 66.675 22.6161
 66.7 22.3353
 66.725 22.06
 66.75 21.7896
 66.775 21.5235
 66.8 21.2614
 66.825 21.0029
 66.85 20.7475
 66.875 20.4952
 66.9 20.2456
 66.925 19.9985
 66.95 19.7538
 66.975 19.5112
 67 19.2707
 67.025 19.0322
 67.05 18.7956
 67.075 18.5607
 67.1 18.3275
 67.125 18.096
 67.15 17.8662
 67.175 17.6379
 67.2 17.4112
 67.225 17.186
 67.25 16.9623
 67.275 16.74
 67.3 16.5193
 67.325 16.3001
 67.35 16.0823
 67.375 15.866
 67.4 15.6512
 67.425 15.4378
 67.45 15.2259
 67.475 15.0155
 67.5 14.8066
 67.525 14.5992
 67.55 14.3933
 67.575 14.1889
 67.6 13.9861
 67.625 13.7848
 67.65 13.585
 67.675 13.3869
 67.7 13.1903
 67.725 12.9953
 67.75 12.8018
 67.775 12.6101
 67.8 12.4199
 67.825 12.2314
 67.85 12.0445
 67.875 11.8592
 67.9 11.6757
 67.925 11.4938
 67.95 11.3136
 67.975 11.1351
 68 10.9583
 68.025 10.7832
 68.05 10.6098
 68.075 10.4382
 68.1 10.2682
 68.125 10.1
 68.15 9.9335
 68.175 9.76874
 68.2 9.60571
 68.225 9.44441
 68.25 9.28484
 68.275 9.12701
 68.3 8.97091
 68.325 8.81653
 68.35 8.66387
 68.375 8.51294
 68.4 8.36372
 68.425 8.21621
 68.45 8.0704
 68.475 7.9263
 68.5 7.78388
 68.525 7.64315
 68.55 7.50409
 68.575 7.3667
 68.6 7.23096
 68.625 7.09687
 68.65 6.96443
 68.675 6.8336
 68.7 6.7044
 68.725 6.5768
 68.75 6.4508
 68.775 6.32638
 68.8 6.20353
 68.825 6.08224
 68.85 5.96249
 68.875 5.84428
 68.9 5.72759
 68.925 5.61241
 68.95 5.49872
 68.975 5.38651
 69 5.27577
 69.025 5.16649
 69.05 5.05864
 69.075 4.95223
 69.1 4.84722
 69.125 4.74362
 69.15 4.6414
 69.175 4.54055
 69.2 4.44106
 69.225 4.34291
 69.25 4.24609
 69.275 4.15059
 69.3 4.05639
 69.325 3.96348
 69.35 3.87184
 69.375 3.78146
 69.4 3.69233
 69.425 3.60443
 69.45 3.51775
 69.475 3.43228
 69.5 3.34799
 69.525 3.26489
 69.55 3.18295
 69.575 3.10216
 69.6 3.02251
 69.625 2.94398
 69.65 2.86656
 69.675 2.79024
 69.7 2.71501
 69.725 2.64085
 69.75 2.56775
 69.775 2.49569
 69.8 2.42467
 69.825 2.35467
 69.85 2.28568
 69.875 2.21768
 69.9 2.15067
 69.925 2.08463
 69.95 2.01955
 69.975 1.95541
 70 1.89221
 70.025 1.82993
 70.05 1.76857
 70.075 1.7081
 70.1 1.64852
 70.125 1.58982
 70.15 1.53198
 70.175 1.47499
 70.2 1.41884
 70.225 1.36353
 70.25 1.30904
 70.275 1.25535
 70.3 1.20246
 70.325 1.15036
 70.35 1.09903
 70.375 1.04847
 70.4 0.998668
 70.425 0.949606
 70.45 0.901279
 70.475 0.853676
 70.5 0.806787
 70.525 0.760601
 70.55 0.715109
 70.575 0.670301
 70.6 0.626167
 70.625 0.582698
 70.65 0.539883
 70.675 0.497714
 70.7 0.456182
 70.725 0.415276
 70.75 0.374988
 70.775 0.335309
 70.8 0.29623
 70.825 0.257742
 70.85 0.219836
 70.875 0.182503
 70.9 0.145735
 70.925 0.109524
 70.95 0.0738613
 70.975 0.0387383
 71 0.00414696
 71.025 -0.029921
 71.05 -0.0634734
 71.075 -0.0965179
 71.1 -0.129062
 71.125 -0.161115
 71.15 -0.192682
 71.175 -0.223773
 71.2 -0.254394
 71.225 -0.284553
 71.25 -0.314256
 71.275 -0.343511
 71.3 -0.372326
 71.325 -0.400706
 71.35 -0.42866
 71.375 -0.456194
 71.4 -0.483314
 71.425 -0.510026
 71.45 -0.536339
 71.475 -0.562257
 71.5 -0.587788
 71.525 -0.612937
 71.55 -0.637712
 71.575 -0.662118
 71.6 -0.68616
 71.625 -0.709845
 71.65 -0.733179
 71.675 -0.756168
 71.7 -0.778817
 71.725 -0.801132
 71.75 -0.823119
 71.775 -0.844782
 71.8 -0.866128
 71.825 -0.887161
 71.85 -0.907888
 71.875 -0.928312
 71.9 -0.948439
 71.925 -0.968275
 71.95 -0.987824
 71.975 -1.00709
 72 -1.02608
 72.025 -1.0448
 72.05 -1.06325
 72.075 -1.08143
 72.1 -1.09936
 72.125 -1.11704
 72.15 -1.13446
 72.175 -1.15164
 72.2 -1.16857
 72.225 -1.18528
 72.25 -1.20174
 72.275 -1.21798
 72.3 -1.234
 72.325 -1.24979
 72.35 -1.26537
 72.375 -1.28073
 72.4 -1.29589
 72.425 -1.31084
 72.45 -1.32559
 72.475 -1.34014
 72.5 -1.35449
 72.525 -1.36866
 72.55 -1.38263
 72.575 -1.39643
 72.6 -1.41004
 72.625 -1.42347
 72.65 -1.43673
 72.675 -1.44982
 72.7 -1.46275
 72.725 -1.4755
 72.75 -1.4881
 72.775 -1.50053
 72.8 -1.51281
 72.825 -1.52494
 72.85 -1.53692
 72.875 -1.54875
 72.9 -1.56044
 72.925 -1.57198
 72.95 -1.58339
 72.975 -1.59466
 73 -1.60579
 73.025 -1.6168
 73.05 -1.62768
 73.075 -1.63843
 73.1 -1.64905
 73.125 -1.65956
 73.15 -1.66994
 73.175 -1.68021
 73.2 -1.69037
 73.225 -1.70041
 73.25 -1.71035
 73.275 -1.72017
 73.3 -1.72989
 73.325 -1.73951
 73.35 -1.74903
 73.375 -1.75844
 73.4 -1.76776
 73.425 -1.77699
 73.45 -1.78612
 73.475 -1.79516
 73.5 -1.80411
 73.525 -1.81297
 73.55 -1.82175
 73.575 -1.83044
 73.6 -1.83905
 73.625 -1.84758
 73.65 -1.85603
 73.675 -1.8644
 73.7 -1.8727
 73.725 -1.88092
 73.75 -1.88907
 73.775 -1.89715
 73.8 -1.90516
 73.825 -1.9131
 73.85 -1.92098
 73.875 -1.92879
 73.9 -1.93654
 73.925 -1.94423
 73.95 -1.95185
 73.975 -1.95942
 74 -1.96693
 74.025 -1.97438
 74.05 -1.98177
 74.075 -1.98911
 74.1 -1.9964
 74.125 -2.00364
 74.15 -2.01083
 74.175 -2.01797
 74.2 -2.02506
 74.225 -2.0321
 74.25 -2.03909
 74.275 -2.04605
 74.3 -2.05295
 74.325 -2.05982
 74.35 -2.06664
 74.375 -2.07342
 74.4 -2.08017
 74.425 -2.08687
 74.45 -2.09354
 74.475 -2.10017
 74.5 -2.10676
 74.525 -2.11332
 74.55 -2.11985
 74.575 -2.12634
 74.6 -2.1328
 74.625 -2.13923
 74.65 -2.14563
 74.675 -2.15199
 74.7 -2.15833
 74.725 -2.16464
 74.75 -2.17093
 74.775 -2.17718
 74.8 -2.18341
 74.825 -2.18961
 74.85 -2.19579
 74.875 -2.20195
 74.9 -2.20808
 74.925 -2.21419
 74.95 -2.22028
 74.975 -2.22634
 75 -2.23239
 75.025 -2.23841
 75.05 -2.24441
 75.075 -2.2504
 75.1 -2.25636
 75.125 -2.26231
 75.15 -2.26824
 75.175 -2.27415
 75.2 -2.28004
 75.225 -2.28592
 75.25 -2.29179
 75.275 -2.29764
 75.3 -2.30347
 75.325 -2.30929
 75.35 -2.31509
 75.375 -2.32089
 75.4 -2.32667
 75.425 -2.33243
 75.45 -2.33819
 75.475 -2.34393
 75.5 -2.34967
 75.525 -2.35539
 75.55 -2.3611
 75.575 -2.3668
 75.6 -2.37249
 75.625 -2.37818
 75.65 -2.38385
 75.675 -2.38952
 75.7 -2.39517
 75.725 -2.40082
 75.75 -2.40647
 75.775 -2.4121
 75.8 -2.41773
 75.825 -2.42335
 75.85 -2.42897
 75.875 -2.43457
 75.9 -2.44018
 75.925 -2.44578
 75.95 -2.45137
 75.975 -2.45695
 76 -2.46254
 76.025 -2.46812
 76.05 -2.47369
 76.075 -2.47926
 76.1 -2.48483
 76.125 -2.49039
 76.15 -2.49595
 76.175 -2.50151
 76.2 -2.50706
 76.225 -2.51261
 76.25 -2.51816
 76.275 -2.52371
 76.3 -2.52925
 76.325 -2.5348
 76.35 -2.54034
 76.375 -2.54588
 76.4 -2.55142
 76.425 -2.55696
 76.45 -2.56249
 76.475 -2.56803
 76.5 -2.57356
 76.525 -2.5791
 76.55 -2.58463
 76.575 -2.59016
 76.6 -2.5957
 76.625 -2.60123
 76.65 -2.60676
 76.675 -2.6123
 76.7 -2.61783
 76.725 -2.62337
 76.75 -2.6289
 76.775 -2.63444
 76.8 -2.63997
 76.825 -2.64551
 76.85 -2.65104
 76.875 -2.65658
 76.9 -2.66212
 76.925 -2.66766
 76.95 -2.6732
 76.975 -2.67874
 77 -2.68428
 77.025 -2.68982
 77.05 -2.69537
 77.075 -2.70092
 77.1 -2.70646
 77.125 -2.71201
 77.15 -2.71756
 77.175 -2.72311
 77.2 -2.72867
 77.225 -2.73422
 77.25 -2.73978
 77.275 -2.74533
 77.3 -2.75089
 77.325 -2.75645
 77.35 -2.76202
 77.375 -2.76758
 77.4 -2.77315
 77.425 -2.77871
 77.45 -2.78428
 77.475 -2.78985
 77.5 -2.79542
 77.525 -2.801
 77.55 -2.80657
 77.575 -2.81215
 77.6 -2.81773
 77.625 -2.82331
 77.65 -2.82889
 77.675 -2.83447
 77.7 -2.84006
 77.725 -2.84564
 77.75 -2.85123
 77.775 -2.85682
 77.8 -2.86241
 77.825 -2.868
 77.85 -2.87359
 77.875 -2.87919
 77.9 -2.88478
 77.925 -2.89038
 77.95 -2.89598
 77.975 -2.90158
 78 -2.90718
 78.025 -2.91279
 78.05 -2.91839
 78.075 -2.924
 78.1 -2.9296
 78.125 -2.93521
 78.15 -2.94082
 78.175 -2.94643
 78.2 -2.95204
 78.225 -2.95766
 78.25 -2.96327
 78.275 -2.96889
 78.3 -2.9745
 78.325 -2.98012
 78.35 -2.98574
 78.375 -2.99136
 78.4 -2.99698
 78.425 -3.0026
 78.45 -3.00823
 78.475 -3.01385
 78.5 -3.01947
 78.525 -3.0251
 78.55 -3.03073
 78.575 -3.03635
 78.6 -3.04198
 78.625 -3.04761
 78.65 -3.05324
 78.675 -3.05887
 78.7 -3.0645
 78.725 -3.07013
 78.75 -3.07576
 78.775 -3.08139
 78.8 -3.08702
 78.825 -3.09265
 78.85 -3.09829
 78.875 -3.10392
 78.9 -3.10955
 78.925 -3.11519
 78.95 -3.12082
 78.975 -3.12645
 79 -3.13209
 79.025 -3.13772
 79.05 -3.14336
 79.075 -3.14899
 79.1 -3.15462
 79.125 -3.16026
 79.15 -3.16589
 79.175 -3.17153
 79.2 -3.17716
 79.225 -3.18279
 79.25 -3.18843
 79.275 -3.19406
 79.3 -3.19969
 79.325 -3.20532
 79.35 -3.21095
 79.375 -3.21659
 79.4 -3.22222
 79.425 -3.22785
 79.45 -3.23347
 79.475 -3.2391
 79.5 -3.24473
 79.525 -3.25036
 79.55 -3.25598
 79.575 -3.26161
 79.6 -3.26723
 79.625 -3.27285
 79.65 -3.27847
 79.675 -3.28409
 79.7 -3.28971
 79.725 -3.29533
 79.75 -3.30095
 79.775 -3.30656
 79.8 -3.31218
 79.825 -3.31779
 79.85 -3.3234
 79.875 -3.32901
 79.9 -3.33462
 79.925 -3.34023
 79.95 -3.34583
 79.975 -3.35144
 80 -3.35704
 80.025 -3.36264
 80.05 -3.36824
 80.075 -3.37384
 80.1 -3.37943
 80.125 -3.38502
 80.15 -3.39062
 80.175 -3.3962
 80.2 -3.40179
 80.225 -3.40738
 80.25 -3.41296
 80.275 -3.41854
 80.3 -3.42412
 80.325 -3.42969
 80.35 -3.43527
 80.375 -3.44084
 80.4 -3.44641
 80.425 -3.45197
 80.45 -3.45754
 80.475 -3.4631
 80.5 -3.46866
 80.525 -3.47421
 80.55 -3.47976
 80.575 -3.48531
 80.6 -3.49086
 80.625 -3.4964
 80.65 -3.50195
 80.675 -3.50748
 80.7 -3.51302
 80.725 -3.51855
 80.75 -3.52408
 80.775 -3.52961
 80.8 -3.53513
 80.825 -3.54065
 80.85 -3.54616
 80.875 -3.55168
 80.9 -3.55719
 80.925 -3.56269
 80.95 -3.5682
 80.975 -3.57369
 81 -3.57919
 81.025 -3.58468
 81.05 -3.59017
 81.075 -3.59565
 81.1 -3.60113
 81.125 -3.60661
 81.15 -3.61208
 81.175 -3.61755
 81.2 -3.62302
 81.225 -3.62848
 81.25 -3.63393
 81.275 -3.63939
 81.3 -3.64483
 81.325 -3.65028
 81.35 -3.65572
 81.375 -3.66115
 81.4 -3.66658
 81.425 -3.67201
 81.45 -3.67743
 81.475 -3.68285
 81.5 -3.68826
 81.525 -3.69367
 81.55 -3.69907
 81.575 -3.70447
 81.6 -3.70986
 81.625 -3.71525
 81.65 -3.72064
 81.675 -3.72602
 81.7 -3.73139
 81.725 -3.73676
 81.75 -3.74213
 81.775 -3.74749
 81.8 -3.75284
 81.825 -3.75819
 81.85 -3.76354
 81.875 -3.76888
 81.9 -3.77421
 81.925 -3.77954
 81.95 -3.78487
 81.975 -3.79019
 82 -3.7955
 82.025 -3.80081
 82.05 -3.80611
 82.075 -3.81141
 82.1 -3.8167
 82.125 -3.82199
 82.15 -3.82727
 82.175 -3.83255
 82.2 -3.83782
 82.225 -3.84308
 82.25 -3.84834
 82.275 -3.85359
 82.3 -3.85884
 82.325 -3.86408
 82.35 -3.86932
 82.375 -3.87455
 82.4 -3.87977
 82.425 -3.88499
 82.45 -3.8902
 82.475 -3.89541
 82.5 -3.90061
 82.525 -3.90581
 82.55 -3.911
 82.575 -3.91618
 82.6 -3.92136
 82.625 -3.92653
 82.65 -3.93169
 82.675 -3.93685
 82.7 -3.94201
 82.725 -3.94715
 82.75 -3.95229
 82.775 -3.95743
 82.8 -3.96256
 82.825 -3.96768
 82.85 -3.97279
 82.875 -3.9779
 82.9 -3.98301
 82.925 -3.9881
 82.95 -3.99319
 82.975 -3.99828
 83 -4.00336
 83.025 -4.00843
 83.05 -4.01349
 83.075 -4.01855
 83.1 -4.0236
 83.125 -4.02865
 83.15 -4.03369
 83.175 -4.03872
 83.2 -4.04375
 83.225 -4.04877
 83.25 -4.05378
 83.275 -4.05879
 83.3 -4.06379
 83.325 -4.06878
 83.35 -4.07377
 83.375 -4.07875
 83.4 -4.08372
 83.425 -4.08868
 83.45 -4.09364
 83.475 -4.0986
 83.5 -4.10354
 83.525 -4.10848
 83.55 -4.11341
 83.575 -4.11834
 83.6 -4.12326
 83.625 -4.12817
 83.65 -4.13308
 83.675 -4.13797
 83.7 -4.14287
 83.725 -4.14775
 83.75 -4.15263
 83.775 -4.1575
 83.8 -4.16236
 83.825 -4.16722
 83.85 -4.17207
 83.875 -4.17691
 83.9 -4.18175
 83.925 -4.18658
 83.95 -4.1914
 83.975 -4.19621
 84 -4.20102
 84.025 -4.20582
 84.05 -4.21062
 84.075 -4.2154
 84.1 -4.22018
 84.125 -4.22496
 84.15 -4.22972
 84.175 -4.23448
 84.2 -4.23923
 84.225 -4.24398
 84.25 -4.24871
 84.275 -4.25344
 84.3 -4.25817
 84.325 -4.26288
 84.35 -4.26759
 84.375 -4.27229
 84.4 -4.27699
 84.425 -4.28167
 84.45 -4.28635
 84.475 -4.29102
 84.5 -4.29569
 84.525 -4.30035
 84.55 -4.305
 84.575 -4.30964
 84.6 -4.31428
 84.625 -4.31891
 84.65 -4.32353
 84.675 -4.32814
 84.7 -4.33275
 84.725 -4.33735
 84.75 -4.34194
 84.775 -4.34653
 84.8 -4.3511
 84.825 -4.35568
 84.85 -4.36024
 84.875 -4.3648
 84.9 -4.36934
 84.925 -4.37389
 84.95 -4.37842
 84.975 -4.38295
 85 -4.38747
 85.025 -4.39198
 85.05 -4.39648
 85.075 -4.40098
 85.1 -4.40547
 85.125 -4.40995
 85.15 -4.41443
 85.175 -4.4189
 85.2 -4.42336
 85.225 -4.42781
 85.25 -4.43226
 85.275 -4.4367
 85.3 -4.44113
 85.325 -4.44555
 85.35 -4.44997
 85.375 -4.45438
 85.4 -4.45878
 85.425 -4.46317
 85.45 -4.46756
 85.475 -4.47194
 85.5 -4.47631
 85.525 -4.48068
 85.55 -4.48503
 85.575 -4.48938
 85.6 -4.49372
 85.625 -4.49806
 85.65 -4.50239
 85.675 -4.50671
 85.7 -4.51102
 85.725 -4.51533
 85.75 -4.51962
 85.775 -4.52392
 85.8 -4.5282
 85.825 -4.53247
 85.85 -4.53674
 85.875 -4.541
 85.9 -4.54526
 85.925 -4.5495
 85.95 -4.55374
 85.975 -4.55798
 86 -4.5622
 86.025 -4.56642
 86.05 -4.57063
 86.075 -4.57483
 86.1 -4.57902
 86.125 -4.58321
 86.15 -4.58739
 86.175 -4.59156
 86.2 -4.59573
 86.225 -4.59989
 86.25 -4.60404
 86.275 -4.60818
 86.3 -4.61232
 86.325 -4.61645
 86.35 -4.62057
 86.375 -4.62468
 86.4 -4.62879
 86.425 -4.63289
 86.45 -4.63698
 86.475 -4.64106
 86.5 -4.64514
 86.525 -4.64921
 86.55 -4.65327
 86.575 -4.65733
 86.6 -4.66137
 86.625 -4.66541
 86.65 -4.66945
 86.675 -4.67347
 86.7 -4.67749
 86.725 -4.6815
 86.75 -4.68551
 86.775 -4.6895
 86.8 -4.69349
 86.825 -4.69747
 86.85 -4.70145
 86.875 -4.70542
 86.9 -4.70938
 86.925 -4.71333
 86.95 -4.71727
 86.975 -4.72121
 87 -4.72514
 87.025 -4.72907
 87.05 -4.73298
 87.075 -4.73689
 87.1 -4.7408
 87.125 -4.74469
 87.15 -4.74858
 87.175 -4.75246
 87.2 -4.75633
 87.225 -4.7602
 87.25 -4.76406
 87.275 -4.76791
 87.3 -4.77175
 87.325 -4.77559
 87.35 -4.77942
 87.375 -4.78324
 87.4 -4.78706
 87.425 -4.79087
 87.45 -4.79467
 87.475 -4.79847
 87.5 -4.80225
 87.525 -4.80603
 87.55 -4.80981
 87.575 -4.81357
 87.6 -4.81733
 87.625 -4.82108
 87.65 -4.82483
 87.675 -4.82857
 87.7 -4.8323
 87.725 -4.83602
 87.75 -4.83974
 87.775 -4.84345
 87.8 -4.84715
 87.825 -4.85084
 87.85 -4.85453
 87.875 -4.85821
 87.9 -4.86189
 87.925 -4.86555
 87.95 -4.86921
 87.975 -4.87287
 88 -4.87651
 88.025 -4.88015
 88.05 -4.88378
 88.075 -4.88741
 88.1 -4.89103
 88.125 -4.89464
 88.15 -4.89824
 88.175 -4.90184
 88.2 -4.90543
 88.225 -4.90901
 88.25 -4.91259
 88.275 -4.91616
 88.3 -4.91972
 88.325 -4.92328
 88.35 -4.92683
 88.375 -4.93037
 88.4 -4.93391
 88.425 -4.93743
 88.45 -4.94096
 88.475 -4.94447
 88.5 -4.94798
 88.525 -4.95148
 88.55 -4.95497
 88.575 -4.95846
 88.6 -4.96194
 88.625 -4.96542
 88.65 -4.96888
 88.675 -4.97234
 88.7 -4.9758
 88.725 -4.97924
 88.75 -4.98268
 88.775 -4.98612
 88.8 -4.98954
 88.825 -4.99296
 88.85 -4.99638
 88.875 -4.99978
 88.9 -5.00318
 88.925 -5.00658
 88.95 -5.00996
 88.975 -5.01334
 89 -5.01672
 89.025 -5.02008
 89.05 -5.02344
 89.075 -5.0268
 89.1 -5.03014
 89.125 -5.03349
 89.15 -5.03682
 89.175 -5.04015
 89.2 -5.04347
 89.225 -5.04678
 89.25 -5.05009
 89.275 -5.05339
 89.3 -5.05668
 89.325 -5.05997
 89.35 -5.06325
 89.375 -5.06652
 89.4 -5.06979
 89.425 -5.07305
 89.45 -5.07631
 89.475 -5.07956
 89.5 -5.0828
 89.525 -5.08604
 89.55 -5.08926
 89.575 -5.09249
 89.6 -5.0957
 89.625 -5.09891
 89.65 -5.10212
 89.675 -5.10531
 89.7 -5.1085
 89.725 -5.11169
 89.75 -5.11487
 89.775 -5.11804
 89.8 -5.1212
 89.825 -5.12436
 89.85 -5.12752
 89.875 -5.13066
 89.9 -5.1338
 89.925 -5.13694
 89.95 -5.14006
 89.975 -5.14318
 90 -5.1463
 90.025 -5.14941
 90.05 -5.15251
 90.075 -5.15561
 90.1 -5.1587
 90.125 -5.16178
 90.15 -5.16486
 90.175 -5.16793
 90.2 -5.17099
 90.225 -5.17405
 90.25 -5.1771
 90.275 -5.18015
 90.3 -5.18319
 90.325 -5.18623
 90.35 -5.18925
 90.375 -5.19228
 90.4 -5.19529
 90.425 -5.1983
 90.45 -5.20131
 90.475 -5.2043
 90.5 -5.20729
 90.525 -5.21028
 90.55 -5.21326
 90.575 -5.21623
 90.6 -5.2192
 90.625 -5.22216
 90.65 -5.22512
 90.675 -5.22807
 90.7 -5.23101
 90.725 -5.23395
 90.75 -5.23688
 90.775 -5.2398
 90.8 -5.24272
 90.825 -5.24564
 90.85 -5.24854
 90.875 -5.25145
 90.9 -5.25434
 90.925 -5.25723
 90.95 -5.26012
 90.975 -5.26299
 91 -5.26587
 91.025 -5.26873
 91.05 -5.27159
 91.075 -5.27445
 91.1 -5.2773
 91.125 -5.28014
 91.15 -5.28298
 91.175 -5.28581
 91.2 -5.28863
 91.225 -5.29145
 91.25 -5.29427
 91.275 -5.29708
 91.3 -5.29988
 91.325 -5.30267
 91.35 -5.30547
 91.375 -5.30825
 91.4 -5.31103
 91.425 -5.3138
 91.45 -5.31657
 91.475 -5.31934
 91.5 -5.32209
 91.525 -5.32484
 91.55 -5.32759
 91.575 -5.33033
 91.6 -5.33306
 91.625 -5.33579
 91.65 -5.33852
 91.675 -5.34123
 91.7 -5.34395
 91.725 -5.34665
 91.75 -5.34935
 91.775 -5.35205
 91.8 -5.35474
 91.825 -5.35742
 91.85 -5.3601
 91.875 -5.36277
 91.9 -5.36544
 91.925 -5.3681
 91.95 -5.37076
 91.975 -5.37341
 92 -5.37606
 92.025 -5.3787
 92.05 -5.38133
 92.075 -5.38396
 92.1 -5.38659
 92.125 -5.3892
 92.15 -5.39182
 92.175 -5.39443
 92.2 -5.39703
 92.225 -5.39963
 92.25 -5.40222
 92.275 -5.4048
 92.3 -5.40738
 92.325 -5.40996
 92.35 -5.41253
 92.375 -5.4151
 92.4 -5.41766
 92.425 -5.42021
 92.45 -5.42276
 92.475 -5.4253
 92.5 -5.42784
 92.525 -5.43037
 92.55 -5.4329
 92.575 -5.43543
 92.6 -5.43794
 92.625 -5.44046
 92.65 -5.44296
 92.675 -5.44546
 92.7 -5.44796
 92.725 -5.45045
 92.75 -5.45294
 92.775 -5.45542
 92.8 -5.4579
 92.825 -5.46037
 92.85 -5.46283
 92.875 -5.46529
 92.9 -5.46775
 92.925 -5.4702
 92.95 -5.47264
 92.975 -5.47509
 93 -5.47752
 93.025 -5.47995
 93.05 -5.48238
 93.075 -5.4848
 93.1 -5.48721
 93.125 -5.48962
 93.15 -5.49203
 93.175 -5.49443
 93.2 -5.49682
 93.225 -5.49921
 93.25 -5.5016
 93.275 -5.50398
 93.3 -5.50635
 93.325 -5.50872
 93.35 -5.51109
 93.375 -5.51345
 93.4 -5.5158
 93.425 -5.51815
 93.45 -5.5205
 93.475 -5.52284
 93.5 -5.52517
 93.525 -5.52751
 93.55 -5.52983
 93.575 -5.53215
 93.6 -5.53447
 93.625 -5.53678
 93.65 -5.53909
 93.675 -5.54139
 93.7 -5.54369
 93.725 -5.54598
 93.75 -5.54827
 93.775 -5.55055
 93.8 -5.55283
 93.825 -5.5551
 93.85 -5.55737
 93.875 -5.55963
 93.9 -5.56189
 93.925 -5.56415
 93.95 -5.5664
 93.975 -5.56864
 94 -5.57088
 94.025 -5.57312
 94.05 -5.57535
 94.075 -5.57757
 94.1 -5.5798
 94.125 -5.58201
 94.15 -5.58423
 94.175 -5.58643
 94.2 -5.58864
 94.225 -5.59084
 94.25 -5.59303
 94.275 -5.59522
 94.3 -5.5974
 94.325 -5.59958
 94.35 -5.60176
 94.375 -5.60393
 94.4 -5.6061
 94.425 -5.60826
 94.45 -5.61042
 94.475 -5.61257
 94.5 -5.61472
 94.525 -5.61686
 94.55 -5.619
 94.575 -5.62114
 94.6 -5.62327
 94.625 -5.62539
 94.65 -5.62751
 94.675 -5.62963
 94.7 -5.63174
 94.725 -5.63385
 94.75 -5.63596
 94.775 -5.63805
 94.8 -5.64015
 94.825 -5.64224
 94.85 -5.64433
 94.875 -5.64641
 94.9 -5.64849
 94.925 -5.65056
 94.95 -5.65263
 94.975 -5.65469
 95 -5.65675
 95.025 -5.65881
 95.05 -5.66086
 95.075 -5.66291
 95.1 -5.66495
 95.125 -5.66699
 95.15 -5.66902
 95.175 -5.67105
 95.2 -5.67308
 95.225 -5.6751
 95.25 -5.67711
 95.275 -5.67913
 95.3 -5.68114
 95.325 -5.68314
 95.35 -5.68514
 95.375 -5.68714
 95.4 -5.68913
 95.425 -5.69112
 95.45 -5.6931
 95.475 -5.69508
 95.5 -5.69705
 95.525 -5.69903
 95.55 -5.70099
 95.575 -5.70296
 95.6 -5.70491
 95.625 -5.70687
 95.65 -5.70882
 95.675 -5.71076
 95.7 -5.71271
 95.725 -5.71464
 95.75 -5.71658
 95.775 -5.71851
 95.8 -5.72043
 95.825 -5.72236
 95.85 -5.72427
 95.875 -5.72619
 95.9 -5.7281
 95.925 -5.73
 95.95 -5.73191
 95.975 -5.7338
 96 -5.7357
 96.025 -5.73759
 96.05 -5.73947
 96.075 -5.74135
 96.1 -5.74323
 96.125 -5.74511
 96.15 -5.74697
 96.175 -5.74884
 96.2 -5.7507
 96.225 -5.75256
 96.25 -5.75442
 96.275 -5.75627
 96.3 -5.75811
 96.325 -5.75995
 96.35 -5.76179
 96.375 -5.76363
 96.4 -5.76546
 96.425 -5.76729
 96.45 -5.76911
 96.475 -5.77093
 96.5 -5.77274
 96.525 -5.77455
 96.55 -5.77636
 96.575 -5.77817
 96.6 -5.77997
 96.625 -5.78176
 96.65 -5.78356
 96.675 -5.78534
 96.7 -5.78713
 96.725 -5.78891
 96.75 -5.79069
 96.775 -5.79246
 96.8 -5.79423
 96.825 -5.796
 96.85 -5.79776
 96.875 -5.79952
 96.9 -5.80128
 96.925 -5.80303
 96.95 -5.80477
 96.975 -5.80652
 97 -5.80826
 97.025 -5.81
 97.05 -5.81173
 97.075 -5.81346
 97.1 -5.81518
 97.125 -5.81691
 97.15 -5.81862
 97.175 -5.82034
 97.2 -5.82205
 97.225 -5.82376
 97.25 -5.82546
 97.275 -5.82716
 97.3 -5.82886
 97.325 -5.83055
 97.35 -5.83224
 97.375 -5.83393
 97.4 -5.83561
 97.425 -5.83729
 97.45 -5.83896
 97.475 -5.84064
 97.5 -5.8423
 97.525 -5.84397
 97.55 -5.84563
 97.575 -5.84729
 97.6 -5.84894
 97.625 -5.85059
 97.65 -5.85224
 97.675 -5.85388
 97.7 -5.85552
 97.725 -5.85716
 97.75 -5.85879
 97.775 -5.86042
 97.8 -5.86205
 97.825 -5.86367
 97.85 -5.86529
 97.875 -5.86691
 97.9 -5.86852
 97.925 -5.87013
 97.95 -5.87174
 97.975 -5.87334
 98 -5.87494
 98.025 -5.87653
 98.05 -5.87813
 98.075 -5.87971
 98.1 -5.8813
 98.125 -5.88288
 98.15 -5.88446
 98.175 -5.88604
 98.2 -5.88761
 98.225 -5.88918
 98.25 -5.89074
 98.275 -5.8923
 98.3 -5.89386
 98.325 -5.89542
 98.35 -5.89697
 98.375 -5.89852
 98.4 -5.90007
 98.425 -5.90161
 98.45 -5.90315
 98.475 -5.90468
 98.5 -5.90622
 98.525 -5.90775
 98.55 -5.90927
 98.575 -5.91079
 98.6 -5.91231
 98.625 -5.91383
 98.65 -5.91534
 98.675 -5.91685
 98.7 -5.91836
 98.725 -5.91986
 98.75 -5.92136
 98.775 -5.92286
 98.8 -5.92436
 98.825 -5.92585
 98.85 -5.92733
 98.875 -5.92882
 98.9 -5.9303
 98.925 -5.93178
 98.95 -5.93325
 98.975 -5.93473
 99 -5.93619
 99.025 -5.93766
 99.05 -5.93912
 99.075 -5.94058
 99.1 -5.94204
 99.125 -5.94349
 99.15 -5.94494
 99.175 -5.94639
 99.2 -5.94783
 99.225 -5.94928
 99.25 -5.95071
 99.275 -5.95215
 99.3 -5.95358
 99.325 -5.95501
 99.35 -5.95644
 99.375 -5.95786
 99.4 -5.95928
 99.425 -5.96069
 99.45 -5.96211
 99.475 -5.96352
 99.5 -5.96493
 99.525 -5.96633
 99.55 -5.96773
 99.575 -5.96913
 99.6 -5.97053
 99.625 -5.97192
 99.65 -5.97331
 99.675 -5.9747
 99.7 -5.97608
 99.725 -5.97746
 99.75 -5.97884
 99.775 -5.98022
 99.8 -5.98159
 99.825 -5.98296
 99.85 -5.98433
 99.875 -5.98569
 99.9 -5.98705
 99.925 -5.98841
 99.95 -5.98976
 99.975 -5.99111
 100 -5.99246
