4001 2
 0 0
 0.025 0.00539846
 0.05 0.0106284
 0.075 0.0157093
 0.1 0.0206584
 0.125 0.0254914
 0.15 0.0302217
 0.175 0.0348616
 0.2 0.0394214
 0.225 0.0439105
 0.25 0.0483367
 0.275 0.0527072
 0.3 0.0570279
 0.325 0.0613042
 0.35 0.0655407
 0.375 0.0697413
 0.4 0.0739096
 0.425 0.0780485
 0.45 0.0821608
 0.475 0.0862487
 0.5 0.0903142
 0.525 0.0943591
 0.55 0.0983849
 0.575 0.102393
 0.6 0.106385
 0.625 0.110361
 0.65 0.114322
 0.675 0.11827
 0.7 0.122205
 0.725 0.126127
 0.75 0.130037
 0.775 0.133937
 0.8 0.137825
 0.825 0.141702
 0.85 0.14557
 0.875 0.149428
 0.9 0.153276
 0.925 0.157114
 0.95 0.160944
 0.975 0.164765
 1 0.168577
 1.025 0.17238
 1.05 0.176176
 1.075 0.179963
 1.1 0.183741
 1.125 0.187512
 1.15 0.191275
 1.175 0.19503
 1.2 0.198778
 1.225 0.202518
 1.25 0.20625
 1.275 0.209975
 1.3 0.213693
 1.325 0.217403
 1.35 0.221107
 1.375 0.224803
 1.4 0.228493
 1.425 0.232175
 1.45 0.235851
 1.475 0.23952
 1.5 0.243183
 1.525 0.246838
 1.55 0.250487
 1.575 0.254129
 1.6 0.257765
 1.625 0.261394
 1.65 0.265017
 1.675 0.268633
 1.7 0.272243
 1.725 0.275846
 1.75 0.279443
 1.775 0.283034
 1.8 0.286618
 1.825 0.290196
 1.85 0.293768
 1.875 0.297333
 1.9 0.300893
 1.925 0.304446
 1.95 0.307993
 1.975 0.311534
 2 0.315069
 2.025 0.318598
 2.05 0.322121
 2.075 0.325638
 2.1 0.329149
 2.125 0.332654
 2.15 0.336153
 2.175 0.339647
 2.2 0.343135
 2.225 0.346617
 2.25 0.350093
 2.275 0.353564
 2.3 0.357028
 2.325 0.360488
 2.35 0.363941
 2.375 0.367389
 2.4 0.370832
 2.425 0.374269
 2.45 0.377701
 2.475 0.381127
 2.5 0.384548
 2.525 0.387963
 2.55 0.391373
 2.575 0.394778
 2.6 0.398178
 2.625 0.401572
 2.65 0.404961
 2.675 0.408345
 2.7 0.411724
 2.725 0.415098
 2.75 0.418467
 2.775 0.421832
 2.8 0.425191
 2.825 0.428546
 2.85 0.431896
 2.875 0.435241
 2.9 0.438582
 2.925 0.441918
 2.95 0.445249
 2.975 0.448576
 3 0.451899
 3.025 0.455216
 3.05 0.45853
 3.075 0.461838
 3.1 0.465143
 3.125 0.468443
 3.15 0.471738
 3.175 0.475029
 3.2 0.478316
 3.225 0.481599
 3.25 0.484877
 3.275 0.488151
 3.3 0.491421
 3.325 0.494687
 3.35 0.497948
 3.375 0.501206
 3.4 0.504459
 3.425 0.507708
 3.45 0.510953
 3.475 0.514195
 3.5 0.517432
 3.525 0.520665
 3.55 0.523894
 3.575 0.52712
 3.6 0.530341
 3.625 0.533559
 3.65 0.536772
 3.675 0.539982
 3.7 0.543189
 3.725 0.546391
 3.75 0.54959
 3.775 0.552785
 3.8 0.555976
 3.825 0.559164
 3.85 0.562348
 3.875 0.565528
 3.9 0.568705
 3.925 0.571879
 3.95 0.575049
 3.975 0.578215
 4 0.581378
 4.025 0.584537
 4.05 0.587693
 4.075 0.590846
 4.1 0.593995
 4.125 0.597141
 4.15 0.600284
 4.175 0.603423
 4.2 0.60656
 4.225 0.609693
 4.25 0.612823
 4.275 0.61595
 4.3 0.619074
 4.325 0.622195
 4.35 0.625313
 4.375 0.628428
 4.4 0.631541
 4.425 0.63465
 4.45 0.637757
 4.475 0.640861
 4.5 0.643962
 4.525 0.647061
 4.55 0.650156
 4.575 0.653249
 4.6 0.656339
 4.625 0.659427
 4.65 0.662512
 4.675 0.665594
 4.7 0.668674
 4.725 0.671751
 4.75 0.674825
 4.775 0.677897
 4.8 0.680966
 4.825 0.684033
 4.85 0.687097
 4.875 0.690159
 4.9 0.693218
 4.925 0.696275
 4.95 0.69933
 4.975 0.702382
 5 0.705431
 5.025 0.708478
 5.05 0.711523
 5.075 0.714565
 5.1 0.717606
 5.125 0.720643
 5.15 0.723679
 5.175 0.726712
 5.2 0.729743
 5.225 0.732772
 5.25 0.735798
 5.275 0.738822
 5.3 0.741845
 5.325 0.744864
 5.35 0.747882
 5.375 0.750898
 5.4 0.753911
 5.425 0.756923
 5.45 0.759932
 5.475 0.762939
 5.5 0.765944
 5.525 0.768947
 5.55 0.771948
 5.575 0.774947
 5.6 0.777944
 5.625 0.780939
 5.65 0.783932
 5.675 0.786923
 5.7 0.789913
 5.725 0.7929
 5.75 0.795885
 5.775 0.798869
 5.8 0.80185
 5.825 0.80483
 5.85 0.807808
 5.875 0.810784
 5.9 0.813759
 5.925 0.816732
 5.95 0.819704
 5.975 0.822674
 6 0.825642
 6.025 0.828609
 6.05 0.831575
 6.075 0.834539
 6.1 0.837501
 6.125 0.840462
 6.15 0.843421
 6.175 0.846379
 6.2 0.849336
 6.225 0.852291
 6.25 0.855245
 6.275 0.858197
 6.3 0.861148
 6.325 0.864097
 6.35 0.867046
 6.375 0.869992
 6.4 0.872938
 6.425 0.875882
 6.45 0.878825
 6.475 0.881766
 6.5 0.884706
 6.525 0.887645
 6.55 0.890583
 6.575 0.893519
 6.6 0.896454
 6.625 0.899388
 6.65 0.90232
 6.675 0.905251
 6.7 0.908181
 6.725 0.91111
 6.75 0.914038
 6.775 0.916964
 6.8 0.91989
 6.825 0.922814
 6.85 0.925736
 6.875 0.928658
 6.9 0.931579
 6.925 0.934498
 6.95 0.937417
 6.975 0.940334
 7 0.94325
 7.025 0.946165
 7.05 0.949079
 7.075 0.951992
 7.1 0.954904
 7.125 0.957814
 7.15 0.960724
 7.175 0.963633
 7.2 0.96654
 7.225 0.969447
 7.25 0.972353
 7.275 0.975257
 7.3 0.978161
 7.325 0.981064
 7.35 0.983965
 7.375 0.986866
 7.4 0.989766
 7.425 0.992664
 7.45 0.995562
 7.475 0.998459
 7.5 1.00136
 7.525 1.00425
 7.55 1.00714
 7.575 1.01004
 7.6 1.01293
 7.625 1.01582
 7.65 1.01872
 7.675 1.02161
 7.7 1.0245
 7.725 1.02739
 7.75 1.03028
 7.775 1.03316
 7.8 1.03605
 7.825 1.03894
 7.85 1.04183
 7.875 1.04471
 7.9 1.0476
 7.925 1.05048
 7.95 1.05337
 7.975 1.05625
 8 1.05913
 8.025 1.06202
 8.05 1.0649
 8.075 1.06778
 8.1 1.07066
 8.125 1.07354
 8.15 1.07642
 8.175 1.0793
 8.2 1.08218
 8.225 1.08506
 8.25 1.08794
 8.275 1.09082
 8.3 1.0937
 8.325 1.09657
 8.35 1.09945
 8.375 1.10232
 8.4 1.1052
 8.425 1.10807
 8.45 1.11095
 8.475 1.11382
 8.5 1.1167
 8.525 1.11957
 8.55 1.12244
 8.575 1.12532
 8.6 1.12819
 8.625 1.13106
 8.65 1.13393
 8.675 1.1368
 8.7 1.13967
 8.725 1.14254
 8.75 1.14541
 8.775 1.14828
 8.8 1.15115
 8.825 1.15402
 8.85 1.15689
 8.875 1.15976
 8.9 1.16262
 8.925 1.16549
 8.95 1.16836
 8.975 1.17122
 9 1.17409
 9.025 1.17696
 9.05 1.17982
 9.075 1.18269
 9.1 1.18555
 9.125 1.18842
 9.15 1.19128
 9.175 1.19415
 9.2 1.19701
 9.225 1.19988
 9.25 1.20274
 9.275 1.2056
 9.3 1.20847
 9.325 1.21133
 9.35 1.21419
 9.375 1.21705
 9.4 1.21992
 9.425 1.22278
 9.45 1.22564
 9.475 1.22851
 9.5 1.23137
 9.525 1.23423
 9.55 1.2371
 9.575 1.23996
 9.6 1.24282
 9.625 1.24569
 9.65 1.24855
 9.675 1.25141
 9.7 1.25428
 9.725 1.25714
 9.75 1.26
 9.775 1.26287
 9.8 1.26573
 9.825 1.26859
 9.85 1.27146
 9.875 1.27432
 9.9 1.27719
 9.925 1.28005
 9.95 1.28291
 9.975 1.28578
 10 1.28864
 10.025 1.29151
 10.05 1.29437
 10.075 1.29724
 10.1 1.3001
 10.125 1.30296
 10.15 1.30583
 10.175 1.30869
 10.2 1.31156
 10.225 1.31442
 10.25 1.31729
 10.275 1.32016
 10.3 1.32302
 10.325 1.32589
 10.35 1.32875
 10.375 1.33162
 10.4 1.33448
 10.425 1.33735
 10.45 1.34022
 10.475 1.34308
 10.5 1.34595
 10.525 1.34882
 10.55 1.35168
 10.575 1.35455
 10.6 1.35742
 10.625 1.36028
 10.65 1.36315
 10.675 1.36602
 10.7 1.36889
 10.725 1.37176
 10.75 1.37462
 10.775 1.37749
 10.8 1.38036
 10.825 1.38323
 10.85 1.3861
 10.875 1.38897
 10.9 1.39184
 10.925 1.39471
 10.95 1.39758
 10.975 1.40045
 11 1.40332
 11.025 1.40619
 11.05 1.40906
 11.075 1.41193
 11.1 1.4148
 11.125 1.41767
 11.15 1.42055
 11.175 1.42342
 11.2 1.42629
 11.225 1.42917
 11.25 1.43204
 11.275 1.43492
 11.3 1.43779
 11.325 1.44067
 11.35 1.44355
 11.375 1.44642
 11.4 1.4493
 11.425 1.45218
 11.45 1.45506
 11.475 1.45794
 11.5 1.46082
 11.525 1.4637
 11.55 1.46658
 11.575 1.46946
 11.6 1.47234
 11.625 1.47522
 11.65 1.47811
 11.675 1.48099
 11.7 1.48387
 11.725 1.48676
 11.75 1.48964
 11.775 1.49253
 11.8 1.49541
 11.825 1.4983
 11.85 1.50119
 11.875 1.50407
 11.9 1.50696
 11.925 1.50985
 11.95 1.51274
 11.975 1.51563
 12 1.51852
 12.025 1.52141
 12.05 1.5243
 12.075 1.52719
 12.1 1.53009
 12.125 1.53298
 12.15 1.53587
 12.175 1.53877
 12.2 1.54166
 12.225 1.54456
 12.25 1.54745
 12.275 1.55035
 12.3 1.55325
 12.325 1.55614
 12.35 1.55904
 12.375 1.56194
 12.4 1.56484
 12.425 1.56774
 12.45 1.57064
 12.475 1.57354
 12.5 1.57644
 12.525 1.57934
 12.55 1.58225
 12.575 1.58515
 12.6 1.58805
 12.625 1.59096
 12.65 1.59386
 12.675 1.59677
 12.7 1.59968
 12.725 1.60258
 12.75 1.60549
 12.775 1.6084
 12.8 1.61131
 12.825 1.61422
 12.85 1.61713
 12.875 1.62004
 12.9 1.62295
 12.925 1.62587
 12.95 1.62878
 12.975 1.6317
 13 1.63461
 13.025 1.63753
 13.05 1.64045
 13.075 1.64337
 13.1 1.64629
 13.125 1.64921
 13.15 1.65213
 13.175 1.65505
 13.2 1.65797
 13.225 1.6609
 13.25 1.66382
 13.275 1.66675
 13.3 1.66968
 13.325 1.6726
 13.35 1.67553
 13.375 1.67846
 13.4 1.68139
 13.425 1.68433
 13.45 1.68726
 13.475 1.69019
 13.5 1.69313
 13.525 1.69606
 13.55 1.699
 13.575 1.70193
 13.6 1.70487
 13.625 1.70781
 13.65 1.71075
 13.675 1.71369
 13.7 1.71663
 13.725 1.71958
 13.75 1.72252
 13.775 1.72546
 13.8 1.72841
 13.825 1.73135
 13.85 1.7343
 13.875 1.73725
 13.9 1.7402
 13.925 1.74315
 13.95 1.7461
 13.975 1.74905
 14 1.752
 14.025 1.75496
 14.05 1.75791
 14.075 1.76087
 14.1 1.76382
 14.125 1.76678
 14.15 1.76974
 14.175 1.7727
 14.2 1.77566
 14.225 1.77862
 14.25 1.78158
 14.275 1.78455
 14.3 1.78751
 14.325 1.79048
 14.35 1.79344
 14.375 1.79641
 14.4 1.79938
 14.425 1.80235
 14.45 1.80532
 14.475 1.80829
 14.5 1.81126
 14.525 1.81423
 14.55 1.81721
 14.575 1.82018
 14.6 1.82316
 14.625 1.82614
 14.65 1.82912
 14.675 1.8321
 14.7 1.83508
 14.725 1.83807
 14.75 1.84105
 14.775 1.84404
 14.8 1.84703
 14.825 1.85002
 14.85 1.85301
 14.875 1.856
 14.9 1.85899
 14.925 1.86198
 14.95 1.86498
 14.975 1.86798
 15 1.87097
 15.025 1.87397
 15.05 1.87697
 15.075 1.87997
 15.1 1.88298
 15.125 1.88598
 15.15 1.88899
 15.175 1.89199
 15.2 1.895
 15.225 1.89801
 15.25 1.90102
 15.275 1.90404
 15.3 1.90705
 15.325 1.91006
 15.35 1.91308
 15.375 1.9161
 15.4 1.91911
 15.425 1.92213
 15.45 1.92516
 15.475 1.92818
 15.5 1.9312
 15.525 1.93423
 15.55 1.93725
 15.575 1.94028
 15.6 1.94331
 15.625 1.94634
 15.65 1.94937
 15.675 1.95241
 15.7 1.95544
 15.725 1.95848
 15.75 1.96151
 15.775 1.96455
 15.8 1.96759
 15.825 1.97063
 15.85 1.97367
 15.875 1.97672
 15.9 1.97976
 15.925 1.98281
 15.95 1.98585
 15.975 1.9889
 16 1.99195
 16.025 1.99501
 16.05 1.99806
 16.075 2.00111
 16.1 2.00417
 16.125 2.00723
 16.15 2.01028
 16.175 2.01334
 16.2 2.01641
 16.225 2.01947
 16.25 2.02254
 16.275 2.0256
 16.3 2.02867
 16.325 2.03174
 16.35 2.03481
 16.375 2.03789
 16.4 2.04096
 16.425 2.04404
 16.45 2.04712
 16.475 2.0502
 16.5 2.05328
 16.525 2.05636
 16.55 2.05945
 16.575 2.06254
 16.6 2.06562
 16.625 2.06872
 16.65 2.07181
 16.675 2.0749
 16.7 2.078
 16.725 2.08109
 16.75 2.08419
 16.775 2.08729
 16.8 2.0904
 16.825 2.0935
 16.85 2.09661
 16.875 2.09971
 16.9 2.10282
 16.925 2.10593
 16.95 2.10905
 16.975 2.11216
 17 2.11528
 17.025 2.11839
 17.05 2.12151
 17.075 2.12463
 17.1 2.12776
 17.125 2.13088
 17.15 2.13401
 17.175 2.13714
 17.2 2.14027
 17.225 2.1434
 17.25 2.14653
 17.275 2.14966
 17.3 2.1528
 17.325 2.15594
 17.35 2.15908
 17.375 2.16222
 17.4 2.16536
 17.425 2.16851
 17.45 2.17166
 17.475 2.17481
 17.5 2.17796
 17.525 2.18111
 17.55 2.18426
 17.575 2.18742
 17.6 2.19058
 17.625 2.19373
 17.65 2.1969
 17.675 2.20006
 17.7 2.20322
 17.725 2.20639
 17.75 2.20956
 17.775 2.21273
 17.8 2.2159
 17.825 2.21907
 17.85 2.22225
 17.875 2.22543
 17.9 2.22861
 17.925 2.23179
 17.95 2.23498
 17.975 2.23817
 18 2.24136
 18.025 2.24455
 18.05 2.24774
 18.075 2.25094
 18.1 2.25413
 18.125 2.25733
 18.15 2.26054
 18.175 2.26374
 18.2 2.26695
 18.225 2.27016
 18.25 2.27337
 18.275 2.27658
 18.3 2.27979
 18.325 2.28301
 18.35 2.28623
 18.375 2.28945
 18.4 2.29268
 18.425 2.2959
 18.45 2.29913
 18.475 2.30236
 18.5 2.30559
 18.525 2.30883
 18.55 2.31206
 18.575 2.3153
 18.6 2.31854
 18.625 2.32179
 18.65 2.32503
 18.675 2.32828
 18.7 2.33153
 18.725 2.33478
 18.75 2.33804
 18.775 2.34129
 18.8 2.34455
 18.825 2.34781
 18.85 2.35107
 18.875 2.35434
 18.9 2.35761
 18.925 2.36088
 18.95 2.36415
 18.975 2.36742
 19 2.3707
 19.025 2.37397
 19.05 2.37725
 19.075 2.38054
 19.1 2.38382
 19.125 2.38711
 19.15 2.3904
 19.175 2.39369
 19.2 2.39698
 19.225 2.40028
 19.25 2.40358
 19.275 2.40688
 19.3 2.41018
 19.325 2.41349
 19.35 2.4168
 19.375 2.42011
 19.4 2.42342
 19.425 2.42674
 19.45 2.43005
 19.475 2.43338
 19.5 2.4367
 19.525 2.44003
 19.55 2.44336
 19.575 2.44669
 19.6 2.45002
 19.625 2.45336
 19.65 2.4567
 19.675 2.46004
 19.7 2.46339
 19.725 2.46673
 19.75 2.47009
 19.775 2.47344
 19.8 2.47679
 19.825 2.48015
 19.85 2.48351
 19.875 2.48688
 19.9 2.49024
 19.925 2.49361
 19.95 2.49699
 19.975 2.50036
 20 2.50374
 20.025 2.50712
 20.05 2.5105
 20.075 2.51389
 20.1 2.51727
 20.125 2.52066
 20.15 2.52406
 20.175 2.52745
 20.2 2.53085
 20.225 2.53426
 20.25 2.53766
 20.275 2.54107
 20.3 2.54448
 20.325 2.54789
 20.35 2.5513
 20.375 2.55472
 20.4 2.55814
 20.425 2.56157
 20.45 2.56499
 20.475 2.56842
 20.5 2.57185
 20.525 2.57529
 20.55 2.57873
 20.575 2.58217
 20.6 2.58561
 20.625 2.58906
 20.65 2.5925
 20.675 2.59595
 20.7 2.59941
 20.725 2.60287
 20.75 2.60633
 20.775 2.60979
 20.8 2.61325
 20.825 2.61672
 20.85 2.62019
 20.875 2.62367
 20.9 2.62715
 20.925 2.63063
 20.95 2.63412
 20.975 2.6376
 21 2.6411
 21.025 2.64459
 21.05 2.64809
 21.075 2.65159
 21.1 2.6551
 21.125 2.6586
 21.15 2.66211
 21.175 2.66563
 21.2 2.66915
 21.225 2.67267
 21.25 2.67619
 21.275 2.67972
 21.3 2.68325
 21.325 2.68679
 21.35 2.69032
 21.375 2.69386
 21.4 2.69741
 21.425 2.70096
 21.45 2.70451
 21.475 2.70806
 21.5 2.71162
 21.525 2.71518
 21.55 2.71874
 21.575 2.72231
 21.6 2.72588
 21.625 2.72946
 21.65 2.73303
 21.675 2.73661
 21.7 2.7402
 21.725 2.74379
 21.75 2.74738
 21.775 2.75097
 21.8 2.75457
 21.825 2.75817
 21.85 2.76178
 21.875 2.76538
 21.9 2.76899
 21.925 2.77261
 21.95 2.77623
 21.975 2.77985
 22 2.78347
 22.025 2.7871
 22.05 2.79073
 22.075 2.79437
 22.1 2.79801
 22.125 2.80165
 22.15 2.8053
 22.175 2.80895
 22.2 2.8126
 22.225 2.81626
 22.25 2.81992
 22.275 2.82358
 22.3 2.82725
 22.325 2.83092
 22.35 2.8346
 22.375 2.83828
 22.4 2.84197
 22.425 2.84565
 22.45 2.84935
 22.475 2.85304
 22.5 2.85674
 22.525 2.86045
 22.55 2.86416
 22.575 2.86787
 22.6 2.87159
 22.625 2.87531
 22.65 2.87903
 22.675 2.88276
 22.7 2.88649
 22.725 2.89023
 22.75 2.89397
 22.775 2.89772
 22.8 2.90147
 22.825 2.90522
 22.85 2.90898
 22.875 2.91274
 22.9 2.9165
 22.925 2.92027
 22.95 2.92405
 22.975 2.92782
 23 2.9316
 23.025 2.93539
 23.05 2.93918
 23.075 2.94297
 23.1 2.94677
 23.125 2.95058
 23.15 2.95438
 23.175 2.95819
 23.2 2.96201
 23.225 2.96583
 23.25 2.96965
 23.275 2.97348
 23.3 2.97731
 23.325 2.98115
 23.35 2.98499
 23.375 2.98883
 23.4 2.99268
 23.425 2.99653
 23.45 3.00039
 23.475 3.00425
 23.5 3.00811
 23.525 3.01198
 23.55 3.01586
 23.575 3.01974
 23.6 3.02362
 23.625 3.02751
 23.65 3.03141
 23.675 3.03531
 23.7 3.03921
 23.725 3.04312
 23.75 3.04703
 23.775 3.05095
 23.8 3.05487
 23.825 3.0588
 23.85 3.06273
 23.875 3.06667
 23.9 3.07061
 23.925 3.07456
 23.95 3.07851
 23.975 3.08247
 24 3.08643
 24.025 3.0904
 24.05 3.09437
 24.075 3.09835
 24.1 3.10233
 24.125 3.10632
 24.15 3.11031
 24.175 3.11431
 24.2 3.11831
 24.225 3.12232
 24.25 3.12633
 24.275 3.13034
 24.3 3.13437
 24.325 3.13839
 24.35 3.14243
 24.375 3.14646
 24.4 3.1505
 24.425 3.15455
 24.45 3.1586
 24.475 3.16266
 24.5 3.16672
 24.525 3.17079
 24.55 3.17487
 24.575 3.17894
 24.6 3.18303
 24.625 3.18712
 24.65 3.19121
 24.675 3.19531
 24.7 3.19941
 24.725 3.20352
 24.75 3.20763
 24.775 3.21175
 24.8 3.21588
 24.825 3.22001
 24.85 3.22415
 24.875 3.22829
 24.9 3.23244
 24.925 3.23659
 24.95 3.24076
 24.975 3.24492
 25 3.24909
 25.025 3.25327
 25.05 3.25746
 25.075 3.26165
 25.1 3.26584
 25.125 3.27004
 25.15 3.27425
 25.175 3.27847
 25.2 3.28268
 25.225 3.28691
 25.25 3.29114
 25.275 3.29538
 25.3 3.29962
 25.325 3.30387
 25.35 3.30813
 25.375 3.31239
 25.4 3.31666
 25.425 3.32093
 25.45 3.32521
 25.475 3.3295
 25.5 3.33379
 25.525 3.33809
 25.55 3.34239
 25.575 3.34671
 25.6 3.35102
 25.625 3.35535
 25.65 3.35968
 25.675 3.36401
 25.7 3.36835
 25.725 3.3727
 25.75 3.37706
 25.775 3.38142
 25.8 3.38578
 25.825 3.39016
 25.85 3.39454
 25.875 3.39892
 25.9 3.40331
 25.925 3.40771
 25.95 3.41212
 25.975 3.41653
 26 3.42095
 26.025 3.42538
 26.05 3.42981
 26.075 3.43425
 26.1 3.4387
 26.125 3.44315
 26.15 3.44762
 26.175 3.45209
 26.2 3.45656
 26.225 3.46105
 26.25 3.46554
 26.275 3.47003
 26.3 3.47454
 26.325 3.47905
 26.35 3.48357
 26.375 3.4881
 26.4 3.49263
 26.425 3.49717
 26.45 3.50172
 26.475 3.50628
 26.5 3.51084
 26.525 3.51541
 26.55 3.51999
 26.575 3.52457
 26.6 3.52917
 26.625 3.53377
 26.65 3.53838
 26.675 3.54299
 26.7 3.54761
 26.725 3.55224
 26.75 3.55688
 26.775 3.56153
 26.8 3.56618
 26.825 3.57084
 26.85 3.57551
 26.875 3.58019
 26.9 3.58487
 26.925 3.58956
 26.95 3.59426
 26.975 3.59897
 27 3.60368
 27.025 3.6084
 27.05 3.61313
 27.075 3.61787
 27.1 3.62262
 27.125 3.62738
 27.15 3.63214
 27.175 3.63691
 27.2 3.6417
 27.225 3.64649
 27.25 3.65129
 27.275 3.65609
 27.3 3.66091
 27.325 3.66574
 27.35 3.67057
 27.375 3.67541
 27.4 3.68026
 27.425 3.68512
 27.45 3.68999
 27.475 3.69487
 27.5 3.69976
 27.525 3.70465
 27.55 3.70956
 27.575 3.71447
 27.6 3.71939
 27.625 3.72432
 27.65 3.72926
 27.675 3.73421
 27.7 3.73917
 27.725 3.74414
 27.75 3.74912
 27.775 3.7541
 27.8 3.7591
 27.825 3.7641
 27.85 3.76912
 27.875 3.77414
 27.9 3.77917
 27.925 3.78421
 27.95 3.78926
 27.975 3.79432
 28 3.79939
 28.025 3.80447
 28.05 3.80956
 28.075 3.81466
 28.1 3.81977
 28.125 3.82489
 28.15 3.83002
 28.175 3.83516
 28.2 3.84031
 28.225 3.84547
 28.25 3.85064
 28.275 3.85582
 28.3 3.86101
 28.325 3.86622
 28.35 3.87143
 28.375 3.87665
 28.4 3.88189
 28.425 3.88713
 28.45 3.89239
 28.475 3.89766
 28.5 3.90293
 28.525 3.90822
 28.55 3.91352
 28.575 3.91883
 28.6 3.92415
 28.625 3.92948
 28.65 3.93483
 28.675 3.94018
 28.7 3.94554
 28.725 3.95092
 28.75 3.95631
 28.775 3.96171
 28.8 3.96711
 28.825 3.97254
 28.85 3.97797
 28.875 3.98341
 28.9 3.98886
 28.925 3.99433
 28.95 3.99981
 28.975 4.0053
 29 4.0108
 29.025 4.01631
 29.05 4.02183
 29.075 4.02737
 29.1 4.03292
 29.125 4.03848
 29.15 4.04406
 29.175 4.04965
 29.2 4.05525
 29.225 4.06086
 29.25 4.06649
 29.275 4.07213
 29.3 4.07778
 29.325 4.08345
 29.35 4.08912
 29.375 4.09482
 29.4 4.10052
 29.425 4.10624
 29.45 4.11197
 29.475 4.11771
 29.5 4.12347
 29.525 4.12923
 29.55 4.13502
 29.575 4.14081
 29.6 4.14662
 29.625 4.15245
 29.65 4.15828
 29.675 4.16413
 29.7 4.17
 29.725 4.17587
 29.75 4.18176
 29.775 4.18767
 29.8 4.19359
 29.825 4.19952
 29.85 4.20547
 29.875 4.21143
 29.9 4.2174
 29.925 4.22339
 29.95 4.2294
 29.975 4.23542
 30 4.24145
 30.025 4.24751
 30.05 4.25357
 30.075 4.25965
 30.1 4.26575
 30.125 4.27187
 30.15 4.27799
 30.175 4.28414
 30.2 4.2903
 30.225 4.29648
 30.25 4.30267
 30.275 4.30887
 30.3 4.3151
 30.325 4.32134
 30.35 4.32759
 30.375 4.33386
 30.4 4.34015
 30.425 4.34645
 30.45 4.35277
 30.475 4.35911
 30.5 4.36546
 30.525 4.37183
 30.55 4.37822
 30.575 4.38462
 30.6 4.39104
 30.625 4.39747
 30.65 4.40393
 30.675 4.4104
 30.7 4.41688
 30.725 4.42339
 30.75 4.42991
 30.775 4.43645
 30.8 4.44302
 30.825 4.44959
 30.85 4.45619
 30.875 4.46281
 30.9 4.46944
 30.925 4.4761
 30.95 4.48277
 30.975 4.48946
 31 4.49618
 31.025 4.50291
 31.05 4.50966
 31.075 4.51642
 31.1 4.52321
 31.125 4.53002
 31.15 4.53685
 31.175 4.54369
 31.2 4.55056
 31.225 4.55744
 31.25 4.56435
 31.275 4.57127
 31.3 4.57822
 31.325 4.58519
 31.35 4.59217
 31.375 4.59918
 31.4 4.6062
 31.425 4.61325
 31.45 4.62032
 31.475 4.62741
 31.5 4.63452
 31.525 4.64166
 31.55 4.64882
 31.575 4.656
 31.6 4.6632
 31.625 4.67043
 31.65 4.67768
 31.675 4.68495
 31.7 4.69224
 31.725 4.69956
 31.75 4.7069
 31.775 4.71427
 31.8 4.72165
 31.825 4.72906
 31.85 4.7365
 31.875 4.74396
 31.9 4.75144
 31.925 4.75894
 31.95 4.76647
 31.975 4.77403
 32 4.7816
 32.025 4.78921
 32.05 4.79683
 32.075 4.80448
 32.1 4.81216
 32.125 4.81986
 32.15 4.82759
 32.175 4.83535
 32.2 4.84313
 32.225 4.85094
 32.25 4.85878
 32.275 4.86664
 32.3 4.87453
 32.325 4.88245
 32.35 4.8904
 32.375 4.89838
 32.4 4.90638
 32.425 4.91441
 32.45 4.92247
 32.475 4.93056
 32.5 4.93867
 32.525 4.94682
 32.55 4.95499
 32.575 4.96319
 32.6 4.97143
 32.625 4.97969
 32.65 4.98798
 32.675 4.9963
 32.7 5.00465
 32.725 5.01303
 32.75 5.02144
 32.775 5.02988
 32.8 5.03835
 32.825 5.04686
 32.85 5.0554
 32.875 5.06398
 32.9 5.07258
 32.925 5.08122
 32.95 5.0899
 32.975 5.0986
 33 5.10734
 33.025 5.11612
 33.05 5.12493
 33.075 5.13377
 33.1 5.14265
 33.125 5.15156
 33.15 5.16051
 33.175 5.16949
 33.2 5.17851
 33.225 5.18756
 33.25 5.19665
 33.275 5.20578
 33.3 5.21494
 33.325 5.22414
 33.35 5.23337
 33.375 5.24265
 33.4 5.25196
 33.425 5.26132
 33.45 5.27071
 33.475 5.28015
 33.5 5.28962
 33.525 5.29914
 33.55 5.3087
 33.575 5.3183
 33.6 5.32794
 33.625 5.33762
 33.65 5.34734
 33.675 5.3571
 33.7 5.36691
 33.725 5.37676
 33.75 5.38665
 33.775 5.39659
 33.8 5.40656
 33.825 5.41658
 33.85 5.42665
 33.875 5.43677
 33.9 5.44693
 33.925 5.45713
 33.95 5.46739
 33.975 5.47769
 34 5.48805
 34.025 5.49845
 34.05 5.5089
 34.075 5.5194
 34.1 5.52995
 34.125 5.54055
 34.15 5.5512
 34.175 5.5619
 34.2 5.57265
 34.225 5.58345
 34.25 5.59431
 34.275 5.60521
 34.3 5.61617
 34.325 5.62719
 34.35 5.63826
 34.375 5.64938
 34.4 5.66056
 34.425 5.6718
 34.45 5.6831
 34.475 5.69446
 34.5 5.70587
 34.525 5.71735
 34.55 5.72888
 34.575 5.74048
 34.6 5.75214
 34.625 5.76385
 34.65 5.77563
 34.675 5.78747
 34.7 5.79937
 34.725 5.81133
 34.75 5.82336
 34.775 5.83546
 34.8 5.84762
 34.825 5.85985
 34.85 5.87215
 34.875 5.88452
 34.9 5.89696
 34.925 5.90947
 34.95 5.92205
 34.975 5.9347
 35 5.94743
 35.025 5.96022
 35.05 5.9731
 35.075 5.98604
 35.1 5.99906
 35.125 6.01216
 35.15 6.02533
 35.175 6.03859
 35.2 6.05192
 35.225 6.06533
 35.25 6.07883
 35.275 6.09241
 35.3 6.10608
 35.325 6.11983
 35.35 6.13367
 35.375 6.14759
 35.4 6.1616
 35.425 6.1757
 35.45 6.18989
 35.475 6.20417
 35.5 6.21854
 35.525 6.233
 35.55 6.24756
 35.575 6.26221
 35.6 6.27697
 35.625 6.29182
 35.65 6.30678
 35.675 6.32183
 35.7 6.33699
 35.725 6.35225
 35.75 6.36762
 35.775 6.3831
 35.8 6.39868
 35.825 6.41437
 35.85 6.43017
 35.875 6.44608
 35.9 6.46211
 35.925 6.47825
 35.95 6.49452
 35.975 6.5109
 36 6.52741
 36.025 6.54404
 36.05 6.5608
 36.075 6.57768
 36.1 6.59469
 36.125 6.61182
 36.15 6.62909
 36.175 6.64649
 36.2 6.66403
 36.225 6.68171
 36.25 6.69953
 36.275 6.7175
 36.3 6.73561
 36.325 6.75387
 36.35 6.77228
 36.375 6.79083
 36.4 6.80954
 36.425 6.82841
 36.45 6.84744
 36.475 6.86663
 36.5 6.88598
 36.525 6.90551
 36.55 6.9252
 36.575 6.94507
 36.6 6.96512
 36.625 6.98534
 36.65 7.00575
 36.675 7.02634
 36.7 7.04711
 36.725 7.06808
 36.75 7.08925
 36.775 7.11062
 36.8 7.13219
 36.825 7.15397
 36.85 7.17596
 36.875 7.19816
 36.9 7.22057
 36.925 7.24321
 36.95 7.26608
 36.975 7.28918
 37 7.31251
 37.025 7.33609
 37.05 7.35991
 37.075 7.38398
 37.1 7.4083
 37.125 7.43288
 37.15 7.45772
 37.175 7.48284
 37.2 7.50824
 37.225 7.53391
 37.25 7.55988
 37.275 7.58614
 37.3 7.61269
 37.325 7.63956
 37.35 7.66673
 37.375 7.69423
 37.4 7.72206
 37.425 7.75022
 37.45 7.77873
 37.475 7.80758
 37.5 7.83679
 37.525 7.86637
 37.55 7.89633
 37.575 7.92667
 37.6 7.95741
 37.625 7.98855
 37.65 8.0201
 37.675 8.05208
 37.7 8.08449
 37.725 8.11735
 37.75 8.15067
 37.775 8.18446
 37.8 8.21873
 37.825 8.25349
 37.85 8.28876
 37.875 8.32456
 37.9 8.3609
 37.925 8.39778
 37.95 8.43523
 37.975 8.47327
 38 8.5119
 38.025 8.55116
 38.05 8.59106
 38.075 8.6316
 38.1 8.67283
 38.125 8.71475
 38.15 8.7574
 38.175 8.80079
 38.2 8.84493
 38.225 8.88988
 38.25 8.93564
 38.275 8.98225
 38.3 9.02973
 38.325 9.07811
 38.35 9.12744
 38.375 9.17773
 38.4 9.22903
 38.425 9.28136
 38.45 9.33478
 38.475 9.38933
 38.5 9.44503
 38.525 9.50195
 38.55 9.56012
 38.575 9.61961
 38.6 9.68046
 38.625 9.74273
 38.65 9.80649
 38.675 9.87178
 38.7 9.93869
 38.725 10.0073
 38.75 10.0777
 38.775 10.1499
 38.8 10.224
 38.825 10.3002
 38.85 10.3785
 38.875 10.459
 38.9 10.5419
 38.925 10.6273
 38.95 10.7153
 38.975 10.806
 39 10.8996
 39.025 10.9963
 39.05 11.0963
 39.075 11.1997
 39.1 11.3068
 39.125 11.4178
 39.15 11.5329
 39.175 11.6525
 39.2 11.7768
 39.225 11.9061
 39.25 12.0409
 39.275 12.1815
 39.3 12.3284
 39.325 12.482
 39.35 12.643
 39.375 12.8118
 39.4 12.9893
 39.425 13.1761
 39.45 13.3732
 39.475 13.5815
 39.5 13.8021
 39.525 14.0362
 39.55 14.2854
 39.575 14.5512
 39.6 14.8356
 39.625 15.1407
 39.65 15.4693
 39.675 15.8241
 39.7 16.2089
 39.725 16.6279
 39.75 17.0861
 39.775 17.5895
 39.8 18.1455
 39.825 18.763
 39.85 19.453
 39.875 20.2289
 39.9 21.1075
 39.925 22.1095
 39.95 23.2608
 39.975 24.5937
 40 26.1474
 40.025 27.9693
 40.05 30.1129
 40.075 32.6328
 40.1 35.5711
 40.125 38.9319
 40.15 42.6491
 40.175 46.5736
 40.2 50.506
 40.225 54.2509
 40.25 57.6573
 40.275 60.6339
 40.3 63.1444
 40.325 65.193
 40.35 66.8075
 40.375 68.0257
 40.4 68.8881
 40.425 69.4337
 40.45 69.6985
 40.475 69.7159
 40.5 69.5161
 40.525 69.1273
 40.55 68.5754
 40.575 67.8842
 40.6 67.0758
 40.625 66.1707
 40.65 65.1875
 40.675 64.1434
 40.7 63.0539
 40.725 61.9333
 40.75 60.7945
 40.775 59.6488
 40.8 58.5064
 40.825 57.376
 40.85 56.2648
 40.875 55.1789
 40.9 54.1227
 40.925 53.0995
 40.95 52.1115
 40.975 51.1597
 41 50.2444
 41.025 49.3651
 41.05 48.5208
 41.075 47.7102
 41.1 46.9318
 41.125 46.1837
 41.15 45.4638
 41.175 44.7701
 41.2 44.1005
 41.225 43.4531
 41.25 42.8258
 41.275 42.2168
 41.3 41.6244
 41.325 41.0472
 41.35 40.4838
 41.375 39.933
 41.4 39.3939
 41.425 38.8655
 41.45 38.3472
 41.475 37.8382
 41.5 37.3381
 41.525 36.8465
 41.55 36.3628
 41.575 35.8869
 41.6 35.4185
 41.625 34.9573
 41.65 34.5032
 41.675 34.056
 41.7 33.6157
 41.725 33.182
 41.75 32.7549
 41.775 32.3344
 41.8 31.9204
 41.825 31.5127
 41.85 31.1113
 41.875 30.7162
 41.9 30.3273
 41.925 29.9444
 41.95 29.5676
 41.975 29.1968
 42 28.8319
 42.025 28.4727
 42.05 28.1193
 42.075 27.7716
 42.1 27.4294
 42.125 27.0928
 42.15 26.7615
 42.175 26.4356
 42.2 26.1149
 42.225 25.7994
 42.25 25.4889
 42.275 25.1835
 42.3 24.883
 42.325 24.5874
 42.35 24.2965
 42.375 24.0104
 42.4 23.7289
 42.425 23.452
 42.45 23.1796
 42.475 22.9116
 42.5 22.648
 42.525 22.3888
 42.55 22.1338
 42.575 21.883
 42.6 21.6364
 42.625 21.394
 42.65 21.1556
 42.675 20.9212
 42.7 20.6908
 42.725 20.4644
 42.75 20.2418
 42.775 20.0231
 42.8 19.8083
 42.825 19.5972
 42.85 19.3899
 42.875 19.1863
 42.9 18.9863
 42.925 18.7901
 42.95 18.5974
 42.975 18.4083
 43 18.2228
 43.025 18.0408
 43.05 17.8623
 43.075 17.6872
 43.1 17.5155
 43.125 17.3473
 43.15 17.1824
 43.175 17.0208
 43.2 16.8625
 43.225 16.7075
 43.25 16.5557
 43.275 16.4071
 43.3 16.2616
 43.325 16.1193
 43.35 15.98
 43.375 15.8439
 43.4 15.7107
 43.425 15.5805
 43.45 15.4533
 43.475 15.3289
 43.5 15.2075
 43.525 15.0889
 43.55 14.9731
 43.575 14.8601
 43.6 14.7498
 43.625 14.6422
 43.65 14.5373
 43.675 14.4351
 43.7 14.3354
 43.725 14.2383
 43.75 14.1437
 43.775 14.0516
 43.8 13.962
 43.825 13.8749
 43.85 13.7901
 43.875 13.7078
 43.9 13.6277
 43.925 13.55
 43.95 13.4746
 43.975 13.4015
 44 13.3306
 44.025 13.2619
 44.05 13.1954
 44.075 13.1311
 44.1 13.069
 44.125 13.0089
 44.15 12.951
 44.175 12.8952
 44.2 12.8414
 44.225 12.7897
 44.25 12.74
 44.275 12.6924
 44.3 12.6468
 44.325 12.6032
 44.35 12.5615
 44.375 12.5219
 44.4 12.4843
 44.425 12.4486
 44.45 12.4149
 44.475 12.3831
 44.5 12.3533
 44.525 12.3255
 44.55 12.2996
 44.575 12.2757
 44.6 12.2537
 44.625 12.2338
 44.65 12.2158
 44.675 12.1997
 44.7 12.1857
 44.725 12.1737
 44.75 12.1636
 44.775 12.1556
 44.8 12.1497
 44.825 12.1457
 44.85 12.1439
 44.875 12.1442
 44.9 12.1465
 44.925 12.151
 44.95 12.1577
 44.975 12.1665
 45 12.1776
 45.025 12.1909
 45.05 12.2065
 45.075 12.2243
 45.1 12.2446
 45.125 12.2672
 45.15 12.2922
 45.175 12.3197
 45.2 12.3496
 45.225 12.3822
 45.25 12.4173
 45.275 12.4551
 45.3 12.4956
 45.325 12.5389
 45.35 12.585
 45.375 12.634
 45.4 12.686
 45.425 12.741
 45.45 12.7991
 45.475 12.8604
 45.5 12.925
 45.525 12.993
 45.55 13.0645
 45.575 13.1396
 45.6 13.2184
 45.625 13.3011
 45.65 13.3877
 45.675 13.4784
 45.7 13.5733
 45.725 13.6727
 45.75 13.7767
 45.775 13.8854
 45.8 13.9991
 45.825 14.118
 45.85 14.2423
 45.875 14.3723
 45.9 14.5083
 45.925 14.6504
 45.95 14.7991
 45.975 14.9547
 46 15.1176
 46.025 15.2881
 46.05 15.4668
 46.075 15.6541
 46.1 15.8505
 46.125 16.0567
 46.15 16.2733
 46.175 16.501
 46.2 16.7407
 46.225 16.9931
 46.25 17.2594
 46.275 17.5405
 46.3 17.8378
 46.325 18.1525
 46.35 18.4863
 46.375 18.8409
 46.4 19.2182
 46.425 19.6204
 46.45 20.05
 46.475 20.5099
 46.5 21.0032
 46.525 21.5334
 46.55 22.1047
 46.575 22.7216
 46.6 23.3893
 46.625 24.1135
 46.65 24.9006
 46.675 25.7574
 46.7 26.6913
 46.725 27.7098
 46.75 28.8204
 46.775 30.0296
 46.8 31.3419
 46.825 32.7584
 46.85 34.2751
 46.875 35.88
 46.9 37.5519
 46.925 39.259
 46.95 40.9602
 46.975 42.6093
 47 44.1594
 47.025 45.5695
 47.05 46.8075
 47.075 47.852
 47.1 48.6924
 47.125 49.3271
 47.15 49.7616
 47.175 50.0066
 47.2 50.0759
 47.225 49.9851
 47.25 49.7508
 47.275 49.3894
 47.3 48.9172
 47.325 48.3496
 47.35 47.7012
 47.375 46.9858
 47.4 46.216
 47.425 45.4033
 47.45 44.5586
 47.475 43.6912
 47.5 42.8098
 47.525 41.922
 47.55 41.0343
 47.575 40.1523
 47.6 39.2809
 47.625 38.4239
 47.65 37.5844
 47.675 36.7648
 47.7 35.9669
 47.725 35.1921
 47.75 34.441
 47.775 33.7142
 47.8 33.0116
 47.825 32.3333
 47.85 31.6788
 47.875 31.0477
 47.9 30.4394
 47.925 29.8533
 47.95 29.2887
 47.975 28.745
 48 28.2213
 48.025 27.717
 48.05 27.2314
 48.075 26.7639
 48.1 26.3136
 48.125 25.8802
 48.15 25.4628
 48.175 25.061
 48.2 24.6743
 48.225 24.302
 48.25 23.9438
 48.275 23.5992
 48.3 23.2676
 48.325 22.9488
 48.35 22.6423
 48.375 22.3478
 48.4 22.0649
 48.425 21.7932
 48.45 21.5326
 48.475 21.2825
 48.5 21.0429
 48.525 20.8134
 48.55 20.5937
 48.575 20.3836
 48.6 20.1829
 48.625 19.9913
 48.65 19.8087
 48.675 19.6348
 48.7 19.4694
 48.725 19.3124
 48.75 19.1635
 48.775 19.0227
 48.8 18.8897
 48.825 18.7643
 48.85 18.6465
 48.875 18.5361
 48.9 18.4329
 48.925 18.3368
 48.95 18.2477
 48.975 18.1655
 49 18.09
 49.025 18.0212
 49.05 17.9589
 49.075 17.903
 49.1 17.8534
 49.125 17.8102
 49.15 17.773
 49.175 17.742
 49.2 17.717
 49.225 17.698
 49.25 17.6848
 49.275 17.6775
 49.3 17.676
 49.325 17.6802
 49.35 17.6901
 49.375 17.7058
 49.4 17.727
 49.425 17.7539
 49.45 17.7864
 49.475 17.8246
 49.5 17.8683
 49.525 17.9177
 49.55 17.9727
 49.575 18.0334
 49.6 18.0998
 49.625 18.1719
 49.65 18.2498
 49.675 18.3335
 49.7 18.4232
 49.725 18.5189
 49.75 18.6206
 49.775 18.7285
 49.8 18.8428
 49.825 18.9635
 49.85 19.0907
 49.875 19.2247
 49.9 19.3656
 49.925 19.5136
 49.95 19.6689
 49.975 19.8317
 50 20.0023
 50.025 20.181
 50.05 20.3681
 50.075 20.5638
 50.1 20.7685
 50.125 20.9826
 50.15 21.2065
 50.175 21.4406
 50.2 21.6853
 50.225 21.9413
 50.25 22.2089
 50.275 22.4888
 50.3 22.7816
 50.325 23.0878
 50.35 23.4082
 50.375 23.7433
 50.4 24.0941
 50.425 24.4611
 50.45 24.845
 50.475 25.2468
 50.5 25.667
 50.525 26.1064
 50.55 26.5656
 50.575 27.0451
 50.6 27.5454
 50.625 28.0667
 50.65 28.609
 50.675 29.172
 50.7 29.7552
 50.725 30.3573
 50.75 30.9769
 50.775 31.6116
 50.8 32.2586
 50.825 32.9142
 50.85 33.5739
 50.875 34.2324
 50.9 34.8839
 50.925 35.5216
 50.95 36.1385
 50.975 36.7276
 51 37.2815
 51.025 37.7935
 51.05 38.2575
 51.075 38.6683
 51.1 39.0217
 51.125 39.3146
 51.15 39.5454
 51.175 39.7134
 51.2 39.8194
 51.225 39.8647
 51.25 39.8519
 51.275 39.7839
 51.3 39.6643
 51.325 39.4971
 51.35 39.2864
 51.375 39.0366
 51.4 38.7518
 51.425 38.4364
 51.45 38.0943
 51.475 37.7294
 51.5 37.3454
 51.525 36.9456
 51.55 36.5332
 51.575 36.111
 51.6 35.6815
 51.625 35.2471
 51.65 34.8099
 51.675 34.3716
 51.7 33.9339
 51.725 33.498
 51.75 33.0652
 51.775 32.6366
 51.8 32.2129
 51.825 31.795
 51.85 31.3834
 51.875 30.9786
 51.9 30.581
 51.925 30.1909
 51.95 29.8087
 51.975 29.4344
 52 29.0683
 52.025 28.7103
 52.05 28.3606
 52.075 28.0193
 52.1 27.6861
 52.125 27.3613
 52.15 27.0446
 52.175 26.7361
 52.2 26.4357
 52.225 26.1432
 52.25 25.8586
 52.275 25.5818
 52.3 25.3126
 52.325 25.051
 52.35 24.7969
 52.375 24.5501
 52.4 24.3105
 52.425 24.078
 52.45 23.8526
 52.475 23.634
 52.5 23.4222
 52.525 23.2172
 52.55 23.0187
 52.575 22.8266
 52.6 22.641
 52.625 22.4616
 52.65 22.2884
 52.675 22.1213
 52.7 21.9602
 52.725 21.8049
 52.75 21.6555
 52.775 21.5117
 52.8 21.3736
 52.825 21.2411
 52.85 21.1139
 52.875 20.9922
 52.9 20.8757
 52.925 20.7644
 52.95 20.6582
 52.975 20.5571
 53 20.461
 53.025 20.3697
 53.05 20.2834
 53.075 20.2018
 53.1 20.1249
 53.125 20.0526
 53.15 19.985
 53.175 19.9219
 53.2 19.8632
 53.225 19.809
 53.25 19.7592
 53.275 19.7138
 53.3 19.6726
 53.325 19.6357
 53.35 19.6031
 53.375 19.5746
 53.4 19.5503
 53.425 19.5302
 53.45 19.5142
 53.475 19.5023
 53.5 19.4945
 53.525 19.4908
 53.55 19.4912
 53.575 19.4957
 53.6 19.5043
 53.625 19.517
 53.65 19.5337
 53.675 19.5547
 53.7 19.5798
 53.725 19.609
 53.75 19.6426
 53.775 19.6803
 53.8 19.7225
 53.825 19.7689
 53.85 19.8199
 53.875 19.8753
 53.9 19.9353
 53.925 20
 53.95 20.0695
 53.975 20.1439
 54 20.2232
 54.025 20.3077
 54.05 20.3974
 54.075 20.4925
 54.1 20.5932
 54.125 20.6996
 54.15 20.8119
 54.175 20.9303
 54.2 21.0551
 54.225 21.1864
 54.25 21.3245
 54.275 21.4697
 54.3 21.6222
 54.325 21.7824
 54.35 21.9506
 54.375 22.1271
 54.4 22.3123
 54.425 22.5066
 54.45 22.7104
 54.475 22.9242
 54.5 23.1484
 54.525 23.3835
 54.55 23.63
 54.575 23.8885
 54.6 24.1596
 54.625 24.4438
 54.65 24.7418
 54.675 25.0541
 54.7 25.3813
 54.725 25.7242
 54.75 26.0833
 54.775 26.4592
 54.8 26.8523
 54.825 27.2633
 54.85 27.6923
 54.875 28.1398
 54.9 28.6057
 54.925 29.0898
 54.95 29.5919
 54.975 30.1111
 55 30.6464
 55.025 31.1963
 55.05 31.7586
 55.075 32.3308
 55.1 32.9098
 55.125 33.4917
 55.15 34.0721
 55.175 34.6463
 55.2 35.2087
 55.225 35.7537
 55.25 36.2755
 55.275 36.7682
 55.3 37.2262
 55.325 37.6444
 55.35 38.0182
 55.375 38.344
 55.4 38.6189
 55.425 38.8408
 55.45 39.0089
 55.475 39.1231
 55.5 39.1839
 55.525 39.193
 55.55 39.1522
 55.575 39.0643
 55.6 38.9322
 55.625 38.759
 55.65 38.5481
 55.675 38.3031
 55.7 38.0274
 55.725 37.7245
 55.75 37.3976
 55.775 37.0501
 55.8 36.6848
 55.825 36.3047
 55.85 35.9124
 55.875 35.5103
 55.9 35.1006
 55.925 34.6852
 55.95 34.2661
 55.975 33.8447
 56 33.4225
 56.025 33.0007
 56.05 32.5803
 56.075 32.1625
 56.1 31.7478
 56.125 31.3371
 56.15 30.9309
 56.175 30.5297
 56.2 30.1339
 56.225 29.7439
 56.25 29.3599
 56.275 28.9821
 56.3 28.6108
 56.325 28.246
 56.35 27.8878
 56.375 27.5363
 56.4 27.1915
 56.425 26.8536
 56.45 26.5223
 56.475 26.1978
 56.5 25.88
 56.525 25.5689
 56.55 25.2644
 56.575 24.9665
 56.6 24.6751
 56.625 24.3902
 56.65 24.1116
 56.675 23.8394
 56.7 23.5734
 56.725 23.3136
 56.75 23.06
 56.775 22.8124
 56.8 22.5707
 56.825 22.335
 56.85 22.1051
 56.875 21.881
 56.9 21.6625
 56.925 21.4497
 56.95 21.2425
 56.975 21.0408
 57 20.8445
 57.025 20.6535
 57.05 20.4679
 57.075 20.2875
 57.1 20.1123
 57.125 19.9422
 57.15 19.7772
 57.175 19.6171
 57.2 19.462
 57.225 19.3117
 57.25 19.1663
 57.275 19.0256
 57.3 18.8896
 57.325 18.7582
 57.35 18.6314
 57.375 18.5091
 57.4 18.3913
 57.425 18.2778
 57.45 18.1688
 57.475 18.064
 57.5 17.9634
 57.525 17.8671
 57.55 17.7749
 57.575 17.6868
 57.6 17.6027
 57.625 17.5226
 57.65 17.4464
 57.675 17.3742
 57.7 17.3058
 57.725 17.2412
 57.75 17.1804
 57.775 17.1233
 57.8 17.0699
 57.825 17.0202
 57.85 16.9741
 57.875 16.9316
 57.9 16.8927
 57.925 16.8573
 57.95 16.8254
 57.975 16.7969
 58 16.772
 58.025 16.7505
 58.05 16.7324
 58.075 16.7178
 58.1 16.7066
 58.125 16.6988
 58.15 16.6944
 58.175 16.6934
 58.2 16.6958
 58.225 16.7016
 58.25 16.7108
 58.275 16.7235
 58.3 16.7397
 58.325 16.7593
 58.35 16.7824
 58.375 16.8091
 58.4 16.8394
 58.425 16.8733
 58.45 16.9109
 58.475 16.9522
 58.5 16.9973
 58.525 17.0462
 58.55 17.0991
 58.575 17.156
 58.6 17.2171
 58.625 17.2823
 58.65 17.3518
 58.675 17.4258
 58.7 17.5044
 58.725 17.5876
 58.75 17.6758
 58.775 17.7689
 58.8 17.8673
 58.825 17.9711
 58.85 18.0804
 58.875 18.1957
 58.9 18.317
 58.925 18.4447
 58.95 18.5791
 58.975 18.7205
 59 18.8692
 59.025 19.0257
 59.05 19.1903
 59.075 19.3635
 59.1 19.5458
 59.125 19.7377
 59.15 19.9398
 59.175 20.1528
 59.2 20.3773
 59.225 20.614
 59.25 20.8639
 59.275 21.1278
 59.3 21.4067
 59.325 21.7017
 59.35 22.0138
 59.375 22.3445
 59.4 22.6951
 59.425 23.067
 59.45 23.4619
 59.475 23.8815
 59.5 24.3277
 59.525 24.8024
 59.55 25.3077
 59.575 25.8458
 59.6 26.4189
 59.625 27.029
 59.65 27.6784
 59.675 28.3688
 59.7 29.1018
 59.725 29.8783
 59.75 30.6984
 59.775 31.5611
 59.8 32.4641
 59.825 33.403
 59.85 34.3714
 59.875 35.3605
 59.9 36.3589
 59.925 37.353
 59.95 38.3272
 59.975 39.265
 60 40.1496
 60.025 40.9657
 60.05 41.6995
 60.075 42.3402
 60.1 42.88
 60.125 43.3144
 60.15 43.6419
 60.175 43.8633
 60.2 43.9821
 60.225 44.0029
 60.25 43.932
 60.275 43.7764
 60.3 43.5436
 60.325 43.2414
 60.35 42.8775
 60.375 42.4596
 60.4 41.9951
 60.425 41.4911
 60.45 40.9542
 60.475 40.3907
 60.5 39.8062
 60.525 39.2058
 60.55 38.5942
 60.575 37.9756
 60.6 37.3535
 60.625 36.731
 60.65 36.111
 60.675 35.4956
 60.7 34.8868
 60.725 34.286
 60.75 33.6946
 60.775 33.1135
 60.8 32.5435
 60.825 31.9851
 60.85 31.4386
 60.875 30.9043
 60.9 30.3824
 60.925 29.8728
 60.95 29.3755
 60.975 28.8904
 61 28.4173
 61.025 27.956
 61.05 27.5063
 61.075 27.068
 61.1 26.6407
 61.125 26.2242
 61.15 25.8182
 61.175 25.4225
 61.2 25.0368
 61.225 24.6609
 61.25 24.2944
 61.275 23.9371
 61.3 23.5889
 61.325 23.2494
 61.35 22.9184
 61.375 22.5958
 61.4 22.2813
 61.425 21.9747
 61.45 21.6759
 61.475 21.3846
 61.5 21.1008
 61.525 20.8241
 61.55 20.5546
 61.575 20.292
 61.6 20.0363
 61.625 19.7872
 61.65 19.5446
 61.675 19.3084
 61.7 19.0786
 61.725 18.8549
 61.75 18.6372
 61.775 18.4256
 61.8 18.2197
 61.825 18.0196
 61.85 17.8252
 61.875 17.6362
 61.9 17.4528
 61.925 17.2746
 61.95 17.1017
 61.975 16.9339
 62 16.7712
 62.025 16.6135
 62.05 16.4607
 62.075 16.3126
 62.1 16.1692
 62.125 16.0305
 62.15 15.8962
 62.175 15.7664
 62.2 15.641
 62.225 15.5198
 62.25 15.4029
 62.275 15.29
 62.3 15.1812
 62.325 15.0763
 62.35 14.9753
 62.375 14.8782
 62.4 14.7847
 62.425 14.6949
 62.45 14.6087
 62.475 14.526
 62.5 14.4467
 62.525 14.3709
 62.55 14.2983
 62.575 14.229
 62.6 14.1629
 62.625 14.0999
 62.65 14.04
 62.675 13.9831
 62.7 13.9291
 62.725 13.8781
 62.75 13.8299
 62.775 13.7845
 62.8 13.7419
 62.825 13.7019
 62.85 13.6647
 62.875 13.63
 62.9 13.5979
 62.925 13.5684
 62.95 13.5413
 62.975 13.5167
 63 13.4945
 63.025 13.4747
 63.05 13.4573
 63.075 13.4422
 63.1 13.4294
 63.125 13.4189
 63.15 13.4106
 63.175 13.4046
 63.2 13.4008
 63.225 13.3991
 63.25 13.3996
 63.275 13.4023
 63.3 13.4071
 63.325 13.4141
 63.35 13.4232
 63.375 13.4343
 63.4 13.4476
 63.425 13.4631
 63.45 13.4806
 63.475 13.5002
 63.5 13.5219
 63.525 13.5458
 63.55 13.5717
 63.575 13.5998
 63.6 13.6301
 63.625 13.6625
 63.65 13.697
 63.675 13.7338
 63.7 13.7728
 63.725 13.8141
 63.75 13.8576
 63.775 13.9034
 63.8 13.9516
 63.825 14.0022
 63.85 14.0552
 63.875 14.1107
 63.9 14.1687
 63.925 14.2294
 63.95 14.2927
 63.975 14.3587
 64 14.4275
 64.025 14.4992
 64.05 14.5739
 64.075 14.6516
 64.1 14.7326
 64.125 14.8168
 64.15 14.9044
 64.175 14.9955
 64.2 15.0903
 64.225 15.1889
 64.25 15.2915
 64.275 15.3983
 64.3 15.5095
 64.325 15.6252
 64.35 15.7457
 64.375 15.8712
 64.4 16.0021
 64.425 16.1386
 64.45 16.2809
 64.475 16.4296
 64.5 16.5849
 64.525 16.7473
 64.55 16.9172
 64.575 17.0951
 64.6 17.2816
 64.625 17.4772
 64.65 17.6827
 64.675 17.8988
 64.7 18.1262
 64.725 18.3659
 64.75 18.6189
 64.775 18.8862
 64.8 19.1691
 64.825 19.469
 64.85 19.7874
 64.875 20.126
 64.9 20.4867
 64.925 20.8716
 64.95 21.2833
 64.975 21.7242
 65 22.1975
 65.025 22.7064
 65.05 23.2549
 65.075 23.8469
 65.1 24.4871
 65.125 25.1805
 65.15 25.9325
 65.175 26.7489
 65.2 27.6355
 65.225 28.5981
 65.25 29.642
 65.275 30.771
 65.3 31.9873
 65.325 33.2893
 65.35 34.6712
 65.375 36.1206
 65.4 37.618
 65.425 39.1366
 65.45 40.6432
 65.475 42.1014
 65.5 43.475
 65.525 44.7318
 65.55 45.8462
 65.575 46.8006
 65.6 47.5851
 65.625 48.1968
 65.65 48.6382
 65.675 48.9161
 65.7 49.0398
 65.725 49.0209
 65.75 48.8714
 65.775 48.6043
 65.8 48.2321
 65.825 47.7675
 65.85 47.2226
 65.875 46.609
 65.9 45.9376
 65.925 45.2187
 65.95 44.4619
 65.975 43.6761
 66 42.8693
 66.025 42.0489
 66.05 41.2214
 66.075 40.3925
 66.1 39.5671
 66.125 38.7496
 66.15 37.9433
 66.175 37.1513
 66.2 36.3757
 66.225 35.6182
 66.25 34.8802
 66.275 34.1625
 66.3 33.4655
 66.325 32.7896
 66.35 32.1346
 66.375 31.5003
 66.4 30.8865
 66.425 30.2926
 66.45 29.7181
 66.475 29.1624
 66.5 28.6248
 66.525 28.1046
 66.55 27.6012
 66.575 27.1138
 66.6 26.6418
 66.625 26.1845
 66.65 25.7413
 66.675 25.3115
 66.7 24.8946
 66.725 24.49
 66.75 24.0971
 66.775 23.7154
 66.8 23.3445
 66.825 22.9838
 66.85 22.633
 66.875 22.2916
 66.9 21.9592
 66.925 21.6355
 66.95 21.3201
 66.975 21.0126
 67 20.7129
 67.025 20.4206
 67.05 20.1353
 67.075 19.857
 67.1 19.5853
 67.125 19.32
 67.15 19.0609
 67.175 18.8077
 67.2 18.5604
 67.225 18.3186
 67.25 18.0823
 67.275 17.8512
 67.3 17.6253
 67.325 17.4043
 67.35 17.1881
 67.375 16.9766
 67.4 16.7696
 67.425 16.5671
 67.45 16.3689
 67.475 16.1748
 67.5 15.9848
 67.525 15.7988
 67.55 15.6166
 67.575 15.4381
 67.6 15.2634
 67.625 15.0921
 67.65 14.9244
 67.675 14.76
 67.7 14.5989
 67.725 14.4411
 67.75 14.2863
 67.775 14.1346
 67.8 13.9859
 67.825 13.8401
 67.85 13.6971
 67.875 13.5569
 67.9 13.4194
 67.925 13.2844
 67.95 13.1521
 67.975 13.0222
 68 12.8948
 68.025 12.7698
 68.05 12.6471
 68.075 12.5267
 68.1 12.4085
 68.125 12.2925
 68.15 12.1786
 68.175 12.0667
 68.2 11.9569
 68.225 11.8491
 68.25 11.7433
 68.275 11.6393
 68.3 11.5372
 68.325 11.4369
 68.35 11.3384
 68.375 11.2416
 68.4 11.1465
 68.425 11.0532
 68.45 10.9615
 68.475 10.8714
 68.5 10.7828
 68.525 10.6959
 68.55 10.6104
 68.575 10.5265
 68.6 10.4441
 68.625 10.3631
 68.65 10.2835
 68.675 10.2053
 68.7 10.1285
 68.725 10.0531
 68.75 9.97897
 68.775 9.90618
 68.8 9.83469
 68.825 9.76447
 68.85 9.6955
 68.875 9.62778
 68.9 9.56127
 68.925 9.49596
 68.95 9.43184
 68.975 9.36889
 69 9.30709
 69.025 9.24642
 69.05 9.18687
 69.075 9.12843
 69.1 9.07109
 69.125 9.01481
 69.15 8.9596
 69.175 8.90544
 69.2 8.85231
 69.225 8.80021
 69.25 8.74912
 69.275 8.69902
 69.3 8.6499
 69.325 8.60176
 69.35 8.55458
 69.375 8.50834
 69.4 8.46305
 69.425 8.41868
 69.45 8.37522
 69.475 8.33266
 69.5 8.291
 69.525 8.25022
 69.55 8.21031
 69.575 8.17126
 69.6 8.13306
 69.625 8.0957
 69.65 8.05917
 69.675 8.02346
 69.7 7.98856
 69.725 7.95447
 69.75 7.92116
 69.775 7.88864
 69.8 7.85689
 69.825 7.82591
 69.85 7.79568
 69.875 7.76619
 69.9 7.73745
 69.925 7.70943
 69.95 7.68214
 69.975 7.65555
 70 7.62968
 70.025 7.60449
 70.05 7.57999
 70.075 7.55618
 70.1 7.53303
 70.125 7.51055
 70.15 7.48872
 70.175 7.46754
 70.2 7.44701
 70.225 7.4271
 70.25 7.40782
 70.275 7.38916
 70.3 7.37111
 70.325 7.35366
 70.35 7.33681
 70.375 7.32055
 70.4 7.30488
 70.425 7.28978
 70.45 7.27525
 70.475 7.26128
 70.5 7.24787
 70.525 7.235
 70.55 7.22268
 70.575 7.2109
 70.6 7.19964
 70.625 7.18891
 70.65 7.17869
 70.675 7.16899
 70.7 7.15979
 70.725 7.15109
 70.75 7.14289
 70.775 7.13517
 70.8 7.12794
 70.825 7.12119
 70.85 7.1149
 70.875 7.10908
 70.9 7.10373
 70.925 7.09882
 70.95 7.09437
 70.975 7.09036
 71 7.08679
 71.025 7.08365
 71.05 7.08094
 71.075 7.07865
 71.1 7.07678
 71.125 7.07533
 71.15 7.07428
 71.175 7.07364
 71.2 7.0734
 71.225 7.07355
 71.25 7.07409
 71.275 7.07502
 71.3 7.07633
 71.325 7.07802
 71.35 7.08007
 71.375 7.0825
 71.4 7.08529
 71.425 7.08844
 71.45 7.09195
 71.475 7.09581
 71.5 7.10001
 71.525 7.10456
 71.55 7.10945
 71.575 7.11468
 71.6 7.12023
 71.625 7.12612
 71.65 7.13233
 71.675 7.13887
 71.7 7.14572
 71.725 7.15289
 71.75 7.16036
 71.775 7.16815
 71.8 7.17624
 71.825 7.18463
 71.85 7.19331
 71.875 7.2023
 71.9 7.21157
 71.925 7.22113
 71.95 7.23098
 71.975 7.24112
 72 7.25153
 72.025 7.26222
 72.05 7.27319
 72.075 7.28444
 72.1 7.29595
 72.125 7.30773
 72.15 7.31978
 72.175 7.33208
 72.2 7.34465
 72.225 7.35747
 72.25 7.37055
 72.275 7.38388
 72.3 7.39746
 72.325 7.41129
 72.35 7.42536
 72.375 7.43967
 72.4 7.45423
 72.425 7.46903
 72.45 7.48407
 72.475 7.49935
 72.5 7.51486
 72.525 7.5306
 72.55 7.54658
 72.575 7.56279
 72.6 7.57922
 72.625 7.59588
 72.65 7.61276
 72.675 7.62987
 72.7 7.6472
 72.725 7.66475
 72.75 7.68252
 72.775 7.70051
 72.8 7.71872
 72.825 7.73715
 72.85 7.7558
 72.875 7.77466
 72.9 7.79373
 72.925 7.81301
 72.95 7.8325
 72.975 7.85221
 73 7.87213
 73.025 7.89226
 73.05 7.9126
 73.075 7.93315
 73.1 7.95392
 73.125 7.97489
 73.15 7.99607
 73.175 8.01745
 73.2 8.03905
 73.225 8.06085
 73.25 8.08287
 73.275 8.1051
 73.3 8.12753
 73.325 8.15018
 73.35 8.17304
 73.375 8.19611
 73.4 8.21939
 73.425 8.24288
 73.45 8.26658
 73.475 8.2905
 73.5 8.31464
 73.525 8.33899
 73.55 8.36357
 73.575 8.38836
 73.6 8.41337
 73.625 8.4386
 73.65 8.46405
 73.675 8.48974
 73.7 8.51565
 73.725 8.54179
 73.75 8.56817
 73.775 8.59478
 73.8 8.62162
 73.825 8.6487
 73.85 8.67603
 73.875 8.7036
 73.9 8.73143
 73.925 8.75951
 73.95 8.78784
 73.975 8.81643
 74 8.84528
 74.025 8.8744
 74.05 8.90379
 74.075 8.93346
 74.1 8.96341
 74.125 8.99365
 74.15 9.02418
 74.175 9.055
 74.2 9.08613
 74.225 9.11757
 74.25 9.14932
 74.275 9.1814
 74.3 9.2138
 74.325 9.24653
 74.35 9.27961
 74.375 9.31305
 74.4 9.34684
 74.425 9.38101
 74.45 9.41555
 74.475 9.45047
 74.5 9.48579
 74.525 9.52153
 74.55 9.55768
 74.575 9.59426
 74.6 9.63128
 74.625 9.66876
 74.65 9.70671
 74.675 9.74514
 74.7 9.78407
 74.725 9.8235
 74.75 9.86347
 74.775 9.90398
 74.8 9.94505
 74.825 9.98671
 74.85 10.029
 74.875 10.0718
 74.9 10.1153
 74.925 10.1595
 74.95 10.2044
 74.975 10.25
 75 10.2963
 75.025 10.3434
 75.05 10.3913
 75.075 10.44
 75.1 10.4895
 75.125 10.54
 75.15 10.5914
 75.175 10.6437
 75.2 10.6971
 75.225 10.7515
 75.25 10.807
 75.275 10.8636
 75.3 10.9214
 75.325 10.9805
 75.35 11.0408
 75.375 11.1025
 75.4 11.1657
 75.425 11.2303
 75.45 11.2965
 75.475 11.3644
 75.5 11.4339
 75.525 11.5053
 75.55 11.5785
 75.575 11.6538
 75.6 11.7312
 75.625 11.8108
 75.65 11.8928
 75.675 11.9772
 75.7 12.0643
 75.725 12.1541
 75.75 12.2469
 75.775 12.3428
 75.8 12.4421
 75.825 12.5449
 75.85 12.6514
 75.875 12.762
 75.9 12.8769
 75.925 12.9964
 75.95 13.1208
 75.975 13.2505
 76 13.3858
 76.025 13.5273
 76.05 13.6754
 76.075 13.8307
 76.1 13.9937
 76.125 14.1651
 76.15 14.3457
 76.175 14.5363
 76.2 14.7379
 76.225 14.9514
 76.25 15.1782
 76.275 15.4195
 76.3 15.677
 76.325 15.9524
 76.35 16.2479
 76.375 16.5657
 76.4 16.9088
 76.425 17.2803
 76.45 17.6841
 76.475 18.1246
 76.5 18.6072
 76.525 19.1383
 76.55 19.7254
 76.575 20.3778
 76.6 21.1066
 76.625 21.925
 76.65 22.8495
 76.675 23.8997
 76.7 25.0992
 76.725 26.4761
 76.75 28.0626
 76.775 29.894
 76.8 32.0051
 76.825 34.4221
 76.85 37.1499
 76.875 40.1534
 76.9 43.345
 76.925 46.5914
 76.95 49.7443
 76.975 52.672
 77 55.2823
 77.025 57.5246
 77.05 59.384
 77.075 60.8709
 77.1 62.0098
 77.125 62.8308
 77.15 63.3647
 77.175 63.6405
 77.2 63.6848
 77.225 63.5222
 77.25 63.1751
 77.275 62.6645
 77.3 62.0101
 77.325 61.2303
 77.35 60.3425
 77.375 59.3629
 77.4 58.3067
 77.425 57.1878
 77.45 56.0192
 77.475 54.8127
 77.5 53.5788
 77.525 52.3271
 77.55 51.0664
 77.575 49.8044
 77.6 48.5486
 77.625 47.3064
 77.65 46.0846
 77.675 44.8888
 77.7 43.7237
 77.725 42.5933
 77.75 41.5008
 77.775 40.4484
 77.8 39.4381
 77.825 38.4707
 77.85 37.547
 77.875 36.667
 77.9 35.8301
 77.925 35.0357
 77.95 34.2826
 77.975 33.5692
 78 32.8939
 78.025 32.2547
 78.05 31.6495
 78.075 31.076
 78.1 30.5321
 78.125 30.0155
 78.15 29.5238
 78.175 29.0549
 78.2 28.6067
 78.225 28.1771
 78.25 27.7644
 78.275 27.3668
 78.3 26.9827
 78.325 26.6107
 78.35 26.2494
 78.375 25.8977
 78.4 25.5545
 78.425 25.2189
 78.45 24.8901
 78.475 24.5674
 78.5 24.2501
 78.525 23.9378
 78.55 23.6299
 78.575 23.326
 78.6 23.0259
 78.625 22.7291
 78.65 22.4355
 78.675 22.1449
 78.7 21.857
 78.725 21.5717
 78.75 21.289
 78.775 21.0085
 78.8 20.7304
 78.825 20.4544
 78.85 20.1806
 78.875 19.9089
 78.9 19.6392
 78.925 19.3714
 78.95 19.1056
 78.975 18.8418
 79 18.5798
 79.025 18.3198
 79.05 18.0616
 79.075 17.8052
 79.1 17.5507
 79.125 17.2981
 79.15 17.0473
 79.175 16.7984
 79.2 16.5513
 79.225 16.3061
 79.25 16.0627
 79.275 15.8212
 79.3 15.5816
 79.325 15.3438
 79.35 15.108
 79.375 14.8741
 79.4 14.6421
 79.425 14.412
 79.45 14.1839
 79.475 13.9577
 79.5 13.7335
 79.525 13.5113
 79.55 13.2911
 79.575 13.0729
 79.6 12.8568
 79.625 12.6426
 79.65 12.4305
 79.675 12.2205
 79.7 12.0125
 79.725 11.8066
 79.75 11.6028
 79.775 11.401
 79.8 11.2013
 79.825 11.0038
 79.85 10.8083
 79.875 10.6149
 79.9 10.4236
 79.925 10.2344
 79.95 10.0473
 79.975 9.8623
 80 9.67939
 80.025 9.49856
 80.05 9.31981
 80.075 9.14314
 80.1 8.96853
 80.125 8.79597
 80.15 8.62546
 80.175 8.457
 80.2 8.29056
 80.225 8.12614
 80.25 7.96372
 80.275 7.8033
 80.3 7.64486
 80.325 7.48839
 80.35 7.33387
 80.375 7.1813
 80.4 7.03065
 80.425 6.8819
 80.45 6.73506
 80.475 6.59009
 80.5 6.44699
 80.525 6.30573
 80.55 6.16631
 80.575 6.0287
 80.6 5.89289
 80.625 5.75886
 80.65 5.6266
 80.675 5.49609
 80.7 5.3673
 80.725 5.24023
 80.75 5.11486
 80.775 4.99117
 80.8 4.86914
 80.825 4.74876
 80.85 4.63001
 80.875 4.51287
 80.9 4.39733
 80.925 4.28336
 80.95 4.17095
 80.975 4.0601
 81 3.95076
 81.025 3.84294
 81.05 3.73662
 81.075 3.63177
 81.1 3.52839
 81.125 3.42645
 81.15 3.32595
 81.175 3.22685
 81.2 3.12916
 81.225 3.03284
 81.25 2.93789
 81.275 2.8443
 81.3 2.75203
 81.325 2.66109
 81.35 2.57145
 81.375 2.48309
 81.4 2.39602
 81.425 2.3102
 81.45 2.22562
 81.475 2.14227
 81.5 2.06013
 81.525 1.9792
 81.55 1.89944
 81.575 1.82086
 81.6 1.74343
 81.625 1.66714
 81.65 1.59198
 81.675 1.51794
 81.7 1.44499
 81.725 1.37312
 81.75 1.30233
 81.775 1.23259
 81.8 1.1639
 81.825 1.09624
 81.85 1.0296
 81.875 0.963955
 81.9 0.899305
 81.925 0.835632
 81.95 0.772924
 81.975 0.711167
 82 0.65035
 82.025 0.590459
 82.05 0.531482
 82.075 0.473406
 82.1 0.416219
 82.125 0.359909
 82.15 0.304464
 82.175 0.249872
 82.2 0.196121
 82.225 0.143199
 82.25 0.0910939
 82.275 0.0397954
 82.3 -0.0107087
 82.325 -0.0604297
 82.35 -0.109379
 82.375 -0.157567
 82.4 -0.205005
 82.425 -0.251704
 82.45 -0.297675
 82.475 -0.342929
 82.5 -0.387475
 82.525 -0.431325
 82.55 -0.47449
 82.575 -0.516977
 82.6 -0.5588
 82.625 -0.599966
 82.65 -0.640486
 82.675 -0.680371
 82.7 -0.719628
 82.725 -0.758269
 82.75 -0.796303
 82.775 -0.833738
 82.8 -0.870584
 82.825 -0.906851
 82.85 -0.942546
 82.875 -0.97768
 82.9 -1.01226
 82.925 -1.0463
 82.95 -1.0798
 82.975 -1.11277
 83 -1.14523
 83.025 -1.17717
 83.05 -1.20861
 83.075 -1.23956
 83.1 -1.27002
 83.125 -1.3
 83.15 -1.32951
 83.175 -1.35856
 83.2 -1.38715
 83.225 -1.41529
 83.25 -1.44299
 83.275 -1.47026
 83.3 -1.4971
 83.325 -1.52352
 83.35 -1.54953
 83.375 -1.57514
 83.4 -1.60034
 83.425 -1.62515
 83.45 -1.64958
 83.475 -1.67363
 83.5 -1.6973
 83.525 -1.72061
 83.55 -1.74356
 83.575 -1.76615
 83.6 -1.78839
 83.625 -1.8103
 83.65 -1.83186
 83.675 -1.85309
 83.7 -1.874
 83.725 -1.89459
 83.75 -1.91487
 83.775 -1.93483
 83.8 -1.9545
 83.825 -1.97386
 83.85 -1.99293
 83.875 -2.01172
 83.9 -2.03022
 83.925 -2.04844
 83.95 -2.06639
 83.975 -2.08407
 84 -2.10148
 84.025 -2.11864
 84.05 -2.13554
 84.075 -2.1522
 84.1 -2.1686
 84.125 -2.18477
 84.15 -2.2007
 84.175 -2.2164
 84.2 -2.23186
 84.225 -2.24711
 84.25 -2.26213
 84.275 -2.27694
 84.3 -2.29153
 84.325 -2.30592
 84.35 -2.3201
 84.375 -2.33408
 84.4 -2.34786
 84.425 -2.36145
 84.45 -2.37485
 84.475 -2.38806
 84.5 -2.40109
 84.525 -2.41394
 84.55 -2.42662
 84.575 -2.43912
 84.6 -2.45145
 84.625 -2.46361
 84.65 -2.47561
 84.675 -2.48745
 84.7 -2.49913
 84.725 -2.51066
 84.75 -2.52204
 84.775 -2.53326
 84.8 -2.54435
 84.825 -2.55529
 84.85 -2.56609
 84.875 -2.57675
 84.9 -2.58727
 84.925 -2.59767
 84.95 -2.60794
 84.975 -2.61807
 85 -2.62809
 85.025 -2.63798
 85.05 -2.64775
 85.075 -2.65741
 85.1 -2.66695
 85.125 -2.67638
 85.15 -2.6857
 85.175 -2.69491
 85.2 -2.70401
 85.225 -2.71301
 85.25 -2.72191
 85.275 -2.73071
 85.3 -2.73941
 85.325 -2.74801
 85.35 -2.75653
 85.375 -2.76495
 85.4 -2.77328
 85.425 -2.78152
 85.45 -2.78968
 85.475 -2.79775
 85.5 -2.80575
 85.525 -2.81366
 85.55 -2.82149
 85.575 -2.82924
 85.6 -2.83692
 85.625 -2.84452
 85.65 -2.85206
 85.675 -2.85952
 85.7 -2.86691
 85.725 -2.87423
 85.75 -2.88149
 85.775 -2.88868
 85.8 -2.89581
 85.825 -2.90288
 85.85 -2.90988
 85.875 -2.91683
 85.9 -2.92372
 85.925 -2.93055
 85.95 -2.93733
 85.975 -2.94405
 86 -2.95072
 86.025 -2.95734
 86.05 -2.9639
 86.075 -2.97042
 86.1 -2.97689
 86.125 -2.98331
 86.15 -2.98969
 86.175 -2.99602
 86.2 -3.00231
 86.225 -3.00855
 86.25 -3.01475
 86.275 -3.02091
 86.3 -3.02704
 86.325 -3.03312
 86.35 -3.03916
 86.375 -3.04517
 86.4 -3.05114
 86.425 -3.05708
 86.45 -3.06298
 86.475 -3.06885
 86.5 -3.07468
 86.525 -3.08048
 86.55 -3.08625
 86.575 -3.092
 86.6 -3.09771
 86.625 -3.10339
 86.65 -3.10904
 86.675 -3.11467
 86.7 -3.12027
 86.725 -3.12585
 86.75 -3.1314
 86.775 -3.13692
 86.8 -3.14243
 86.825 -3.14791
 86.85 -3.15336
 86.875 -3.1588
 86.9 -3.16421
 86.925 -3.1696
 86.95 -3.17498
 86.975 -3.18033
 87 -3.18566
 87.025 -3.19098
 87.05 -3.19628
 87.075 -3.20156
 87.1 -3.20683
 87.125 -3.21208
 87.15 -3.21731
 87.175 -3.22253
 87.2 -3.22773
 87.225 -3.23292
 87.25 -3.2381
 87.275 -3.24326
 87.3 -3.24841
 87.325 -3.25355
 87.35 -3.25867
 87.375 -3.26379
 87.4 -3.26889
 87.425 -3.27398
 87.45 -3.27907
 87.475 -3.28414
 87.5 -3.2892
 87.525 -3.29426
 87.55 -3.2993
 87.575 -3.30434
 87.6 -3.30937
 87.625 -3.31439
 87.65 -3.31941
 87.675 -3.32442
 87.7 -3.32942
 87.725 -3.33441
 87.75 -3.3394
 87.775 -3.34438
 87.8 -3.34936
 87.825 -3.35433
 87.85 -3.3593
 87.875 -3.36426
 87.9 -3.36922
 87.925 -3.37418
 87.95 -3.37913
 87.975 -3.38408
 88 -3.38902
 88.025 -3.39396
 88.05 -3.3989
 88.075 -3.40383
 88.1 -3.40877
 88.125 -3.4137
 88.15 -3.41863
 88.175 -3.42355
 88.2 -3.42848
 88.225 -3.4334
 88.25 -3.43832
 88.275 -3.44324
 88.3 -3.44816
 88.325 -3.45308
 88.35 -3.458
 88.375 -3.46292
 88.4 -3.46784
 88.425 -3.47275
 88.45 -3.47767
 88.475 -3.48259
 88.5 -3.48751
 88.525 -3.49243
 88.55 -3.49734
 88.575 -3.50226
 88.6 -3.50718
 88.625 -3.51211
 88.65 -3.51703
 88.675 -3.52195
 88.7 -3.52688
 88.725 -3.5318
 88.75 -3.53673
 88.775 -3.54166
 88.8 -3.54659
 88.825 -3.55152
 88.85 -3.55645
 88.875 -3.56139
 88.9 -3.56633
 88.925 -3.57127
 88.95 -3.57621
 88.975 -3.58115
 89 -3.5861
 89.025 -3.59104
 89.05 -3.59599
 89.075 -3.60095
 89.1 -3.6059
 89.125 -3.61086
 89.15 -3.61582
 89.175 -3.62078
 89.2 -3.62575
 89.225 -3.63071
 89.25 -3.63568
 89.275 -3.64066
 89.3 -3.64563
 89.325 -3.65061
 89.35 -3.65559
 89.375 -3.66058
 89.4 -3.66556
 89.425 -3.67055
 89.45 -3.67554
 89.475 -3.68054
 89.5 -3.68554
 89.525 -3.69054
 89.55 -3.69554
 89.575 -3.70055
 89.6 -3.70556
 89.625 -3.71057
 89.65 -3.71559
 89.675 -3.7206
 89.7 -3.72562
 89.725 -3.73065
 89.75 -3.73568
 89.775 -3.74071
 89.8 -3.74574
 89.825 -3.75077
 89.85 -3.75581
 89.875 -3.76085
 89.9 -3.76589
 89.925 -3.77094
 89.95 -3.77599
 89.975 -3.78104
 90 -3.7861
 90.025 -3.79115
 90.05 -3.79621
 90.075 -3.80128
 90.1 -3.80634
 90.125 -3.81141
 90.15 -3.81648
 90.175 -3.82155
 90.2 -3.82662
 90.225 -3.8317
 90.25 -3.83678
 90.275 -3.84186
 90.3 -3.84695
 90.325 -3.85203
 90.35 -3.85712
 90.375 -3.86221
 90.4 -3.8673
 90.425 -3.8724
 90.45 -3.87749
 90.475 -3.88259
 90.5 -3.88769
 90.525 -3.8928
 90.55 -3.8979
 90.575 -3.90301
 90.6 -3.90812
 90.625 -3.91323
 90.65 -3.91834
 90.675 -3.92345
 90.7 -3.92857
 90.725 -3.93368
 90.75 -3.9388
 90.775 -3.94392
 90.8 -3.94904
 90.825 -3.95416
 90.85 -3.95929
 90.875 -3.96441
 90.9 -3.96954
 90.925 -3.97467
 90.95 -3.9798
 90.975 -3.98493
 91 -3.99006
 91.025 -3.99519
 91.05 -4.00032
 91.075 -4.00546
 91.1 -4.01059
 91.125 -4.01573
 91.15 -4.02086
 91.175 -4.026
 91.2 -4.03114
 91.225 -4.03628
 91.25 -4.04142
 91.275 -4.04656
 91.3 -4.0517
 91.325 -4.05684
 91.35 -4.06198
 91.375 -4.06712
 91.4 -4.07226
 91.425 -4.0774
 91.45 -4.08254
 91.475 -4.08769
 91.5 -4.09283
 91.525 -4.09797
 91.55 -4.10311
 91.575 -4.10826
 91.6 -4.1134
 91.625 -4.11854
 91.65 -4.12368
 91.675 -4.12882
 91.7 -4.13396
 91.725 -4.1391
 91.75 -4.14424
 91.775 -4.14938
 91.8 -4.15452
 91.825 -4.15966
 91.85 -4.1648
 91.875 -4.16994
 91.9 -4.17507
 91.925 -4.18021
 91.95 -4.18534
 91.975 -4.19048
 92 -4.19561
 92.025 -4.20074
 92.05 -4.20588
 92.075 -4.21101
 92.1 -4.21614
 92.125 -4.22126
 92.15 -4.22639
 92.175 -4.23152
 92.2 -4.23664
 92.225 -4.24176
 92.25 -4.24688
 92.275 -4.252
 92.3 -4.25712
 92.325 -4.26224
 92.35 -4.26735
 92.375 -4.27247
 92.4 -4.27758
 92.425 -4.28269
 92.45 -4.2878
 92.475 -4.2929
 92.5 -4.29801
 92.525 -4.30311
 92.55 -4.30821
 92.575 -4.31331
 92.6 -4.3184
 92.625 -4.3235
 92.65 -4.32859
 92.675 -4.33368
 92.7 -4.33877
 92.725 -4.34385
 92.75 -4.34893
 92.775 -4.35401
 92.8 -4.35909
 92.825 -4.36417
 92.85 -4.36924
 92.875 -4.37431
 92.9 -4.37938
 92.925 -4.38444
 92.95 -4.38951
 92.975 -4.39456
 93 -4.39962
 93.025 -4.40468
 93.05 -4.40973
 93.075 -4.41477
 93.1 -4.41982
 93.125 -4.42486
 93.15 -4.4299
 93.175 -4.43494
 93.2 -4.43997
 93.225 -4.445
 93.25 -4.45002
 93.275 -4.45505
 93.3 -4.46007
 93.325 -4.46508
 93.35 -4.4701
 93.375 -4.4751
 93.4 -4.48011
 93.425 -4.48511
 93.45 -4.49011
 93.475 -4.49511
 93.5 -4.5001
 93.525 -4.50509
 93.55 -4.51007
 93.575 -4.51505
 93.6 -4.52003
 93.625 -4.525
 93.65 -4.52997
 93.675 -4.53494
 93.7 -4.5399
 93.725 -4.54485
 93.75 -4.54981
 93.775 -4.55476
 93.8 -4.5597
 93.825 -4.56464
 93.85 -4.56958
 93.875 -4.57451
 93.9 -4.57944
 93.925 -4.58437
 93.95 -4.58929
 93.975 -4.5942
 94 -4.59912
 94.025 -4.60402
 94.05 -4.60893
 94.075 -4.61383
 94.1 -4.61872
 94.125 -4.62361
 94.15 -4.62849
 94.175 -4.63338
 94.2 -4.63825
 94.225 -4.64312
 94.25 -4.64799
 94.275 -4.65285
 94.3 -4.65771
 94.325 -4.66256
 94.35 -4.66741
 94.375 -4.67225
 94.4 -4.67709
 94.425 -4.68192
 94.45 -4.68675
 94.475 -4.69158
 94.5 -4.6964
 94.525 -4.70121
 94.55 -4.70602
 94.575 -4.71082
 94.6 -4.71562
 94.625 -4.72041
 94.65 -4.7252
 94.675 -4.72999
 94.7 -4.73477
 94.725 -4.73954
 94.75 -4.74431
 94.775 -4.74907
 94.8 -4.75383
 94.825 -4.75858
 94.85 -4.76333
 94.875 -4.76807
 94.9 -4.77281
 94.925 -4.77754
 94.95 -4.78226
 94.975 -4.78698
 95 -4.7917
 95.025 -4.79641
 95.05 -4.80111
 95.075 -4.80581
 95.1 -4.81051
 95.125 -4.81519
 95.15 -4.81988
 95.175 -4.82455
 95.2 -4.82922
 95.225 -4.83389
 95.25 -4.83855
 95.275 -4.8432
 95.3 -4.84785
 95.325 -4.8525
 95.35 -4.85713
 95.375 -4.86176
 95.4 -4.86639
 95.425 -4.87101
 95.45 -4.87562
 95.475 -4.88023
 95.5 -4.88484
 95.525 -4.88943
 95.55 -4.89402
 95.575 -4.89861
 95.6 -4.90319
 95.625 -4.90776
 95.65 -4.91233
 95.675 -4.91689
 95.7 -4.92145
 95.725 -4.926
 95.75 -4.93054
 95.775 -4.93508
 95.8 -4.93961
 95.825 -4.94414
 95.85 -4.94866
 95.875 -4.95317
 95.9 -4.95768
 95.925 -4.96218
 95.95 -4.96667
 95.975 -4.97116
 96 -4.97565
 96.025 -4.98013
 96.05 -4.9846
 96.075 -4.98906
 96.1 -4.99352
 96.125 -4.99797
 96.15 -5.00242
 96.175 -5.00686
 96.2 -5.0113
 96.225 -5.01572
 96.25 -5.02015
 96.275 -5.02456
 96.3 -5.02897
 96.325 -5.03337
 96.35 -5.03777
 96.375 -5.04216
 96.4 -5.04655
 96.425 -5.05092
 96.45 -5.05529
 96.475 -5.05966
 96.5 -5.06402
 96.525 -5.06837
 96.55 -5.07272
 96.575 -5.07706
 96.6 -5.08139
 96.625 -5.08572
 96.65 -5.09004
 96.675 -5.09435
 96.7 -5.09866
 96.725 -5.10296
 96.75 -5.10726
 96.775 -5.11155
 96.8 -5.11583
 96.825 -5.12011
 96.85 -5.12438
 96.875 -5.12864
 96.9 -5.1329
 96.925 -5.13715
 96.95 -5.14139
 96.975 -5.14563
 97 -5.14986
 97.025 -5.15409
 97.05 -5.1583
 97.075 -5.16252
 97.1 -5.16672
 97.125 -5.17092
 97.15 -5.17511
 97.175 -5.1793
 97.2 -5.18348
 97.225 -5.18765
 97.25 -5.19182
 97.275 -5.19597
 97.3 -5.20013
 97.325 -5.20427
 97.35 -5.20841
 97.375 -5.21255
 97.4 -5.21668
 97.425 -5.2208
 97.45 -5.22491
 97.475 -5.22902
 97.5 -5.23312
 97.525 -5.23721
 97.55 -5.2413
 97.575 -5.24538
 97.6 -5.24946
 97.625 -5.25352
 97.65 -5.25759
 97.675 -5.26164
 97.7 -5.26569
 97.725 -5.26973
 97.75 -5.27377
 97.775 -5.27779
 97.8 -5.28182
 97.825 -5.28583
 97.85 -5.28984
 97.875 -5.29384
 97.9 -5.29784
 97.925 -5.30183
 97.95 -5.30581
 97.975 -5.30979
 98 -5.31376
 98.025 -5.31772
 98.05 -5.32167
 98.075 -5.32562
 98.1 -5.32957
 98.125 -5.3335
 98.15 -5.33743
 98.175 -5.34136
 98.2 -5.34527
 98.225 -5.34918
 98.25 -5.35309
 98.275 -5.35698
 98.3 -5.36087
 98.325 -5.36476
 98.35 -5.36864
 98.375 -5.37251
 98.4 -5.37637
 98.425 -5.38023
 98.45 -5.38408
 98.475 -5.38792
 98.5 -5.39176
 98.525 -5.39559
 98.55 -5.39942
 98.575 -5.40324
 98.6 -5.40705
 98.625 -5.41085
 98.65 -5.41465
 98.675 -5.41844
 98.7 -5.42223
 98.725 -5.42601
 98.75 -5.42978
 98.775 -5.43355
 98.8 -5.43731
 98.825 -5.44106
 98.85 -5.44481
 98.875 -5.44855
 98.9 -5.45228
 98.925 -5.45601
 98.95 -5.45973
 98.975 -5.46344
 99 -5.46715
 99.025 -5.47085
 99.05 -5.47454
 99.075 -5.47823
 99.1 -5.48191
 99.125 -5.48558
 99.15 -5.48925
 99.175 -5.49291
 99.2 -5.49657
 99.225 -5.50022
 99.25 -5.50386
 99.275 -5.50749
 99.3 -5.51112
 99.325 -5.51475
 99.35 -5.51836
 99.375 -5.52197
 99.4 -5.52558
 99.425 -5.52917
 99.45 -5.53276
 99.475 -5.53635
 99.5 -5.53992
 99.525 -5.5435
 99.55 -5.54706
 99.575 -5.55062
 99.6 -5.55417
 99.625 -5.55772
 99.65 -5.56126
 99.675 -5.56479
 99.7 -5.56831
 99.725 -5.57183
 99.75 -5.57535
 99.775 -5.57886
 99.8 -5.58236
 99.825 -5.58585
 99.85 -5.58934
 99.875 -5.59282
 99.9 -5.5963
 99.925 -5.59977
 99.95 -5.60323
 99.975 -5.60669
 100 -5.61014
